0.2344732 0.002147837 0.4548577 0.1119657 0.60088
0.1176149 0.8014045 0.4105625 0.4067465 0.8793691
0.9737375 0.7492516 0.5607813 0.7318655 0.7111161
0.2570878 0.5252239 0.5858522 0.6301811 0.1705116
0.4413703 0.3965091 0.2448084 0.5827467 0.969113
0.6839029 0.6654593 0.04415484 0.7889114 0.4723517
0.8294665 0.1358936 0.2827139 0.7358817 0.848065
0.3767982 0.8735675 0.2036248 0.7922677 0.2584472
0.967025 0.5063178 0.09983124 0.3057188 0.3018611
0.5390366 0.5823162 0.3820415 0.3846598 0.8780969
0.9056123 0.9481607 0.2047049 0.3957645 0.6357888
0.7886945 0.6066613 0.5123831 0.8638269 0.1645403
0.7739848 0.102896 0.5974211 0.5695084 0.7977088
0.6448051 0.8849264 0.04422571 0.464106 0.3345949
0.6159474 0.9211505 0.9936229 0.2126454 0.380627
0.6879078 0.6374417 0.4534177 0.1762475 0.6468396
0.7966111 0.1195189 0.04256483 0.5668417 0.7933517
0.9740354 0.8955803 0.1103484 0.4430815 0.1136567
0.2787846 0.3895464 0.6095457 0.07949965 0.5812461
0.5954784 0.7522074 0.709335 0.868778 0.6163765
0.9783017 0.4967952 0.2619108 0.7034974 0.767505
0.6933177 0.1598511 0.2928298 0.7684148 0.9102372
0.8666706 0.09456323 0.8201408 0.3069626 0.9765927
0.5224299 0.2306969 0.7414122 0.2275729 0.9018821
0.9049122 0.2818815 0.1120048 0.9329761 0.9020882
0.9805469 0.5673157 0.9920018 0.9288307 0.4900028
0.4328414 0.8396382 0.1163493 0.05697935 0.1429489
0.8375688 0.4098299 0.1693633 0.3333701 0.01901432
0.2074317 0.04379845 0.6741244 0.4965151 0.04780701
0.5783255 0.8989997 0.2362737 0.86487 0.866661
0.6697449 0.6722957 0.9123893 0.4293479 0.9658533
0.2544227 0.974636 0.6951853 0.02191205 0.9846972
0.785617 0.3270339 0.7929664 0.3814313 0.7037265
0.5276278 0.9849497 0.8434797 0.5050843 0.833272
0.8762778 0.7409293 0.66647 0.8511163 0.1822317
0.05432317 0.5509902 0.2737523 0.7773514 0.4452459
0.7057443 0.3417694 0.5642371 0.7680779 0.7816374
0.0810017 0.7990715 0.1088945 0.063569 0.1988963
0.00850282 0.4555268 0.972184 0.2694622 0.8897195
0.1936176 0.8761485 0.3733887 0.8229694 0.384999
0.6529627 0.9699315 0.3844465 0.8578738 0.6351192
0.3958235 0.177817 0.3518133 0.1376384 0.910877
0.04022203 0.2059835 0.9512241 0.1724817 0.8379758
0.8896475 0.5569264 0.563928 0.5158453 0.2735999
0.3551929 0.4890015 0.01011869 0.3544285 0.4404725
0.5160135 0.966232 0.8260544 0.9439473 0.01087615
0.4796124 0.1705234 0.8613944 0.4601675 0.6166793
0.5012348 0.1565135 0.1230106 0.08249129 0.9035226
0.6823269 0.6487248 0.9191518 0.2651428 0.2801142
0.6205022 0.9870083 0.455821 0.6818279 0.8627882
0.8083285 0.514025 0.6172385 0.9102716 0.262691
0.9250567 0.8920628 0.8743825 0.4035309 0.08223205
0.9361901 0.1916625 0.8547306 0.823194 0.3188111
0.8415965 0.757413 0.2890721 0.7785454 0.964651
0.2405192 0.9619197 0.6785961 0.5926923 0.9071389
0.5429756 0.8461019 0.6705971 0.5755211 0.5384114
0.0430693 0.9431447 0.3489979 1 0.801187
0.397796 0.6419211 0.9274826 0.4026172 0.9276596
0.05295085 0.198928 0.9958205 0.6771508 0.675027
0.5428725 0.06520121 0.8704346 0.7761606 0.718061
0.03701157 0.6768656 0.7020693 0.8398248 0.3731086
0.6366986 0.1896595 0.9660479 0.4961246 0.5596243
0.3051211 0.9989729 0.3835661 0.08080229 0.4230529
0.359298 0.3981746 0.5615541 0.4173189 0.5587481
0.05441999 0.03810457 0.2100307 0.7585018 0.954955
0.4613858 0.7120833 0.4965691 0.6727733 0.6006665
0.4181345 0.07001705 0.7825357 0.322455 0.7529707
0.7289717 0.7381502 0.7277561 0.9231259 0.9091464
0.8738986 0.1772927 0.6568211 0.2918405 0.3808063
0.09834066 0.8903095 0.7678248 0.5099582 0.7340225
0.4330563 0.9121668 0.6149156 0.9555117 0.5004214
0.6325035 0.8892837 0.9663369 0.7735899 0.7144166
0.5405877 0 0.03792832 0.7621492 0.5804276
0.619286 0.9672528 0.3380255 0.7408301 0.06812271
0.6033123 0.6817948 0.5233505 0.8004892 0.3882376
0.6227489 0.8534035 0.1622786 0.5905395 0.9762237
0.8223171 0.9150958 0.6801664 0.3032316 0.506392
0.2649742 0.3620079 0.6101266 0.2980022 0.5232945
0.4886852 0.5764557 0.6249736 0.09838623 0.8768111
0.8854504 0.4642294 0.9129815 0.6549786 0.2786155
0.3811677 0.8416893 0.6723764 0.3401369 0.9372386
0.5138361 0.5610624 0.9504358 0.101291 0.9680539
0.2711732 0.8580627 0.1776024 0.9643457 0.6971147
0.7605697 0.4071499 0.724126 0.8452491 0.007788915
0.2999859 0.00739331 0.200688 0.6238778 0.2176696
0.5938714 0.8956047 0.1265999 0.4841923 0.9842547
0.1792726 0.1660407 0.1049495 0.1950681 0.8947206
0.679419 0.3056127 0.7791901 0.3569321 0.4023849
0.4266047 0.1975261 0.2083689 0.08882324 0.4849012
0.9613479 0.2953204 0.3305601 0.2354871 0.31619
0.731482 0.02253448 0.3158001 0.8021022 0.7389189
0.7806286 0.2806259 0.6440867 0.07430776 0.4383628
0.7660864 0.6240512 0.9974864 0.9479623 0.1150556
0.4872486 0.8120168 0.1953518 0.7942006 0.1780326
0.3757904 0.3149818 0.6871022 0.9355552 0.7221089
0.5928747 0.04777856 0.09891224 0.3502729 0.9375238
0.08827382 0.6922517 0.7322418 0.2761405 0.322853
0.5936105 0.8821642 0.9298221 0.2911585 0.6739976
0.06446456 0.9060948 0.08755023 0.5564624 0.8845423
0.6064029 0.8750999 0.2107292 0.707477 0.7040014
0.7375515 0.03974655 0.2065867 0.4417395 0.627539
0.4146553 0.4275634 0.3180992 0.7882624 0.5616307
0.9276299 0.7966787 0.9365646 0.2125014 0.4673336
0.4092615 0.1913465 0.01075781 0.8035299 0.7608647
0.1741723 0.8041474 0.07788507 0.6793102 0.2804393
0.5549811 0.7614914 0.9586693 0.2288712 0.2217111
0.6281898 0.8799146 0.1865265 0.3918662 0.888911
0.5811462 0.3651523 0.2706747 0.05207619 0.1598967
0.9028986 0.343822 0.9245025 0.2264294 0.3884394
0.8431993 0.6636609 0.6301908 0.6744108 0.3754666
0.1091889 0.8562949 0.8682825 0.600922 0.3092859
0.2991519 0.07318057 0.2242338 0.5191116 0.1947
0.4653004 0.8933684 0.9576425 0.05770208 0.5137722
0.8374761 0.5671495 0.9955306 0.4488316 0.2194386
0.5956076 0.6572938 0.2055702 0.9433669 0.740267
0.1321162 0.1734631 0.2779608 0.7407235 0.8376161
0.2221356 0.303844 0.3409292 0.8006831 0.5997438
0.517874 0.9114572 0.4218784 0.5666267 0.8987657
0.6548084 0.4532781 0.778997 0.1655033 0.009006697
0.206337 0.2907027 0.2178597 0.3120515 0.2478556
0.07146189 0.6612681 0.6924572 0.2771097 0.2231283
0.06258552 0.0828473 0.9384141 0.5619738 0.8079818
0.1463082 0.4380346 0.4337291 0.2729897 0.1207359
0.5441292 0.5192848 0.2101188 0.04678821 0.6114935
0.4449005 0.8918262 0.04672951 0.2840234 0.2522431
0.5956735 0.6676566 0.9280053 0.2955708 0.1518013
0.1490397 0.08402065 0.6798171 0.5397025 0.2487726
0.9236429 0.7019106 0.04104469 0.7287046 0.4025233
0.2448183 0.6382465 0.7578647 0.1593348 0.8129874
0.09560723 0.5126904 0.692154 0.3883257 0.1361093
0.3618321 0.08669941 0.7216495 0.7210813 0.9748023
0.4294953 0.05884034 0.5652395 0.4382129 0.1101007
0.1750896 0.8399099 0.05128856 0.2265739 0.004051685
0.03682879 0.7026538 0.4180255 0.0337615 0.7745357
0.5796296 0.4927424 0.131476 0.03377677 0.9806036
0.05631449 0.1540712 0.7447072 0.6627664 0.09937163
0.5812032 0.5488892 0.4995515 0.851096 0.8039876
0.1307873 0.6823806 0.1305168 0.7321234 0.8611208
0.6313053 0.2136069 0.8886307 0.8078999 0.5398659
0.5828103 0.6224234 0.09345781 0.3750581 0.2756513
0.8202124 0.341926 0.088151 0.6160076 0.5772509
0.5743099 0.1022887 0.1973895 0.7567529 0.7006592
0.411518 0.9599127 0.5079876 0.9176956 0.8515478
0.9253997 0.1930817 0.1770321 0.936091 0.6127047
0.3791798 0.7415102 0.8004725 0.286569 0.2358777
0.7306131 0.9154604 0.1774881 0.5673441 0.9982658
0.3724526 0.1717838 0.6591066 0.5995978 0.2041406
0.8048437 0.1748524 0.1099378 0.5876673 0.6662448
0.6217995 0.1701203 0.2582073 0.2047972 0.8111196
0.01220233 0.0007484081 0.6615923 0.1372786 0.2979279
0.04072249 0.09709941 0.06399417 0.34444 0.145094
0.2662737 0.7957554 0.2078315 0.154649 0.7640403
0.9133642 0.5329544 0.1232796 0.8731286 0.1015443
0.3193083 0.756323 0.9475284 0.5213935 0.7299901
0.3090282 0.2919598 0.1686816 0.560301 0.1873619
0.3903428 0.7795066 0.5740509 0.1763393 0.6968144
0.9990702 0.757935 0.4630189 0.9524817 0.396097
0.1144485 0.276459 0.31362 0.2488788 0.5466641
0.4316067 0.7703603 0.2648028 0.3445873 0.7612369
0.5546907 0.8930704 0.1544712 0.3653955 0.961749
0.9844221 0.8917072 0.01672686 0.02381146 0.9820802
0.7519729 0.5280347 0.05838142 0.07041451 0.002697809
0.8140048 0.4417598 0.7474847 0.939479 0.02440871
0.7383216 0.7947674 0.04065106 0.2669728 0.8447236
0.7748692 0.8097783 0.3860548 0.3987735 0.3086233
0.210236 0.7931513 0.7032231 0.4172827 0.2897125
0.01649279 0.6136684 0.9755268 0.8933997 0.01627747
0.9304458 0.7977768 0.3054503 0.3419377 0.7228318
0.008124664 0.6052651 0.2811028 0.1325458 0.009291977
0.7993056 0.8135275 0.8877781 0.5876604 0.1081785
0.3664128 0.7254208 0.04120773 0.563346 0.6377838
0.266607 0.7897572 0.8293003 0.05115577 0.7071249
0.9778732 0.9126778 0.5042526 0.6676433 0.3996608
0.01223003 0.369822 0.8134983 0.7700317 0.1270482
0.3400231 0.8469305 0.3161495 0.2042682 0.8449164
0.4193588 0.3262615 0.3222175 0.6087617 0.2180407
0.5595024 0.4833349 0.1945094 0.8924071 0.1436762
0.6126248 0.6332549 0.5269239 0.8630979 0.9393392
0.02307428 0.4784555 0.2689389 0.2899254 0.04228494
0.6037806 0.2777306 0.1515689 0.3909464 0.5214152
0.5005792 0.6458907 0.7429007 0.5029397 0.2288342
0.3575777 0.6245411 0.5636487 0.1928682 0.6223973
0.8167584 0.6714885 0.0560011 0.6694625 0.4489374
0.8027063 0.9383483 0.2982399 0.7388265 0.3505021
0.06622702 0.1074358 0.0652798 0.2441839 0.9612135
0.1767439 0.2186121 0.348805 0.2410943 0.3010545
0.5647686 0.4217101 0.5400081 0.4050997 0.06057185
0.8733674 0.7490229 0.4938611 0.003388406 0.8867832
0.5240164 0.2349894 0.567992 0.8632829 0.2592102
0.9766931 0.6363795 0.4677455 0.7913164 0.1541491
0.1487375 0.5212989 0.006301611 0.04380341 0.1764952
0.3832495 0.06767056 0.9038818 0.3194461 0.8064009
0.722968 0.1557848 0.2106438 0.592187 0.4750325
0.5748932 0.8502229 0.4668923 0.3381497 0.3652962
0.9468419 0.2795818 0.8130668 0.0459382 0.7634606
0.04671914 0.7692459 0.6277955 0.01181674 0.2387473
0.3343537 0.8081021 0.5310635 0.5275392 0.3731349
0.5337305 0.7281025 0.6492266 0.736174 0.9911952
0.5609303 0.217985 0.6275435 0.606347 0.1287886
0.09705673 0.2382239 0.9796693 0.2784197 0.9768626
0.6106585 0.6604943 0.1449415 0.8279158 0.7818197
0.6581259 0.5561414 0.009941596 0.998217 0.941387
0.679371 0.2273536 0.7703018 0.1834896 0.5970081
0.1803352 0.1633068 0.1662683 0.3663133 0.3829879
0.6610105 0.7286804 0.891507 0.5566604 0.4891526
0.1797542 0.8236885 0.5239076 0.888573 0.6631605
0.6382065 0.7984021 0.820515 0.3754071 0.623389
0.9611376 0.6441014 0.5645392 0.5666477 0.276852
0.3048359 0.9307325 0.3117152 0.5680463 0.9983472
0.2526635 0.9673506 0.646276 0.192102 0.8079258
0.9918621 0.8645389 0.8024825 0.03355426 0.6556463
0.79582 0.05187176 0.9510336 0.03958592 0.3697138
0.8415936 0.6790248 0.8895613 0.4514243 0.2529163
0.2768125 0.5171167 0.9526133 0.05364411 0.9496009
0.1124781 0.6700247 0.7408426 0.4916997 0.709458
0.9211 0.8188853 0.5742631 0.3050845 0.7594562
0.118066 0.7658065 0.5333914 0.4080629 0.5423887
0.6630404 0.7063858 0.6335723 0.5847293 0.2813068
0.04800214 0.8908241 0.05542707 0.1204458 0.8447964
0.5083169 0.562652 0.9255998 0.4247706 0.9429036
0.8785614 0.2412469 0.2442336 0.9317814 0.60936
0.08948802 0.98541 0.4543187 0.8210854 0.05748875
0.2442043 0.2013834 0.0892859 0.9763019 0.3028654
0.528399 0.6384617 0.4318446 0.3564585 0.4412695
0.8274105 0.9158362 0.2008087 0.4875084 0.8186883
0.2836923 0.4852219 0.6213293 0.7855884 0.1383965
0.8849038 0.5864992 0.9835638 0.1057825 0.3731859
0.2451149 0.4985356 0.22829 0.1538581 0.468596
0.3962192 0.8480589 0.2463953 0.6365951 0.02352514
0.2202835 0.4609702 0.676748 0.664066 0.553726
0.0222939 0.08938727 0.7821356 0.09528564 0.02360856
0.7740747 0.1094594 0.6743934 0.9243529 0.7607929
0.6577348 0.7404561 0.03474549 0.9498846 0.9000412
0.8018533 0.2287206 0.4236269 0.05279112 0.6396763
0.6000735 0.257014 0.5488264 0.1159992 0.7708397
0.2431375 0.2497684 0.06798456 0.9163974 0.6382102
0.02993534 0.8563743 0.04885737 0.1148927 0.9425187
0.7580677 0.3494893 0.08170284 0.5821209 0.8460095
0.8368714 0.4516785 0.55931 0.7010435 0.7376969
0.01161021 0.7895627 0.1053425 0.3868281 0.08652253
0.6399289 0.3777398 0.4479168 0.9738916 0.3193967
0.6609499 0.6367536 0.6546033 0.9821658 0.740776
0.1983 0.2593461 0.03383026 0.4367738 0.3203771
0.3111492 0.997133 0.6566747 0.4446832 0.0150367
0.9479881 0.8656284 0.07703248 0.9166978 0.513509
0.649129 0.7124625 0.2745302 0.9050699 0.5015983
0.08897897 0.7208773 0.02761065 0.9275182 0.1586278
0.2281796 0.8919814 0.6301448 0.7900349 0.9410828
0.4723771 0.5673485 0.9929662 0.5083084 0.5006059
0.779403 0.9246224 0.7564635 0.3019147 0.8789037
