0.1034976 0.366543 0.4296085 0.6466031 0.8802237
0.1982104 0.4395 0.9856037 0.4070258 0.773085
0.4425027 0.4987021 0.3572534 0.5669807 0.3957459
0.2699548 0.18526 0.5997265 0.1723815 0.5776976
0.2783408 0.06555357 0.7513436 0.6769064 0.8430789
0.963243 0.7963389 0.8670005 0.7872813 0.02659862
0.5521056 0.7522788 0.6348329 0.1056505 0.8700091
0.9137532 0.05288877 0.3220327 0.9498213 0.5452887
0.001838619 0.2273384 0.2823419 0.243761 0.6264568
0.9586081 0.548266 0.8777229 0.1322965 0.3243575
0.7864457 0.7416434 0.8994883 0.5099034 0.6067851
0.9434417 0.904498 0.8860198 0.6137846 0.5273412
0.163713 0.422991 0.7122644 0.6098007 0.8771178
0.7499698 0.9803989 0.3133515 0.6526957 0.6492214
0.5967611 0.6307495 0.6595088 0.2030272 0.1148518
0.9008401 0.7146914 0.8456674 0.411815 0.2223055
0.374156 0.8167073 0.8786809 0.9694354 0.7222784
0.8012926 0.8950911 0.8664306 0.1004183 0.5596106
0.6924501 0.5537156 0.3080477 0.1449794 0.6295931
0.9658029 0.1371053 0.7723576 0.5172442 0.2300635
0.04950315 0.9991801 0.5550806 0.8038293 0.2691824
0.004425527 0.8746297 0.9048396 0.9380794 0.8363063
0.1728233 0.3578858 0.4269488 0.1303004 0.9886872
0.2735567 0.7499613 0.4284099 0.8689254 0.4935327
0.8154561 0.8052391 0.7212051 0.2375469 0.6824876
0.8258786 0.2216317 0.04528772 0.2868434 0.352686
0.9783614 0.6567974 0.5150903 0.2401038 0.5285392
0.8365247 0.3163009 0.9230244 0.1784778 0.6178625
0.6713953 0.149468 0.3452252 0.09648154 0.4201405
0.5481453 0.6484418 0.9208492 0.6439726 0.8759799
0.9751669 0.110926 0.3542087 0.8044143 0.21853
0.5268152 0.8925958 0.4229418 0.4806798 0.6755651
0.5303868 0.6151061 0.4692265 0.2900219 0.1351612
0.9426928 0.3810969 0.7410145 0.9952325 0.5061481
0.1514239 0.7440979 0.3024365 0.06577859 0.480529
0.4624289 0.01818873 0.8333286 0.2083018 0.07984911
0.677565 0.005586125 0.1101191 0.3144235 0.01723406
0.3975282 0.9952863 0.4871141 0.5995046 0.2937335
0.9604391 0.8010708 0.1091387 0.3185611 0.9868351
0.3759271 0.5476359 0.4310658 0.5504129 0.4290889
0.0800896 0.9224942 0.7764029 0.924828 0.2581273
0.4198306 0.7942506 0.0927825 0.1013662 0.1712219
0.5963498 0.2140464 0.003049125 0.3327575 0.7953983
0.006871565 0.06559407 0.3699513 0.6128753 0.08985816
0.3444212 0.7919858 0.5860175 0.7239067 0.8580481
0.1264904 0.07576531 0.8701876 0.3612473 0.8317459
0.93172 0.1369005 0.6912106 0.8409184 0.1004076
0.4939747 0.1894556 0.4823261 0.8297453 0.8501858
0.9830183 0.6229719 0.8468059 0.5357527 0.6621709
0.387854 0.3116553 0.6379439 0.3848645 0.1302004
0.3448723 0.1721995 0.6466183 0.971807 0.6515719
0.130421 0.5256037 0.9038395 0.6228908 0.1702741
0.1488005 0.05356398 0.6800875 0.6326697 0.8118102
0.2017267 0.2105207 0.15999 0.9623929 0.3423549
0.03923871 0.416209 0.1368872 0.6588058 0.6208031
0.2861793 0.6340899 0.1960159 0.5723317 0.006640874
0.6704759 0.8088993 0.1510194 0.03262744 0.3311345
0.9358626 0.3276644 0.364038 0.2096578 0.1783314
0.8747249 0.9465959 0.3557575 0.5111693 0.8066903
0.2668987 0.6300321 0.5583044 0.100464 0.103143
0.253522 0.7626958 0.1538462 0.6057095 0.5625468
0.983862 0.305608 0.05692721 0.4373044 0.2212538
0.7768238 0.7586852 0.1163123 0.9501541 0.2719328
0.9665147 0.4759072 0.3774663 0.2910896 0.09660421
0.9432724 0.532272 0.06018501 0.1378191 0.2374194
0.9347179 0.3714636 0.218431 0.3206149 0.2248021
0.3498656 0.8507094 0.3703437 0.174923 0.7822415
0.4027521 0.2741124 0.3601036 0.6017524 0.4501108
0.6358973 0.6629055 0.5254213 0.4262703 0.9686553
0.3747895 0.8405448 0.6306637 0.345257 0.7632606
0.1861833 0.6902645 0.7162694 0.1875694 0.8243928
0.9865308 0.8519904 0.845883 0.4758845 0.9700368
0.6130769 0.1710339 0.5117247 0.7882209 0.3625031
0.5228945 0.24242 0.8818916 0.01922467 0.2653528
0.9999178 0.7653572 0.7654408 0.2676133 0.4097281
0.7572648 0.8996331 0.6994834 0.9643288 0.07161078
0.6237371 0.1237082 0.880033 0.4978963 0.6875109
0.1027967 0.7263641 0.8023452 0.6917148 0.5912017
0.9950925 0.5346752 0.9413217 0.1859906 0.7102798
0.7597052 0.6120447 0.4729242 0.2196657 0.923646
0.6223532 0.1390563 0.4823861 0.6582141 0.5499923
0.7673454 0.3007101 0.18438 0.5737907 0.6895291
0.4065408 0.8484549 0.06712992 0.8758405 0.255708
0.2129227 0.01360907 0.6974203 0.8597401 0.8262555
0.9025684 0.9484396 0.7579987 0.6973992 0.7650797
0.8857536 0.5365832 0.5767561 0.1087492 0.5613595
1 0.3550338 0.8755835 0.9977145 0.8573516
0.8223627 0.6973287 0.9843937 0.9348131 0.7922569
0.3320995 0.9272542 0.8145076 0.6171253 0.5586695
0.9912789 0.6646827 0.5539865 0.4372525 0.1502817
0.3555897 0.4287532 0.6670498 0.8904122 0.1283822
0.7693707 0.7867675 0.5065594 0.2780041 0.1593805
0.8674882 0.07778547 0.1459474 0.496147 0.948549
0.6074 0.01231277 0.9924432 0.004894068 0.8738105
0.7334007 0.7502626 0.3571708 0.7107155 0.5588529
0.3404887 0.6612698 0.2527339 0.6104037 0.9228665
0.9285348 0.3592451 0.2840254 0.9107487 0.8773822
0.5540527 0.5859186 0.5497512 0.5945561 0.4625549
0.2242478 0.8920027 0.7769556 0.08721004 0.9704706
0.3488354 0.3668408 0 0.8526606 0.9209962
0.9022029 0.8879592 0.7875601 0.1904653 0.3251406
0.4413303 0.8808767 0.7746035 0.5496699 0.3064436
0.1341764 0.9619323 0.2020671 0.863554 0.8776514
0.6547275 0.3231935 0.9989845 0.4731872 0.2696029
0.9406576 0.8711146 0.5695379 0.7209574 0.1555682
0.5644319 0.4831807 0.3238296 0.9222865 0.2735809
0.0518635 0.4445837 0.3720784 0.4477675 0.7749819
0.4555395 0.8855024 0.02556451 0.2184431 0.2091283
0.2739505 0.8671344 0.5190042 0.465514 0.2678501
0.02658964 0.7468327 0.8068588 0.3154842 0.5854673
0.8713263 0.1163381 0.319215 0.9456256 0.03455443
0.6717332 0.6216664 0.3011991 0.3004104 0.6930348
0.4009404 0.06738711 0.3265396 0.8964849 0.1907936
0.8861425 0.5516268 0.6764486 0.7505599 0.3329409
0.4368449 0.2997191 0.9685291 0.5648219 0.4438276
0.3797223 0.7924828 0.4701966 0.1164063 0.4817212
0.8670091 0.8188816 0.9983003 0.6053694 0.3029506
0.6220929 0.6904644 0.5100093 0.01012301 0.299845
0.7501552 0.5704513 0.3571989 0.005155289 0.2554455
0.7951823 0.4779463 0.1367603 0.323393 0.7406945
0.7819677 0.535517 0.5631565 0.2192241 0.6539034
0.1214469 0.6348371 0.375324 0.07984119 0.6560302
0.5669618 0.5530245 0.2216726 0.655783 0.7739809
0.4126709 0.6908573 0.9495614 0.3947786 0.8549811
0.8844802 0.6298853 0.08381746 0.1991361 0.624204
0.3218142 0.9516828 0.2754776 0.2760888 0.6918617
0.5202333 0.1756815 0.05623291 0.3260305 0.4784909
0.8071147 0.09375238 0.9091198 0.9127566 0.9435844
0.920764 0.8144325 0.05060837 0.2783484 0.6087788
0.4380273 0.6264052 0.6558611 0.6089804 0.9397625
0.8384622 0.9044686 0.8548459 0.7952207 0.6211519
0.2655995 0.4053359 0.5867906 0.767747 0.6637359
0.5070362 0.9072317 0.5315078 0.9501581 0.2270457
0.949916 0.6291541 0.3760581 0.667953 0.696432
0.8706651 0.7813294 0.2098148 0.2302502 0.7455821
0.7021971 0.2415696 0.1254476 0.01248219 0.1769605
0.006941174 0.9667569 0.2458352 0.2353305 0.05157926
0.4149067 0.2545507 0.8716281 0.8680904 0.5312865
0.0167504 0.2498272 0.5750125 0.6883458 0.2366484
0.8589862 0.0550969 0.07560415 0.574423 0.5754688
0.8183655 0.8445179 0.7122772 0.970823 0.6971201
0.5330292 0.9796196 0.7285671 0.2641358 0.8934783
0.3072595 0.5802304 0.388127 0.7793667 0.2890063
0.4125821 0.3600472 0.1097597 0.4267997 0.5367136
0.006137103 0.3476984 0.8778627 0.09730034 0.955415
0.363137 0.8356942 0.09447971 0.8303259 0.5721631
0.03182416 0.8158959 0.3795824 0.4843413 0.3096848
0.9199093 0.3929547 0.7678978 0.0886799 0.4873404
0.530704 0.3153398 0.1991911 0.1453714 0.8673934
0.8327618 0.4143635 0.655042 0.02616109 0.003103742
0.05234699 0.3178304 0.1097484 0.5283598 0.9153694
0.1106501 0.5026037 0.2739182 0.8041125 0.1982503
0.06551662 0.7961169 0.8192942 0.8805969 0.4773585
0.4934501 0.1033268 0.9180252 0.743549 0.3284258
0.4729712 0.04628145 0.0730502 0.1987378 0.07638795
0.2265984 0.3104412 0.2093168 0.6674891 0.03783453
0.05759371 0.9231336 0.8019512 0.138544 0.2454808
0.7799847 0.02050031 0.7752481 0.7746209 0.3774338
0.4566281 0.5555136 0.5661822 0.6260015 0.7750952
0.7639503 0.2668701 0.3938535 0.9070766 0.876076
0.3320571 0.8418575 0.4798737 0.1363922 0.4259422
0.7963457 0.07002685 0.6106028 0.4645974 0.429913
0.3995777 0.3589837 0.7051933 0.668778 0.7093339
0.9210005 0.1101103 0.4165004 0.2197114 0.152708
0.1355636 0.8174198 0.5726243 0.03933615 0.5035745
0.1109661 0.869079 0.6887157 0.4125349 0.6896762
0.9924892 0.01566258 0.4734133 0.557237 0.4235103
0.1780302 0.9038956 0.7727564 0.5346325 0.9521673
0.3050439 0.7701394 0.6884612 0.5857856 0.2068205
0.5212543 0.2467991 0.1539953 0.5166054 0.4994312
0.6267849 0.9393338 0.5618416 0.5920705 0.768297
0.6161612 0.8041581 0.4206186 0.1304845 0.7027876
0.3782323 0.6004446 0.02059041 0.606254 0.8703222
0.4981811 0.1868991 0.2356044 0.4832488 0.6407528
0.8318878 0.2560202 0.3090091 0.4795851 0.820386
0.09843076 0.5743817 0.9823685 0.8910893 0.2354046
0.5356792 0.3817755 0.7503116 0.2872388 0.8244598
0.4219808 0.4905296 0.02149364 0.7141757 0.1814233
0.6520363 0.670506 0.4832368 0.0866869 0.7326107
0.0697326 0.4376575 0.04319753 0.7780177 0.5144319
0.4082145 0.09505953 0.6698994 0.5814348 0.7508508
0.8258354 0.2264401 0.9555164 0.8975452 0.5346957
0.06473738 0.4994852 0.9142617 0.309715 0.903288
0.7304702 0.03367552 0.5665207 0.1293083 0.8582299
0.02768982 0.9722728 0.465395 0.6994689 0.9351476
0.1011597 0.9821632 0.2867606 0.7162005 0.9222641
0.7196358 0.7351947 0.2812198 0.9357479 0.626517
0.1965847 0.1056292 0.7866844 0.1046571 0.4304999
0.003415838 0.5962849 0.5184318 0.8832861 0.08648248
0.8852361 0.9677 0.8249193 0.65838 0.07449233
0.370746 0.7670788 0.8767242 0.1918728 0.4219972
0.2651518 0.8163893 0.6252676 0.07074874 0.07805495
0.9425823 0.7862777 0.2075266 0.8088657 0.06536527
0.9136394 0.2380193 0.6397035 0.4861875 0.6938036
0.7341936 0.1782716 0.4285198 0.4703801 0.1388622
0.9355537 0.5346199 0.6655501 0.1964955 0.9348991
0.9782531 0.8294073 0.1020685 0.7121773 0.8855971
0.4906452 0.01611633 0.7560986 0.07890694 0.1691737
0.1180643 0.0799389 0.6541759 0.5144001 0.03038634
0.5939676 0.6910125 0.8788593 0.01096989 0.3817203
0.8818004 0.8460046 0.6683913 0.08983737 0.01074442
0.3857665 0.3409476 0.1970823 0.6103762 0.6198178
0.7573376 0.3247422 0.3376228 0.3127847 0.711439
0.5954587 0.6102519 0.4360813 0.3939235 0.7364663
0.1511255 0.6774661 0.3984992 0.1029557 0.95698
0.5934247 0.2487242 0.2043624 0.4383465 0.6796098
0.6935475 0.6548564 0.009300143 0.05706615 0.06659454
0.2935559 0.3866707 0.06553848 0.6792696 0.3316668
0.224053 0.8228951 0.6816701 0.2444507 0.1825275
0.7891793 0.9141175 0.7142589 0.748635 0.6773207
0.7826896 0.8181878 0.7679584 0.02748967 0.7336757
0.346331 0.2009393 0.4230049 0.98122 0.5874657
0.04117325 0.7949672 0.993353 0.1966114 0.4828956
0.6806928 0.06204595 0.6825572 0.1139999 0.6285579
0.1114217 0.4722334 0.5249445 0.586761 0.615066
0.9118867 0.8891538 0.6979015 0.4874281 0.2694289
0.007751381 0.4133335 0.7329697 0.6953197 0.3713661
0.5150984 0.3249546 0.6098582 0.6283251 0.8878387
0.7878188 0.7240768 0.2860286 0.41917 0.531314
0.06368483 0.7057852 0.4912476 0.7723292 0.004646332
0.4226185 0.0248304 0.5583849 0.1060745 0.7445416
0.4163337 0.9497166 0.2456734 0.1293464 0.7723213
0.0646882 0.4227812 0.4979691 0.4999676 0.9044701
0.6736725 0.1375463 0.473487 0.4659322 0.582805
0.123824 0.01635429 0.7966727 0.7971027 0.7435432
0.4531132 0.2278786 0.7361419 0.7840953 0.2639193
0.6178572 0.3566583 0.06220272 0.03531802 0.618809
0.5509962 0.7442126 0.9641698 0.01779077 0.3561943
0.3005747 0.4561365 0.7781408 0.5750055 0.05491171
0.1185096 0.6278081 0.172844 0.6892197 0.3397561
0.9269667 0.196747 0.4759533 0.5030267 0.1135064
0.977779 0.04044062 0.5560334 0.9514893 0.02101157
0.4814878 0.0686114 0.4125201 0.2538279 0.8050309
0.3585462 0.574982 0.02918564 0.1939212 0.4451579
0.41176 0.6326531 0.5819837 0.9403844 0.9697613
0.871256 0.9123225 0.3253966 0.2806192 0.2406142
0.6256368 0.5940387 0.5045807 0.2252598 0.3792462
0.848689 0.823298 0.4974901 0.6497058 0.7380395
0.4977878 0.7953065 0.2347408 0.3763812 0.790472
0.7559051 0.3846829 0.1408902 0.4406731 0.6291982
0.7614211 0.4642061 0.3524363 0.2546243 0.5750998
0.1264517 0.2736532 0.07856041 0.9606705 0.4875157
0.4661989 0.04131074 0.9836517 0.3409501 0.7340522
0.316629 0.9752197 0.6508532 0.01414099 0.1790215
0.5763637 0.246468 0.7134404 0.1199614 0.1737634
0.8653021 0.009611103 0.7920982 0.5413654 0.3876656
0.4994473 0.7958824 0.3948576 0.6561885 0.1035919
0.4413968 0.765609 0.4081211 0.5345797 0.5407826
0.7978828 0.9944618 0.009225921 0.7301972 0.6843564
0.8334404 0.6188775 0.1335375 0.7695275 0.175488
