0.1562022 0.3148912 0.04215243 0.1328405 0.7108223
0.1516702 0.6523514 0.1262308 0.4103746 0.7615523
0.4964556 0.1041951 0.2934894 0.211159 0.7357318
0.4926609 0.1746893 0.2379791 0.7629268 0.8970249
0.4623795 0.3543563 0.62101 0.9904433 0.4866975
0.1001922 0.07087836 0.3867252 0.579198 0.3407043
0.02831973 0.5427704 0.4161271 0.2619939 0.9046236
0.9876942 0.5442578 0.5311462 0.7756232 0.04339783
0.2842621 0.6302628 0.4027187 0.8411425 0.7885247
0.133488 0.3677019 0.5088603 0.1199071 0.02371849
0.8851702 0.003905487 0.111938 0.4462489 0.1829458
0.2626962 0.1021803 0.1782939 0.8194516 0.9564346
0.8178008 0.9528318 0.2678561 0.9129688 0
0.4341607 0.2929363 0.6649231 0.5104258 0.4851839
0.5786111 0.1083625 0.9237602 0.9718159 0.872799
0.1264048 0.6153398 0.5390488 0.2440375 0.9637259
0.363003 0.7090333 0.5293701 0.6451601 0.007823554
0.8393359 0.9109014 0.9668693 0.05969039 0.6952594
0.1133086 0.982979 0.636234 0.3728681 0.13743
0.03719872 0.7648893 0.3613274 0.1630479 0.1432336
0.4770515 0.5315628 0.9951032 0.6074187 0.9931569
0.836013 0.104854 0.3687506 0.8110953 0.07789542
0.4773651 0.6304659 0.376079 0.2959103 0.2991243
0.5948771 0.7313685 0.1468249 0.4838871 0.2737883
0.4216502 0.4399159 0.835137 0.5804522 0.3638997
0.8242297 0.8905509 0.4068734 0.4294453 0.1037598
0.9740731 0.5552704 0.1798956 0.134051 0.3315555
0.3321187 0.7702137 0.3248568 0.5951295 0.39846
0.2284462 0.532026 0.3381858 0.1650316 0.280248
0.2562594 0.04920922 0.2755614 0.7735608 0.09416213
0.5937029 0.1953687 0.8438595 0.8227601 0.2725266
0.2018035 0.6451678 0.60843 0.2484964 0.07335194
0.8346204 0.4811134 0.7848532 0.4210557 0.3425964
0.9396812 0.8127069 0.1482293 0.8334878 0.4182911
0.7220577 0.5716796 0.1331099 0.4149606 0.7634118
0.2294845 0.2748076 0.8467645 0.4629936 0.1110182
0.1410158 0.8515794 0.5901095 0.2372356 0.6948283
0.8916526 0.8889148 0.4213426 0.9594856 0.5080018
0.3699247 0.683549 0.6946323 0.865822 0.6540151
0.7427939 0.3403427 0.05127807 0.5136542 0.3719933
0.7009562 0.1914628 0.8129611 0.9510111 0.2895322
0.004354113 0.650112 0.4241593 0.4019335 0.8323451
0.9265193 0.3341686 0.9562475 0.1001649 0.7989113
0.04730316 0.2365416 0.03319332 0.6518308 0.4632119
0.8605685 0.04726911 0.8824347 0.6850547 0.5421385
0.08322623 0.5875192 0.2194394 0.2965237 0.7785871
0.4882213 0.4895684 0.9506517 0.5245337 0.6013069
0.2089672 0.6219408 0.1788996 0.6157928 0.6312121
0.3674873 0.802792 0.7442968 0.8283652 0.8476261
0.02930985 0.2051608 0.3183916 0.007273179 0.721588
0.07062798 0.2227844 0.4887493 0.822905 0.5723622
0.4218515 0.4988814 0.7269731 0.6945997 0.4721264
0.9421243 0.2584775 0.2158953 0.9946538 0.8972091
0.9055952 0.6925931 0.03024724 0.3164618 0.2474169
0.1485482 0.6666021 0.2896457 0.9927766 0.6876618
0.6197885 0.9145436 0.5922486 0.8294601 0.3012157
0.818206 0.8376929 0.7899678 0.1539287 0.7483949
0.7539279 0.5652628 0.4307037 0.04776913 0.008859152
0.5885174 0.8500668 0.03446712 0.3995063 0.449383
0.8616825 0.2082256 0.8836243 0.02615903 0.2705205
0.152373 0.5003751 0.9672769 0.4485108 0.7562988
0.9658046 0.3524631 0.8749857 0.333346 0.01080747
0.7707689 0.6672306 0.516857 0.4981407 0.5544045
0.8929467 0.4317732 0.4762396 0.7096946 0.2034528
0.2504413 0.442059 0.5258314 0.5418213 0.2475002
0.9948323 0.6277482 0.1676549 0.6310153 0.280309
0.09555407 0.5716149 0.01168879 0.7580838 0.9641453
0.8653159 0.3681722 0.4482226 0.2976005 0.4996168
0.7070083 0.9847065 0.4577702 0.8371349 0.7653081
0.6525792 0.4716947 0.1264117 0.4468269 0.7625901
0.7938426 0.0334486 0.6947685 0.1659255 0.6067416
0.09841598 0.1205519 0.2935774 0.141728 0.7208466
0.0004733058 0.7344904 0.5133246 0.4563584 0.5592503
0.8666021 0.66996 0.2451953 0.7234889 0.2566719
0.5661222 0.05941387 0.1668189 0.8206211 0.6777335
0.3132756 0.8416865 0.4634042 0.9663373 0.3109892
0.08564153 0.1575548 0.07936404 0.3524493 0.7352728
0.7515793 0.07871198 0.8110844 0.2736135 0.3751919
0.5603626 0.9210261 0.1212481 0.8235629 0.8071796
0.08871549 0.6660904 0.3859935 0.8009313 0.9676675
0.2322694 0.7599702 0.158664 0.7136677 0.4155177
0.3219889 0.360174 0.8138313 0.5676214 0.2192145
0.6979595 0.5589457 0.6936671 0.4431226 0.8725708
0.5689997 0.3920725 0.6937909 0.1393172 0.2128714
0.242089 0.7489691 0.454766 0.3708477 0.5432975
0.843083 0.8923538 0.04285702 0.4967935 0.8753544
0.4678136 0.9295858 0.03510104 0.6586014 0.1866177
0.4215789 0.05915159 0.9384399 0.1984328 0.9085707
0.4024873 0.8206402 0.06592406 0.6640098 0.7588748
0.3892289 0.5439171 0.4823144 0.1034358 0.9754001
0.6857142 0.6239186 0.6067088 0.9556987 0.7553614
0.7525753 0.2284734 0.03066081 0.4652441 0.2066021
0.5914713 0.2375314 0.319259 0.3202603 0.8380948
0.2234496 0.7379901 0.9072499 0.8260825 0.7149135
0.8763858 0.7889424 0.003604026 0.9864864 0.7526792
0.7576158 0.0695204 0.5038482 0.8570048 0.453858
0.295752 0.07378048 0.7039212 0.8922998 0.8523967
0.8655801 0.9547913 0.3079015 0.8183016 0.8426381
0.8730731 0.07889047 0.1624982 0.08366247 0.7424273
0.975788 0.7224593 0.06580979 0.5900398 0.5900293
0.5815836 0.2028933 0.7524661 0.7903803 0.7329747
0.5891868 0.0004695913 0.7467812 0.05629723 0.1473154
0.231412 0.09571521 0.2901056 0.04753802 0.7771984
0.7251247 0.09831388 0.7517047 0.138328 0.3117476
0.07895512 0.8940422 0.5443944 0.1923382 0.5954206
0.1681031 0.3678409 0.1185807 0.1949667 0.3684338
0.3263957 0.8353029 0.9372282 0.778954 0.4345281
0.4030178 0.4904511 0.9313519 0.2087056 0.2524531
0.98176 0.125371 0.7443231 0.5074625 0.001649763
0.8301472 0.5379274 0.8082475 0.9458657 0.3676264
0.09628137 0.7865406 0.6929236 0.851315 0.1613329
0.5368034 0.05599164 0.9696609 0.593782 0.5348398
0.393388 0.1377492 0.9905087 0.5139372 0.7358976
0.793947 0.4319087 0.3670232 0.03041229 0.8880804
0.8319839 0.5247074 0.5540106 0.3133608 0.2424151
0.02203251 0.0224703 0.5760309 0.5840811 0.1244527
0.5262741 0.7377012 0.6682591 0.0975335 0.4659181
0.1575699 0.6556173 0.5314442 0.4216815 0.2306552
0.7358236 0.5894813 0.5864957 0.8006803 0.1845917
0.2246248 0.9939454 0.4812174 0.7022065 0.380168
0.1351866 0.885762 0.5716385 0.7016235 0.03712019
0.6498408 0.2555948 0.03240447 0.8603866 0.5069647
0.7765811 0.2469557 0.6579413 0.09092333 0.05728578
0.6783645 0.8472156 0.4461464 0.7817699 0.3404481
0.8120178 0.2985946 0.7669846 0.8431572 0.1418744
0.4146981 0.7371842 0.2966623 0.5532597 0.343791
0.5270589 0.2558517 0.3865507 0.4180624 0.7512789
0.382415 0.1422123 0.7879851 0.1830878 0.4584208
0.220722 0.8152456 0.9750131 0.8389219 0.8533962
0.553108 0.3347263 0.7890503 0.6799475 0.1149985
0.4224698 0.6084862 0.7333123 0.1321671 0.4817412
0.2428992 0.8958889 0.750457 0.5802666 0.5190038
0.1668448 0.5540179 0.6963764 0.4810231 0.4506426
0.1408091 0.5414386 0.3866097 0.6802233 0.2814688
0.6287487 0.9880209 0.4394636 0.5039146 0.4442446
0.3172952 0.3774062 0.579795 0.765313 0.8060087
0.2660787 0.5179664 0.1936344 0.5586588 0.7793083
0.3898792 0.1387288 0.7030932 0.1461205 0.8196193
0.9622451 0.0741814 0.9437261 0.6321677 0.1278566
0.6401798 0.9437763 0.2267186 0.6909272 0.6628601
0.8402618 0.6101457 0.973086 0.3081523 0.624384
0.3029133 0.7473839 0.4093014 0.4787359 0.9880772
0.3232377 0.0639367 0.510493 0.4590473 0.9347476
0.4348104 0.7819235 0.6755513 0.4262616 0.6632925
0.7984789 0.08463749 0.3285712 0.3250279 0.2780971
0.6372492 0.8052782 0.642722 0.7902169 0.8350105
0.9624363 0.4181535 0.06970467 0.08360353 0.1054634
0.8129456 0.5783306 0.1871837 0.8561437 0.3379102
0.1351678 0.2580887 0.4680642 0.2684215 0.2562591
0.793504 0.6903642 0.8456956 0.07095028 0.9596902
0.1846974 0.772082 0.7268745 0.4797306 0.5001078
0.6775555 0.2932597 0.5847362 0.1310761 0.5507714
0.7998058 0.3327924 0.0874967 0.5047688 0.1385405
0.6138535 0.2487078 0.3317229 0.04226345 0.2423421
0.3374298 0.1982735 0.8561799 0.02559836 0.957618
0.06836161 0.4724049 0.911358 0.7527273 0.4657256
0.9946703 0.7787777 0.08939108 0.8271722 0.5830961
0.3370592 1 0.9315346 0.3400195 0.2739481
0.1897329 0.1786316 0.8746611 0.5592426 0.663282
0.04689409 0.09771334 0.7033705 0.9745388 0.918854
0.7276257 0.4188888 0.5651583 0.04188113 0.543897
0.06038514 0.5507949 0.5643991 0.6893977 0.383754
0.5231657 0.4352615 0.1075242 0.6952754 0.6070835
0.3425161 0.8309882 0.2816865 0.2618811 0.7620707
0.3718294 0.3565354 0.6392472 0.7918874 0.2916655
0.2084118 0.6958326 0.6395488 0.9577504 0.002566213
0.8945037 0.7842291 0.5797625 0.7652843 0.764065
0.5489637 0.3925629 0.1225856 0.7076875 0.3439749
0.6934297 0.2517776 0.9149875 0.8260589 0.1408148
0.5738608 0.4095985 0.3417359 0.6757385 0.5673043
0.9645884 0.132118 0.8492897 0.8715179 0.1915302
0.8496023 0.8150429 0.05321981 0.6146368 0.2517024
0.8619463 0.1275861 0.513257 0.8693622 0.1860718
0.9382407 0.413977 0.07998541 0.2252574 0.8767229
0.7086951 0.5989438 0.5328974 0.6607514 0.8293753
0.3647143 0.740139 0.3196787 0.4514147 0.9918621
0.5719501 0.6094935 0.2222588 0.1349097 0.7093734
0.4673612 0.7880392 0.7308346 0.9590098 0.3071834
0.9821698 0.5941134 0.2441554 0.5702235 0.9656877
0.3920209 0.4292974 0.8898938 0.5537925 0.2556953
0.6333041 0.7951191 0.03688093 0.01399725 0.9823596
0.8138921 0.7278018 0.3025657 0.8398032 0.43845
0.495992 0.151099 0.2840605 0.8415439 0.09335307
0.102166 0.941147 0.9510318 0.479109 0.4865098
0.7682971 0.8844787 0.637261 0.5839515 0.9017255
0.02430832 0.8442381 0.1645249 0.6612816 0.7428842
0.1943163 0.1235855 0.8037196 0.9458322 0.7577291
0.4941264 0.501489 0.7723127 0.5372646 0.7683898
0.3389128 0.1471263 0.8041854 0.8514307 0.8875422
0.8594167 0.08447546 0.7140829 0.3732123 0.2743135
0.7513341 0.8991226 0.004932321 0.7553065 0.008832726
0.8394339 0.2721545 0.5632037 0.3391754 0.05916699
0.3524166 0.7872687 0.9071534 0.3508089 0.00427959
0.7481385 0.5748422 0.8072663 0.2724315 0.2991673
0.9725898 0.1352775 0.3876845 0.03759716 0.9861764
0.6254236 0.3432019 0.9001606 0.1085453 0.5427153
0.5223172 0.6254446 0.9512822 0.9361301 0.840833
0.2531143 0.3659817 0.893991 0.006454478 0.9716953
0.1235689 0.2117965 0.1040543 0.4509272 0.5666748
0.7811649 0.83457 0.2634559 0.9286488 0.8858089
0.6683553 0.9337637 0.991291 0.6553168 0.05532059
0.7698081 0.2768438 0.2935433 0.6524554 0.6648742
0.139637 0.1132533 0.5346048 0.4625585 0.2566182
0.3134633 0.6729529 0.296183 0.8825192 0.3984628
0.1511986 0.7958245 0.1144988 0.5610457 0.5974456
0.121259 0.8683241 0.9750948 0.6616851 0.2397168
0.2472137 0.6456449 0.7283807 0.959398 0.9657818
0.8186626 0.4431526 0.7985177 0.5065436 0.9989707
0.5945126 0.008517624 0.1600529 0.9712067 0.290175
0.3205277 0.1876273 0.1454324 0.8159679 0.9782024
0.4977787 0.7840256 0.7100927 0.4539029 0.3768029
0.9862551 0.4462136 0.2268449 0.4666398 0.7601964
0.8733499 0.6209519 0.3429416 0.5440253 0.7822851
0.1401868 0.05410009 0.3500781 0.307704 0.09681328
0.1432593 0.1788131 0.4610708 0.9711871 0.4074959
0.1472548 0.4503643 0.4731098 0.02920761 0.6288596
0.9220438 0.8356109 0.5185168 0.3235104 0.2770822
0.2248604 0.8473342 0.6944994 0.03709302 0.6584119
0.1047157 0.6871066 0.8534334 0.3562878 0.5405309
0.648949 0.4118076 0.1975163 0.5225698 0.4175798
0.08288139 0.1780841 0.4463302 0.5874476 0.6220353
0.4699354 0.893327 0.4480718 0.8661849 0.7129941
0.1359106 0.5756303 0.7196391 0.5736736 0.1001882
0.207337 0.5121691 0.8212671 0.436206 0.7629429
0.3621356 0.2507883 0.2624077 0.8701101 0.8709133
0.01120723 0.901833 0.07130016 0.1457746 0.03441067
0.9589988 0.04690501 0.03136555 0.7853719 0.5540993
0.4383219 0.5311947 0.01543056 0.9533197 0.08678936
0.9432345 0.8101224 0.04996874 0.1966552 0.5250981
0.5798199 0.821394 0.07749261 0.7307468 0.07299347
0.06552067 0.4071594 0.9124927 0.4078562 0.6318255
0.3419938 0.6456405 0.05758794 0.02085171 0.0706404
0.591756 0.1699151 0.7567925 0.3638461 0.9052151
0.7071466 0.1390738 0.5022421 0.4392232 0.8002032
0.0334512 0.8577603 0.1741356 0.504211 0.5860569
0.3240077 0.9634485 0.3093663 0.685043 0.4810649
0.1203877 0.6142324 0.6219189 0.7564484 0.1423579
0.8614436 0.2021262 0.9490025 0.08550488 0.08817262
0.2126238 0.1610053 0.2416061 0.1193614 0.4430722
0.01957394 0.2118729 0.4126289 0.5945048 0.9507744
0.6757777 0.3458913 0.2823778 0.9173587 0.4574873
0.9544359 0.7494239 0.5585598 0.6051958 0.5323133
0.2434694 0.696638 0.4603306 0.1279398 0.4401031
0.003909475 0.9138227 0.8698764 0.6230837 0.2161864
0.6052348 0.01705012 0.1161176 0.2287307 0.1067416
0.1749866 0.009492092 0.2206367 0.5944032 0.3113472
0.8315275 0.9190666 0.6672571 0.2041097 0.3457942
0.8935356 0.7415796 0.4582353 0.4325623 0.9838623
0.4664046 0.830387 0.7024726 0.778788 0.773487
0.9194315 0.09897197 0.6713794 0.05313722 0.7574448
