0.7937451 0.2141044 0.210806 0.2639119 0.162904
0.05789337 0.3554675 0.5300755 0.319311 0.3633275
0.5276492 0.9853652 0.9738534 0.2717718 0.2445769
0.7257742 0.5420084 0.05702871 0.6549927 0.5861483
0.6635384 0.8165082 0.1647894 0.4382024 0.1464603
0.5382937 0.3547989 0.4176546 0.2829484 0.2488206
0.157569 0.7374791 0.5149179 0.9743872 0.814079
0.2370278 0.07149511 0.4673169 0.5132848 0.1543347
0.1217278 0.00834798 0.07877901 0.193905 0.3013655
0.1084385 0.8206466 0.9558446 0.7003016 0.09774814
0.9341661 0.8540333 0.8271613 0.9658907 0.4589405
0.04567169 0.03163149 0.6087148 0.3707435 0.1776589
0.8527144 0.8505928 0.7950379 0.9146404 0.8613093
0.159445 0.3742938 0.968033 0.1525756 0.2570004
0.1062894 0.7815632 0.9006889 0.9016666 0.5302117
0.5318588 0.5601888 0.9813089 0.5598879 0.8885535
0.724474 0.881006 0.7357633 0.6928646 0.6690955
0.3600385 0.1797063 0.7945952 0.4755095 0.8291949
0.4466205 0.3432361 0.4854616 0.5933907 0.3190247
0.83338 0.0654257 0.6384242 0.08201723 0.6430561
0.2856273 0.3593718 0.1202121 0.9744491 0.04870672
0.2121205 0.5619787 0.7217696 0.986906 0.975286
0.4551729 0.4843408 0.1674376 0.8486523 0.5722722
0.3302057 0.3890052 0.9262097 0.8621256 0.0957426
0.2805522 0.4509279 0.6626917 0.2804268 0.3906116
0.9913069 0.07664154 0.4191942 0.08233851 0.6675071
0.5474565 0.3433633 0.2825487 0.417584 0.3636468
0.7595912 0.7254427 0.6579549 0.3431669 0.8756865
0.1297105 0.3698425 0.6610473 0.6639249 0.5934321
0.7224488 0.06828304 0.1151825 0.5090479 0.9168996
0.5913515 0.01881634 0.4354601 0.09671158 0.7087403
0.3402575 0.7476338 0.003225322 0.1117385 0.04681181
0.3264223 0.2834316 0.2189903 0.2757382 0.3605188
0.9854866 0.01413291 0.1024301 0.7009356 0.767
0.2571345 0.3244786 0.3202734 0.1161958 0.9108197
0.306549 0.2313362 0.9668766 0.5625351 0.7461415
0.419574 0.43189 0.24514 0.5192821 0.2758233
0.2244387 0.883539 0.3596919 0.9301366 0.09738536
0.07548889 0.4166634 0.4671255 0.04226343 0.1924049
0.4842968 0.5997143 0.789027 0.5036041 0.7231287
0.7043146 0.09785583 0.612468 0.7789647 0.8221669
0.2507058 0.3060255 0.626259 0.2673402 0.4443089
0.596288 0.5455402 0.5402109 0.858747 0.1981339
0.6669308 0.4307513 0.5137066 0.9420742 0.5458789
0.1671482 0.3436829 0.7333562 0.8189976 0.3006779
0.5891731 0.23149 0.3913066 0.993686 0.1288076
0.8421966 0.7698109 0.3525186 0.2202976 0.3186202
0.6415728 0.5444046 0.352171 0.476874 0.720601
0.07608329 0.8470334 0.6583062 0.037795 0.7482167
0.8835075 0.2949884 0.8961358 0.4988276 0.7696608
0.09873617 0.9408029 0.7337449 0.8248047 0.248543
0.6671973 0.47864 0.2869619 0.09481924 0.0173987
0.7477456 0.6888419 0.9812676 0.2034298 0.5416799
0.1093286 0.3445544 0.7098336 0.5502082 0.6091502
0.7286371 0.2411128 0.05781979 0.3659261 0.08671374
0.1284844 0.8099124 0.02102095 0.0290079 0.2023404
0.5740854 0.8555278 0.7848949 0.6770386 0.897048
0.969671 0.6794439 0.1219287 0.1136541 0.3742157
0.1904327 0.5034867 0.3846312 0.4920703 0.7812927
0.1822186 0.596925 0.1770858 0.2243482 0.1485429
0.5528475 0.2985423 0.4655639 0.9053029 0.6183375
0.09130143 0.5369038 0.2267392 0.6160331 0.1996226
0.04092599 0.4612239 0.08739536 0.1466421 0.06530176
0.1811637 0.2178291 0.5306874 0.6044058 0.2627291
0.04024037 0.8191874 0.1272156 0.125421 0.7733322
0.3561837 0.7366476 0.7080352 0.2314756 0.6526083
0.2820924 0.9855689 0.0533242 0.5989591 0.8827849
0.9125524 0.8639817 0.7536991 0.0390425 0.9807277
0.1266585 0.5042326 0.2209984 0.6354539 0.47932
0.655123 0.8678448 0.5752444 0.1349386 0.01280202
0.9312804 0.480078 0.9190681 0.9500482 0.7354553
0.8997912 0.004948227 0.06582066 0.607849 0.9868424
0.9791 0.05874776 0.1607815 0.8116601 0.5855019
0.06208505 0.2389597 0.6763749 0.4171072 0.3385587
0.2105213 0.4194844 0.8951306 0.6046621 0.4317991
0.5925148 0.780795 0.8363935 0.4787547 0.671525
0.2137899 0 0.9599023 0.3125424 0.4579966
0.2418423 0.2651006 0.7979313 0.976643 0.5344609
0.03379448 0.02944707 0.5222254 0.5805758 0.218586
0.04056076 0.4035118 0.731055 0.3473132 0.7869289
0.4770444 0.6710067 0.2872495 0.007379068 0.8336238
0.9930789 0.5088455 0.2666505 0.5413447 0.9917465
0.2556296 0.546604 0.5676801 0.170609 0.5917758
0.7431842 0.6063889 0.8538893 0.8604279 0.0238543
0.8389564 0.3550918 0.9840209 0.2033261 0.6704314
0.03860914 0.2149367 0.7624067 0.2824685 0.7814758
0.2006433 0.3886584 0.8624726 0.5810682 0.7208473
0.5881499 0.6385999 0.1856231 0.09726372 0.5893335
0.2319002 0.3854376 0.008225057 0.0552393 0.5480148
0.8388993 0.682519 0.6669033 0.226167 0.8633321
0.6553374 0.7259552 0.9718698 0.8385339 0.4453578
0.6491076 0.6511001 0.4853933 0.5189101 0.7463697
0.5915508 0.3549341 0.9633852 0.8120881 0.2541605
0.8353296 0.4192071 0.4961738 0.6060722 0.07424592
0.5566814 0.3003468 0.06810422 0.01555451 0.3090176
0.9382849 0.7568795 0.9409715 0.0218577 0.764691
0.1593519 0.3554916 0.1924251 0.04564109 0.316817
0.1428742 0.4488527 0.5914588 0.7902538 0.1889949
0.7560918 0.615762 0.6122223 0.2243666 0.8893962
0.4421645 0.5489207 0.2360161 0.2167754 0.06722759
0.002656332 0.6600132 0.2293627 0.008359443 0.5480563
0.5822468 0.8481975 0.4393911 0.1155563 0.8768022
0.1683849 0.8862044 0.9512286 0.8014132 0.5456042
0.5429498 0.2987952 0.4230131 0.09049881 0.7104864
0.1956904 0.9742205 0.9979466 0.2659351 0.5763953
0.7706776 0.3104739 0.6818881 0.3501415 0.5171079
0.5025134 0.8408953 0.03824122 0.4427686 0.4460712
0.0154972 0.2858143 0.2314494 0.2776478 0.5643562
0.100842 0.1152182 0.9106278 0.5814778 0.9429297
0.726596 0.2825315 0.7572223 0.6557772 0.3385661
0.5987692 0.4486613 0.7023426 0.5994523 0.1217876
0.04165308 0.6405459 0.03968256 0.3472098 0.9343508
0.8708254 0.6243724 0.1465046 0.9646402 0.7704827
0.5388326 0.90078 0.3610669 0.7845052 0.8490168
0.2188504 0.6733699 0.05562997 0.9831183 0.5607686
0.8420339 0.1341323 0.5418689 0.4957391 0.2661604
0.07548199 0.05225576 0.4626337 0.3841387 0.665228
0.2060036 0.5964576 0.2924127 0.8535674 0.0223703
0.8962643 0.8685732 0.4502602 0.3930133 0.8823252
0.318592 0.3466352 0.3437369 0.1180796 0.5583499
0.05435644 0.8341196 0.5542437 0.7495815 0.1943227
0.8323754 0.9463188 0.2128947 0.1165828 0.5609929
0.01041698 0.1622084 0.4408821 0.8346589 0.474426
0.1125626 0.0248983 0.7048858 0.9169969 0.2807988
0.004074575 0.3810268 0.9643227 0.08173371 0.1737539
0.3415359 0.3695762 0.2971266 0.5369334 0.8014018
0.5410571 0.2945825 0.9751865 0.5697743 0.2501092
0.3996688 0.4115061 0.4017173 0.8104862 0.6850792
0.7921183 0.04611386 0.4619996 0.9962002 0.5744905
0.6533523 0.397794 0.7603787 0.02784888 0.2504633
0.6843171 0.235642 0.7829198 0.86849 0.8767993
0.6488652 0.4854508 0.1570949 0.7043329 0.7142184
0.2078748 0.7855726 0.7084972 0.1361942 0.3377369
0.681135 0.1647252 0.9629393 0.6308506 0.1480686
0.8980231 0.1523948 0.3101926 0.5272821 0.9920771
0.1107366 0.552189 0.1165654 0.9921388 0.1958808
0.006494439 0.6006976 0.7112923 0.8603669 0.5348089
0.3087768 0.2091301 0.6013954 0.808633 0.04784857
0.007117136 0.5398058 0.6172045 0.0113331 0.1012466
0.9696404 0.1897816 0.7098113 0.3096721 0.3730321
0.5170038 0.3149761 0.5821938 0.2993373 0.798038
0.2198731 0.5043195 0.8900125 0.9142004 0.381581
0.8674099 0.9666649 0.9085544 0.0003236175 0.9998884
0.3741427 0.2195038 0.5700026 0.6724745 0.3348753
0.2772784 0.2549547 0.2111223 0.475973 0.9279149
0.6160511 0.9751636 0.8779093 0.5584987 0.1681696
0.3613397 0.7931963 0.6793607 0.9080035 0.4065723
0.2475771 0.04744715 0.9583127 0.2217779 0.1309202
0.6716714 0.7846254 0.1678198 0.7707245 0.6750659
0.8962216 0.947844 0.4419637 0.3487462 0.108633
0.6079086 0.8336197 0.4027333 0.8149149 0.2834301
0.240416 0.05029994 0.8217583 0.8156277 0.005380071
0.1422961 0.9957918 0.02247011 0.1046568 0.589924
0.9090184 0.323009 0.2628331 0.02581758 0.4807666
0.06741596 0.8621157 0.3827575 0.5969962 0.9910731
0.09134705 0.641446 0.9270865 0.2971006 0.1339008
0.5501704 0.2891851 0.1834131 0.04393276 0.9056046
0.6477 0.0418171 0.7437309 0.129048 0.8540856
0.134535 0.3729956 0.08991516 0.7667178 0.8139869
0.3803342 0.4955442 0.2254499 0.4516429 0.451773
0.8431875 0.4627218 0.9776021 0.8544681 0.1042442
0.7357131 0.5265218 0.8206405 0.5111654 0.7141167
0.3285179 0.2021471 0.2946026 0.9344901 0.3309613
0.4795224 0.2896054 0.7462336 0.7222299 0.4449756
0.4204297 0.595532 0.719332 0.5249502 0.9676709
0.3616585 0.5552334 0.2195867 0.1283774 0.1934318
0.1807499 0.8873812 0.4049914 0.4929423 0.9540928
0.202211 0.1581879 0.8141837 0.007874392 1
0.7930648 0.1643612 0.3184301 0.7229275 0.1713224
0.9718111 0.6349206 0.6218612 0.2004985 0.1764505
0.7010791 0.7420914 0.5839948 0.4150223 0.6072705
0.1461755 0.6816143 0.4358386 0.3591689 0.07853782
0.680158 0.26223 0.1486413 0.02318871 0.2467131
0.1620374 0.3990539 0.1864402 0.3602297 0.09931029
0.06054733 0.6348201 0.3494281 0.9712647 0.995791
0.4829685 0.1085827 0.098618 0.5206987 0.2340685
0.5301693 0.390902 0.8528779 0.1969191 0.8635657
0.4780671 0.5943418 0.01303151 0.3362546 0.5336987
0.5665961 0.4033619 0.1210023 0.1091268 0.364026
0.8551391 0.4015199 0.87025 0.7942127 0.1938031
0.2757479 0.6189023 0.8730104 0.6564986 0.9512429
0.02839255 0.4466222 0.04663966 0.9460794 0.7307333
0.6035322 0.3354555 0.4612569 0.1624909 0.1267724
0.07977251 0.6711054 0.8739715 0.8018707 0.8612686
0.3285663 0.1027056 0.3805491 0.8757539 0.1419945
0.2190425 0.3228146 0.5001212 0.8203171 0.1813547
0.3804371 0.6889901 0.5550553 0.5332885 0.1891338
0.621142 0.1943945 0.6345126 0.1739087 0.07003773
0.6114749 0.9285244 0.6603244 0.808174 0.4919398
0.3246167 0.2905549 0.6719595 0.3133063 0.1450498
0.115618 0.211536 0.2850133 0.8144184 0.6528153
0.6142678 0.6874689 0.1143978 0.6822274 0.1972959
0.1889149 0.2532495 0.1720713 0.9860326 0.271599
0.9792344 0.07840369 0.1310342 0.1300348 0.9781817
0.5203139 0.09607275 0.110985 0.1731817 0.326277
0.023233 0.3644511 0.8661251 0.1941629 0.8162149
0.5322952 0.6045984 0.04612261 0.3133188 0.3912637
0.01513579 0.9772623 0.8884695 0.4513704 0.4522361
0.9583201 0.4413731 0.0003461545 0.2857071 0.7433281
0.6666762 0.7582553 0.2764749 0.112039 0.7231573
0.8808518 0.7299386 0.8953316 0.3385262 0.2618111
0.2367349 0.2401449 0.2864335 0.451106 0.4031421
0.8236579 0.3632146 0.5911874 0.8197063 0.5362862
0.3585564 0.9920596 0.4263238 0.1601156 0.8338728
0.09937639 0.5365455 0.3382712 0.7068389 0.7070152
0.9207497 0.8202616 0.3040758 0.8018539 0.9049443
0.6810811 0.4880911 0.5406026 0.7833483 0.6443614
0.7510665 0.001523171 0.3296848 0.3702187 0.3809725
0.7831549 0.4695727 0.9039064 0.5791221 0.9562883
0.2689641 0.5003005 0.7004046 0.5087705 0.7296997
0.792017 0.03909993 0.8504651 0.01606413 0.2955357
0.3920291 0.8296131 0.4991001 0.8580921 0.5192333
0.7166504 0.1498725 0.2431908 0.3827043 0.5733641
0.4566153 0.4383369 0.1434554 0.9786315 0.5198825
0.1814672 0.2453819 0.7060448 0.8757039 0.7961236
0.3108289 0.4745672 0.2960312 0.9143462 0.2135233
0.1167871 0.7806202 0.9528492 0.2619719 0.08470288
0.7282306 0.9862012 0.07693532 0.4742553 0.8300084
0.483287 0.2810143 0.4949735 0.07489654 0.9114076
0.5699257 0.3459604 0.2223791 0.3823013 0.4476161
0.547017 0.06980395 0.7757011 0.08528661 0.1399853
0.8999087 0.41065 0.07903448 0.5073789 0.4985007
0.9126827 0.008081705 0.7983867 0.7586038 0.5422339
0.8497389 0.6791288 0.02406773 0.819179 0.5025699
0.8492532 0.4278407 0.1839684 0.826338 0.9440031
0.4281761 0.8980464 0.365728 0.4824073 0.1315342
0.962739 0.6197022 0.3615862 0.5697583 0.3547708
0.155841 0.2307232 0.9558856 0.3957903 0.2804249
0.394237 0.5655371 0.8007169 0.4033736 0.08059572
0.7567276 0.8309608 0.4408567 0.8437082 0.6666399
0.02936573 0.7358136 0.9381297 0.07095255 0.386151
0.8616074 0.3331709 0.5939786 0.419279 0.349119
0.04582781 0.1386292 0.9367512 0.1808844 0.06748311
0.6900366 0.4108893 0.588978 0.08874549 0.7346302
0.7380815 0.6727352 0.5975165 0.3165135 0.7206324
0.2865829 0.1235063 0.6820079 0.6573827 0.006117623
0.113554 0.462942 0.1539333 0.3887864 0.5057745
0.4634848 0.201528 0.3042055 0.5906324 0.8911828
0.5604709 0.7561827 0.6671131 0.6439916 0.07767971
0.3989188 0.4917324 0.2637456 0.2223602 0.9007745
0.8111359 0.2174536 0.7326695 0.7669444 0.5709411
0.3128871 0.04370763 0.8531763 0.2077096 0.2440188
0.6041486 0.8849899 0.4151638 0.8748816 0.105775
0.3925699 0.3987649 0.1362083 0.1365978 0.9291589
0.4726433 0.328903 0.9159716 0.3197717 0.03577327
0.3998619 0.4844659 0.9290842 0.5784066 0.2978499
0.2402585 0.1266767 0.0367147 0.4533682 0.2892683
0.5998692 0.1101558 0.6142026 0.1521869 0.4942786
0.4562748 0.4262132 0.3267794 0.3003138 0.5704077
0.01897189 0.8795029 0.296117 0.8229378 0.2542397
