0.7964748 0.2246338 0.06232582 0.6519169 0.7181041
0.8007748 0.2220344 0.08961517 0.2720021 0.1331518
0.9182702 0.5170762 0.1093278 0.3475161 0.4581814
0.1282732 0.5100575 0.3494201 0.5276739 0.2264704
0.596533 0.666657 0.4454071 0.2585411 0.4929583
0.7347579 0.8777185 0.9702644 0.9199949 0.9976634
0.8565671 0.3108519 0.7154552 0.3624842 0.3011431
0.6964782 0.07998241 0.7084797 0.3647224 0.6565333
0.2885493 0.7674329 0.2860963 0.5971112 0.01916353
0.6401146 0.7700386 0.8014218 0.5266543 0.6143097
0.0273077 0.624095 0.4248522 0.5039861 0.9369641
0.9613631 0.8453093 0.2732253 0.7532613 0.5505587
0.9574355 0.07983096 0.4974176 0.5110721 0.4840957
0.2619235 0.4043037 0.2771015 0.7248479 0.5881765
0.4444648 0.07722575 0.7232657 0.9934563 0.07550155
0.1530194 0.9840372 0.4755271 0.2056755 0.7062577
0.4851888 0.0008788037 0.09790906 0.8389352 0.8031093
0.1322021 0.7921077 0.609811 0.02924375 0.3732807
0.7318284 0.8781341 0.5102298 0.9525209 0.7762643
0.489519 0.5575709 0.7367591 0.5802977 0.1726921
0.8499581 0.6758551 0.8877254 0.0108212 0.3580917
0.160667 0.5437225 0.5050905 0.0685265 0.5344478
0.8306128 0.006703523 0.7184 0.9915969 0.7609806
0.2655471 0.3118814 0.8288151 0.5424151 0.9850484
0.4006904 0.5028922 0.8822052 0.3672878 0.7488547
0.3164842 0.7015543 0.3547629 0.5962675 0.6710888
0.9686982 0.3814723 0.804221 0.3322817 0.7537436
0.2071972 0.6277368 0.6593658 0.4701953 0.8780349
0.3243311 0.7918077 0.8137055 0.9342555 0.7510071
0.6850833 0.9947632 0.3420023 0.1212925 0.2060793
0.09767932 0.2439713 0.6031846 0.2757952 0.6746047
0.5645656 0.3150303 0.4203813 0.6720673 0.1474117
0.6801805 0.1415018 0.1637607 0.2352211 0.5840424
0.4036401 0.5791823 0.4596368 0.9853293 0.820896
0.8253043 0.7397628 0.165296 0.5679014 0.8047673
0.3106929 0.9125373 0.653439 0.2394108 0.024938
0.7988385 0.02531979 0.4384315 0.9991507 0.2475341
0.9538067 0.09125733 0.2514788 0.3979447 0.7120597
0.3073219 0.1130439 0.6700557 0.5944485 0.1573058
0.1946515 0.001909703 0.2300038 0.8422151 0.0001254344
0.5473408 0.5891357 0.1119342 0.246789 0.4740025
0.559601 0.2759888 0.05894394 0.9429695 0.5817123
0.3524528 0.6413649 0.2080913 0.5507281 0.1593224
0.2748575 0.08995718 0.872099 0.02153476 0.9302924
0.188262 0.8787919 0.5683779 0.14486 0.7064315
0.7164726 0.5497661 0.1031631 0.152145 0.3895557
0.7281948 0.1007727 0.2518721 0.635015 0.5308076
0.4510662 0.003349106 0.5930969 0.1936 0.6866083
0.7933826 0.4691968 0.5805666 0.3978208 0.112932
0.7154816 0.8536377 0.03525117 0.9343371 0.2136758
0.03233829 0.7352459 0.6358511 0.1370556 0.01352923
0.549042 0.8908987 0.7018835 0.4214201 0.0341196
0.1209698 0.9157432 0.9994137 0.5498479 0.4903445
0.7365746 0.2221555 0.5355333 0.5391206 0.2469795
0.4122793 0.8923231 0.5912977 0.5133149 0.4988521
0.1969659 0.6362363 0.3303919 0.2838111 0.06105357
0.5865638 0.9397589 0.4982322 0.9771254 0.9211595
0.6860116 0.8280126 0.3031094 0.3712021 0.869762
0.03659049 0.4898397 0.3359451 0.4468257 0.2369158
0.2450102 0.9376205 0.6862657 0.5479115 0.1279251
0.07817431 0.7474457 0.8112841 0.93386 0.6327715
0.9651707 0.8309075 0.1699895 0.3559652 0.04788709
0.8445672 0.4558153 0.03416063 0.7957457 0.9131583
0.6899673 0.4771223 0.2084222 0.5378221 0.6182924
0.6178729 0.1542409 0.1800395 0.5573469 0.3729713
0.6706835 0.6150928 0.510098 0.6047704 0.5833287
0.4663089 0.2530601 0.4540676 0.1438304 0.4313294
0.5786161 0.08514381 0.4669604 0.8723844 0.9660822
0.302786 0.02318214 0.7788739 0.5043694 0.5093161
0.6490722 0.4329931 0.4968751 0.4549601 0.8147297
0.2050649 0.1347302 0.5293471 0.02747745 0.07087946
0.8017002 0.8895099 0.7436833 0.1957188 0.6265295
0.3663145 0.159889 0.6058507 0.4478177 0.4967037
0.7855675 0.9885587 0.3129156 0.4232257 0.2716276
0.1879147 0.8768844 0.496662 0.5805322 0.9614926
0.415848 0.3942077 0.8635966 0.6194379 0.7366328
0.3313024 0.7690825 0.8572973 0.080603 0.7080781
0.1643674 0.5100848 0.05177485 0.9147525 0.7225179
0.4022549 0.8432435 0.7511562 0.8524701 0.9828533
0.6544722 0.8476912 0.133363 0.5935732 0.4601428
0.4853407 0.119043 0.3744182 0.7336963 0.1427911
0.4832253 0.8342065 0.8644664 0.7460818 0.7749025
0.2701188 0.4733999 0.3690845 0.9029484 0.188919
0.1098615 0.4421894 0.3162828 0.1846988 0.2919982
0.6520468 0.7271524 0.6484418 0.08492457 0.09134474
0.2383905 0 0.4834813 0.9174525 0.8314843
0.2610072 0.8067555 0.535733 0.4282613 0.3709572
0.1920375 0.1705667 0.9550683 0.6721342 0.5557075
0.3718948 0.4773321 0.9830178 0.5351481 0.8760516
0.2310142 0.8860817 0.5774113 0.8303353 0.9402299
0.8212403 0.9425128 0.3923844 0.2814677 0.9378188
0.5935883 0.04930678 0.9781239 0.6454709 0.0004079205
0.370545 0.08081849 0.2273137 0.92663 0.949827
0.5273514 0.4500338 0.6659049 0.2615848 0.8799871
0.8317176 0.7933756 0.2737092 0.01805017 0.3485368
0.8685884 0.5427029 0.2807647 0.8359242 0.7372531
0.06114072 0.7437577 0.009388505 0.643543 0.6975714
0.1710992 0.9839932 0.6401863 0.3014715 0.5771405
0.9992068 0.8451085 0.7151685 0.7534764 0.009208455
0.3225677 0.8947698 0.3855231 0.5648026 0.09321833
0.541927 0.5073693 0.9285847 0.3324706 0.520917
0.738033 0.867768 0.1492606 0.8709359 0.811951
0.2963174 0.3477981 0.7616172 0.1083726 0.04805365
0.7274402 0.5301714 0.1288188 0.1289742 0.6916857
0.2863417 0.7119987 0.4847039 0.8004359 0.9881632
0.5442328 0.4282367 0.5040534 0.1088417 0.908477
0.1536798 0.6727261 0.6510973 0.8334431 0.7220105
0.7008405 0.2351113 0.7845627 0.3604339 0.07373435
1 0.1718873 0.2043285 0.3343164 0.718497
0.1828475 0.3581955 0.659705 0.2157001 0.572072
0.7338388 0.9864032 0.3694726 0.6034268 0.1832412
0.1387783 0.725478 0.5390259 0.7929902 0.7975722
0.5862874 0.8054088 0.6032506 0.5500792 0.6848393
0.0237901 0.2808311 0.9964752 0.3577382 0.6936627
0.2702796 0.7381176 0.1192554 0.3357085 0.7725475
0.3055256 0.5745196 0.8805554 0.5291377 0.2070414
0.1246943 0.9813025 0.1677748 0.4866116 0.4518913
0.3646446 0.2828093 0.8563734 0.4269764 0.007632125
0.4439303 0.8233784 0.971483 0.3998007 0.6258489
0.9592159 0.4792744 0.7555478 0.9633767 0.0248564
0.2938946 0.5708704 0.8137318 0.8685251 0.9902307
0.3762284 0.5652916 0.5386518 0.3831523 0.5016744
0.5032284 0.9516216 0.6901007 0.8952964 0.7817514
0.4672272 0.6205796 0.5900074 0.1259138 0.6180934
0.5399303 0.3815246 0.8810714 0.1225662 0.3891724
0.3665931 0.9883882 0.8453031 0.3349978 0.9401358
0.6765435 0.8203433 0.6050741 0.2603966 0.9059465
0.02302233 0.02541375 0.9204352 0.4996528 0.6714371
0.1781028 0.2298122 0.1893249 0.8208796 0.9912837
0.8946135 0.3405778 0.3355663 0.05330443 0.2286476
0.7846053 0.5739459 0.4180003 0.7428075 0.3386323
0.2353553 0.8853164 0.5877776 0.7863028 0.9927293
0.2706266 0.8545287 0.2776334 0.121739 0.2433661
0.2940873 0.9599489 0.4851859 0.7566128 0.597152
0.231329 0.940049 0.4745529 0.524655 0.9503167
0.8669595 0.003073732 0.06078044 0.5194523 0.3162974
0.09865875 0.009738587 0.07698981 0.4544733 0.004652512
0.517378 0.6233156 0.03596331 0.5208805 0.8209383
0.8168176 0.05392225 0.1257208 0.3369618 0.6012824
0.6599743 0.7752285 0.3911041 0.1502207 0.1179685
0.6688398 0.09676466 0.4438551 0.5316635 0.8274107
0.2755345 0.3125239 0.9829324 0.6882902 0.3022666
0.4949766 0.4405248 0.680299 0.5086333 0.345699
0.8724881 0.6845098 0.38511 0.4849993 0.1452152
0.7056406 0.0244251 0.3479344 0.4278704 0.8928502
0.8014288 0.7676608 0.2406818 0.7156172 0.994469
0.1290414 0.5465554 0.30009 0.8179702 0.7122955
0.9007241 0.8262599 0.7068179 0.7383691 0.006459697
0.7424976 0.3755867 0.541049 0.1822844 0.9886233
0.5228884 0.0929829 0.7253202 0.7216828 0.0606145
0.9569244 0.9008327 0.8519113 0.646622 0.7448895
0.5299274 0.1086169 0.7568211 0.2934177 0.06823199
0.2333303 0.5172507 0.6874693 0.5731761 0.5519098
0.9333009 0.9607533 0.1522234 0.5442599 0.1496278
0.2340239 0.2629344 0.2642583 0.881914 0.7330737
0.2508845 0.7468657 0.009497072 0.5028463 0.7150131
0.01482471 0.9545613 0.3707372 0.3213498 0.006886244
0.714078 0.1579024 0.5310763 0.1984756 0.9864369
0.3914877 0.07037871 0.7193187 0.9306428 0.58377
0.2291579 0.05459059 0.1315005 0.4897508 0.5643985
0.2163097 0.1700903 0.3443945 0.2263186 0.2929532
0.4845153 0.1506988 0.4525656 0.5083615 0.8223373
0.142032 0.599083 0.9736854 0.7740921 0.3563383
0.3056859 0.3450313 0.8701421 0.8420513 0.4163719
0.7370461 0.4866923 0.1303088 0.3862927 0.3179201
0.6735578 0.2838517 0.8693941 0.8149236 0.2791572
0.8679234 0.2222232 0.4756777 0.6677866 0.2880357
0.8877735 0.8828663 0.9534374 0.1087066 0.153112
0.08420183 0.9692468 0.526276 0.9195713 0.5937956
0.7570461 0.6575289 0.7832501 0.7639514 0.4668578
0.3793027 0.3484246 0.9618083 0.1150979 0.7002879
0.3142343 0.6297086 0.8462016 0.3504941 0.4703913
0.5525426 0.7659459 0.5385212 0.889093 0.07774382
0.716315 0.2833251 0.2546631 0.8667121 0.6338165
0.05280399 0.08647488 0.7634331 0.1477069 0.3085839
0.1884282 0.7896504 0.3995643 0.7818517 0.6203088
0.09094917 0.5785628 0.1828619 0.04647813 0.3519113
0.2789739 0.2090348 0.4196619 0.4766442 0.2734158
0.1029414 0.8585346 0.1063901 0.5085497 0.7347246
0.3908408 0.06509795 0.8637672 0.1996718 0.5465842
0.01475228 0.9746301 0.6578772 0.6410743 0.7050608
0.4765549 0.08308216 0.9368784 0.557975 0.3757247
0.897562 0.8784811 0.4463522 0.4169376 0.9518888
0.9034704 0.3956295 0.9031836 0.532693 0.7469819
0.750339 0.582833 0.6891004 0.7997967 0.44471
0.08348917 0.3191447 0.9144089 0.8614853 0.3925063
0.4348638 0.009478293 0.3892839 0.6157488 0.7448245
0.3664666 0.4449462 0.2469465 0.8345943 0.7071461
0.4921468 0.9610644 0.2252344 0.1844323 0.7572631
0.8586736 0.03646256 0.8623421 0.9582091 0.1931409
0.8070508 0.08156332 0.7388938 0.3378075 0.7461288
0.512637 0.06770454 0.7379614 0.9040344 0.006935716
0.3653613 0.1070655 0.1799555 0.3197092 0.1472041
0.369292 0.5192042 0.1105782 0.409444 0.2556238
0.5043199 0.5904858 0.2707547 0.685097 0.198872
0.7114998 0.5380467 0.8180884 0.01495629 0.4628266
0.6775953 0.6018946 0.5933402 0.08338605 0.9179022
0.4293818 0.8488659 0.5186042 0.3481853 0.6472528
0.8984888 0.9342328 0.4430482 0.004686758 0.8130493
0.4774309 0.6103488 0.8135329 0.2472237 0.9434142
0.7895992 0.5410611 0.1270162 0.5187735 0.4180799
0.8665265 0.6294852 0.6838926 0.3240168 0.6122438
0.1806505 0.4884615 0.1116548 0.2577591 0.009337752
0.01897818 0.6889747 0.6795904 0.1147852 0.1939876
0.8974546 0.02218685 0.5201299 0.8256168 0.4123078
0.008469532 0.4847002 0.6011712 0.9927832 0.1305401
0.03992843 0.867507 0.6632648 0.9083048 0.7443919
0.5513152 0.4208276 0.09146851 0.2100786 0.3827088
0.6571005 0.3917694 0.366256 0.6018465 0.3870451
0.4561435 0.6193327 0.3051776 0.8181606 0.7466797
0.04223319 0.07890376 0.3408073 0.4347538 0.391918
0.1406631 0.3725856 0.1847223 0.6909227 0.6941556
0.05009877 0.07690993 0.7635814 0.9715852 0.5903708
0.7830221 0.4725607 0.4018531 0.5609473 0.8457058
0.9313253 0.1501177 0.8270473 0.3256061 0.6175511
0.09935497 0.3255088 0.2591186 0.9391111 0.1002173
0.596926 0.1520479 0.7548215 0.3485031 0.6093377
0.01376775 0.8869751 0.3485444 0.4779761 0.1610028
0.4809369 0.9692273 0.9418109 0.3731278 0.4149774
0.08876813 0.2786174 0.3230444 0.6985467 0.2987144
0.06346251 0.4038968 0.7525028 0.1911632 0.8168203
0.8915516 0.3848953 0.2871452 0.2319879 0.5188418
0.05789233 0.05839143 0.4164126 0.4022667 0.6656913
0.9868581 0.4175436 0.9651269 0.135066 0.6336516
0.8198373 0.7673124 0.2898533 0.03032963 0.5600874
0.540606 0.6828849 0.07630005 0.7367845 0.2661655
0.4658347 0.01509474 0.338931 0.564601 0.2882664
0.1140272 0.9066255 0.4168947 0.8687436 0.4832706
0.4445643 0.3752105 0.2311471 0.1465093 0.9628296
0.3107305 0.8008947 0.920737 0.6200439 0.09245203
0.4504314 0.9411399 0.8122469 0.251235 0.07137089
0.8044044 0.9964784 0.8829959 0.2313173 0.4115967
0.1205214 0.4938184 0.02599444 0.1535084 0.09070402
0.2043552 0.5370358 0.8373947 0.5668956 0.9448734
0.3628055 0.3061976 0.9338653 0.4495523 0.2918013
0.4537608 0.7130125 0.4949119 0.136146 0.186667
0.2313514 0.3328215 0.3631332 0.7018564 0.4065606
0.9807441 0.14785 0.487664 0.4693001 0.7371041
0.5365321 0.6595567 0.8881876 0.8188946 0.6209397
0.927777 0.397973 0.3478496 0.9936849 0.6536711
0.9784005 0.6996511 0.3891917 0.2295491 0.6885465
0.07708643 0.2022476 0.3542649 0.6761034 0.8969737
0.4642675 0.3891865 0.4021555 0.6462042 0.845387
0.233992 0.02457119 0.2409006 0.3821653 0.3366598
0.4667224 0.8616606 0.7202967 0.1191907 0.5555674
0.02239297 0.3085193 0.4798577 0.4486288 0.7054578
0.7759823 0.02270004 0.6211966 0.897166 0.9129564
0.9142507 0.04426055 0.8776553 0.9900269 0.05037182
0.1458175 0.2555346 0.6139662 0.9115604 0.827787
0.07635923 0.465503 0.0006699037 0.9478608 0.6202203
