0.1369692 0.2340572 0.4706424 0.6212692 0.1426782
0.2111162 0.6264916 0.9699399 0.9956264 0.5833271
0.1730966 0.647553 0.1102919 0.4297695 0.3291618
0.01053917 0.4869058 0.5753639 0.4482119 0.4493098
0.4378745 0.4534432 0.9461672 0.05382612 0.8526873
0.6557074 0.5195852 0.5795704 0.7374046 0.8297601
0.446652 0.7328078 0.4882987 0.03895728 0.2346998
0.2461385 0.221791 0.6262956 0.2142795 0.811723
0.4807646 0.6198243 0.9307219 0.4615087 0.94363
0.6603251 0.1307142 0.7882198 0.1552779 0.9841728
0.2972469 0.5425822 0.7440962 0.8700196 0.8626286
0.1910716 0.2648533 0.1726815 0.80726 0.3940663
0.9171152 0.1950601 0.1711121 0.4652879 0.3502093
0.2074533 0.6714649 0.366813 0.8381453 0.2246297
0.4832934 0.220398 0.534224 0.9254882 0.8700225
0.8710886 0.5256715 0.7748968 0.7833405 0.8210357
0.6910714 0.932957 0.7068346 0.4431498 0.9952066
0.3517019 0.8903682 0.685568 0.8806404 0.8297611
0.0706677 0.51927 0.9126873 0.8744881 0.2878915
0.5603199 0.8157808 0.96673 0.802623 0.9770853
0.1464703 0.4132033 0.6387147 0.05837718 0.6405371
0.2634642 0.3697791 0.7921167 0.4922411 0.392953
0.7663973 0.7147991 0.2057133 0.4135536 0.6246748
0.8967323 0.3409491 0.7005338 0.5125079 0.06351697
0.2521203 0.7246413 0.02006868 0.3920606 0.05435087
0.722549 0.6402809 0.3676278 0.2580947 0.6428037
0.6083674 0.7260845 0.3875316 0.6961906 0.6220079
0.5168705 0.8688136 0.4368273 0.3409961 0.522037
0.6924001 0.3984307 0.3744566 0.7139139 0.1786554
0.7331697 0.8680492 0.4249041 0.3157496 0.5665229
0.9383708 0.4151921 0.2231206 0.05394721 0.3650805
0.4320273 0.9365539 0.5814943 0.6947331 0.9355735
0.6516349 0.3524729 0.8040112 0.5455391 0.5310538
0.4699936 0.7900252 0.1000904 0.9122296 0.4242234
0.5209718 0.9152537 0.02674044 0.5263397 0.5796107
0.4447937 0.5526238 0.2267414 0.07566735 0.7406383
0.367668 0.8416206 0.3119586 0.1896275 0.04759548
0.4372724 0.536147 0.1427701 0.6025198 0.8466575
0.4187949 0.4918292 0.08008137 0.6396419 0.5641611
0.9145121 0.5781039 0.3230465 0.3483627 0.8377835
0.4224305 0.09050404 0.8380681 0.9529697 0.253135
0.7759724 0.825644 0.9264956 0.486617 0.5993793
0.2605836 0.6296468 0.2094648 0.628444 0.4855991
0.06986248 0.7565017 0.07148252 0.8012356 0.3913836
0.0465602 0.5292214 0.6684297 0.9547628 0.4972663
0.9092562 0.3287619 0.7539394 0.5605273 0.8851714
0.3471882 0.4732957 0.7479333 0.6575361 0.3358142
0.6886615 0.6400724 0.9252467 0.7667946 0.8674689
0.4937101 0.09941903 0.4332486 0.07730375 0.0008004706
0.7066963 0.03989907 0.9500671 0.1536071 0.0477902
0.8673286 0.3599574 0.6850448 0.967506 0.3621304
0.4516254 0.5979309 0.3211644 0.6895144 0.3336749
0.6140258 0.6680342 0.965486 0.8343539 0.8885686
0.070925 0.6586634 0.4183675 0.1283552 0.8789055
0.3560814 0.5354441 0.2900032 0.9518274 0.03946528
0.5600987 0.5593025 0.8346779 0.15092 0.01330692
0.4449353 0.4793304 0.7460062 0.1401818 0.9134475
0.4017077 0.7863418 0.8297801 0.127383 0.6420711
0.2431691 0.6638688 0.0599037 0.1781675 0.7657376
0.4495961 0.4780928 0.04813275 0.9625511 0.7953756
0.2119974 0.996073 0.8702928 0.7823325 0.7961372
0.2196592 0.627744 0.5799803 0.4157437 0.1021415
0.7177646 0.7497543 0.2235835 0.964741 0.267536
0.8770595 0.1679242 0.7074863 0.167363 0.04969691
0.7638629 0.8334181 0.01423827 0.2790405 0.3556734
0.6660621 0.4170111 0.8035556 0.7186425 0.8168965
0.6476627 0.5580028 0.6818169 0.1269634 0.1481406
0.8110186 0.886151 0.6203307 0.1291378 0.7385769
0.8753123 0.4633895 0.2633549 0.0463085 0.1423086
0.302017 0.3182648 0.1796942 0.2488216 0.01742423
0.2052826 0.360399 0.01131756 0.3920607 0.9759308
0.91512 0.01886811 0.9435438 0.4919658 0.7246697
0.5460442 0.7984413 0.524243 0.8155787 0.6791835
0.380331 0.3004144 0.9733824 0.2563033 0.4733761
0.4932781 0.01209792 0.1808544 0.7613398 0.8136695
0.08296699 0.1880457 0.688663 0.07639643 0.331337
0.1921429 0.01752029 0.4461737 0.8448549 0.2649334
0.9835835 0.7397919 0.9850255 0.6422987 0.6293681
0.7441172 0.4933391 0.2182979 0.2717904 0.6011799
0.4446698 0.9571213 0.9056939 0.1134579 0.725727
0.5269817 0.3426763 0.7467597 0.6269145 0.08280487
0.3773525 0.2036758 0.4460858 0.7105025 0.973714
0.9722603 0.5522466 0.003561476 0.1844878 0.8725062
0.2440294 0.9687305 0.8429153 0.6008633 0.8445073
0.04694154 0.882112 0.8629028 0.7074337 0.5024064
0.4733907 0.7932764 0.5799547 0.8201406 0.7087888
0.1636958 0.651551 0.5179311 0.05027274 0.7941209
0.8015239 0.9366115 0.7429738 0.07163381 0.800072
0.6134367 0.6006355 0.106555 0.7401451 0.9960603
0.3242895 0.4625747 0.1898351 0.8355196 0.6948182
0.2782507 0.04862749 0.4268466 0.1571837 0.2520897
0.3699936 0.5260184 0.2701801 0.802711 0.5924797
0.0878521 0.689056 0.5841392 0.3450502 0.405642
0.429764 0.6618693 0.7752165 0.05711056 0.2068657
0.263715 0.1892603 0.7296661 0.5095875 0.1199303
0.4103055 0.3260968 0.7705604 0.3191838 0.5246127
0.04087557 0.3303965 0.5629334 0.0234757 0.7212885
0.2226394 0.2038738 0.3262844 0.05377874 0.2658493
0.5936763 0.8324971 0.1912384 0.6067888 0.272934
0.09627985 0.2030095 0.001840944 0.4134385 0.4067559
0.2358201 0.6143858 0.1298971 0.4282622 0.8267804
0.8789287 0.06886955 0.6235049 0.7431026 0.1612709
0.7901277 0.4068879 0.03523674 0.8090547 0.6709863
0.7705975 0.3528234 0.1744556 0.4530438 0.9747291
0.9328415 0.2354534 0.4219794 0.5665762 0.212809
0.2950264 0.5731804 0.4971606 0.4300863 0.05915951
0.3498084 0.2343224 0.5095796 0.7697995 0.8935198
0.7277988 0.7836028 0.3155098 0.7950701 0.7730417
0.5476371 0.9812572 0.4977355 0.3137452 0.2331776
0.2060844 0.6231708 0.8183495 0.4041081 0.2075617
0.5537363 0.9206048 0.6247842 0.16062 0.141634
0.1103661 0.08993377 0.4145409 0.3089516 0.1955508
0.01679341 0.3797008 0.4550309 0.1402997 0.1162365
0.5095395 0.5299549 0.008483835 0.7742673 0.8727239
0.3031946 0.712286 0.69453 0.04256189 0.4125217
0.7949132 0.5685254 0.434222 0.3986621 0.0814744
0.2046411 0.03790132 0.6787408 0.45654 0.8694207
0.7912527 0.956662 0.0970298 0.5487969 0.5555648
0.8787066 0.1010131 0.01667521 0.6206072 0.7008129
0.1127403 0.6429005 0.5824411 0.7810801 0.8548055
0.3671093 0.6862968 0.1516954 0.138867 0.08200961
0.7166213 0.7228603 0.7641826 0.843474 0.1299185
0.6949026 0.8974132 0.9003242 0.6378529 0.5405502
0.8757755 0.2646207 0.4067709 0.0711858 0.8559156
0.4735636 0.1323252 0.5866659 0.2161494 0.6661961
0.8767096 0.786795 0.9333605 0.1823257 0.5599138
0.201596 0.7855748 0.2605469 0.8805979 0.3850779
0.7188153 0.2289865 0.7171962 0.8317291 0.8827021
0.1775444 0.3509257 0.5204385 0.5911122 0.3343769
0.2301876 0.9074291 0.2859322 0.7316297 0.3053553
0.5640446 0.8737015 0.4006176 0.5154821 0.3172627
0.7621031 0.7518632 0.6882161 0.7024756 0.9128412
0.2933313 0.02361143 0.5482299 0.9402001 0.5527593
0.970827 0.08693278 0.7367073 0.1057724 0.7889611
0.590604 0.9001835 0.3473763 0.7595637 0.1554385
0.207055 0.9785495 0.2182702 0.587772 0.4518108
0.2584718 0.8735936 0.9367742 0.5068755 0.4311619
0.9341134 0.6339938 0.1384526 0.4414897 0.1484262
0.7591173 0.3199012 0.6771852 0.9512162 0.5814203
0.09478176 0.7908648 0.739245 0.6903955 0.1941841
0.294379 0.2202105 0.2202216 0.7102407 0.4197348
0.5162194 0.5334125 0.7410842 0.2867583 0.1217981
0.919375 0.6282034 0.1458298 0.4388006 0.9882187
0.4678449 0.3551867 0.5806867 0.9628529 0.02115881
0.4075914 0.5754284 0.1851241 0.3976591 0.6190852
0.2694586 0.9116984 0.1640876 0.7586335 0.8984818
0.8884652 0.9037507 0.5839548 0.6962114 0.1383717
0.8179989 0.9555858 0.0706824 0.9850731 0.246034
0.6840907 0.3544369 0.3733582 0.0865204 0.6841677
0.4902637 0.6846387 0.2676874 0.5250315 0.7984812
0.03047676 0.07128877 0.7010233 0.3435053 0.4428049
0.9894229 0.1222422 0.4939214 0.8456609 0.9249782
0.3505731 0.4335059 0.440291 0.3506551 0.1602216
0.6069975 0.1659649 0.7492524 0.7684506 0.9954751
0.2940338 0.8522155 0.3916258 0.9413446 0.5983907
0.2911724 0.89278 0.6567497 0.7401336 0.3514826
0.9106593 0.8242289 0.001033824 0.543009 0.2169477
0.5613931 0.3446452 0.5860363 0.575662 0.4699859
0.694141 0.1495806 0.7169675 0.508212 0.6352552
0.3709879 0.4414476 0.7700031 0.4193492 0.3847634
0.5783741 0.03806292 0.8173851 0.5567931 0.2462786
0.006330988 0.3393996 0.5568621 0.4228322 0.986705
0.6250014 0.9881317 0.7474039 0.7970664 0.6850606
0.6636123 0.7949331 0.2176628 0.009342346 0.03608039
0.9008212 0.4822237 0.9412558 0.3287665 0.8782307
0.2305284 0.1546526 0.07134592 0.418151 0.04415363
0.08517297 0.2676302 0.139973 0.5553897 0.9809242
0.4555161 0.7584011 0.7219748 0.2685428 0.1829843
0.4449486 0.1101118 0.6267921 0.6887739 0.07971304
0.8149921 0.01935134 0.4287983 0.129038 0.7408115
0.6959273 0.8471222 0.4346314 0.2946281 0.9301613
0.7805613 0.47513 0.988177 0.5921146 0.677089
0.8780526 0.3203681 0.1049862 0.5918279 0.5957285
0.3119115 0.3306688 0.3305035 0.7956827 0.4561092
0.7556938 0.8210523 0.9968496 0.8002436 0.3481655
0.4822453 0.5068161 0.200993 0.9626643 0.4244111
0.9316145 0.6194151 0.6052876 0.3992679 0.5707272
0.4074238 0.6929345 0.5262244 0.0096773 0.04444031
0.2589892 0.9094582 0.7416694 0.8644964 0.5017369
0.1213899 0.7885151 0.8837794 0.2104286 0.3200414
0.6309592 0.4928365 0.4981615 0.3247177 0.4063856
0.6136421 0.9293165 0.4019477 0.8943563 0.4277012
0.5396096 0.7205925 0.0866995 0.3213252 0.8189118
0.4517598 0.7389791 0.946116 0.1517438 0.03163753
0.451853 0.3849754 0.09180017 0.6729201 0.765531
0.673627 0.7742905 0.7687395 0.2155418 0.7072026
0.315164 0.7116501 0.4585499 0.7328106 0.9875337
0.1756292 0.06336389 0.2551924 0.4051457 0.7767904
0.4377559 0.007295769 0.0359075 0.9177875 0.5995415
0.3314072 0.3383979 0.503083 0.1172709 0.6230878
0.7284044 0.2020781 0.806405 0.8848349 0.8127037
0.5251173 0.6349398 0.5341917 0.006596917 0.6132977
0.3218564 0.8506009 0.9400926 0.4476415 0.03812692
0.2122047 0.755643 0.5118615 0.6423592 0.05822037
0.4711788 0.4630219 0.1389605 0.8140357 0.7580749
0.8226708 0.4128076 0.5686027 0.8009878 0.6288632
0.2768941 0.3345963 0.443 0.8155246 0.9263886
0.8557619 0.0988321 0.325275 0.277531 0.2113995
0.4933161 0.4361456 0.6548577 0.2866165 0.1776029
0.09002563 0.7086051 0.9087056 0.1036986 0.5250272
0.8947335 0.9347397 0.8582579 0.4677908 0.5028335
0.5622419 0.8887142 0.7148165 0.01052172 0.9358245
0.6677027 0.4823412 0.4722282 0.3442757 0.7973394
0.6842008 0.3293421 0.203937 0.4928855 0.8618907
0.3170747 0.2994552 0.1566881 0.7868599 0.1635346
0.6090591 0.9317921 0.7293295 0.7539209 0.2028241
0.3998026 0.4825845 0.1089196 0.5096578 0.4228916
0.979774 0.6725087 0.751829 0.5039477 0.5629602
0.123015 0.9238067 0.8273446 0.3936558 0.5276384
0.8263963 0.7413241 0.8819302 0.6074648 0.5455786
1 0.1893657 0.8551373 0.8209734 0.5550094
0.9138773 0.5087531 0.1965092 0.3583192 0.713324
0.6071439 0.5797056 0.7440451 0.1651008 0.6185317
0.9415744 0.4293375 0.5601597 0.9303847 0.8413375
0.2566324 0.3983904 0.2739525 0.04920526 0.0345757
0.5962215 0.1111012 0.01060326 0.1996804 0.6356617
0.06990229 0.6645793 0.2028043 0.6223352 0.6552538
0.8392595 0.03036235 0.8652906 0.8793006 0.4335563
0.447191 0.2737678 0.009853792 0.3171409 0.1914966
0.4187103 0.8677363 0.8858391 0.2265275 0.8229947
0.2312748 0.4665023 0.9100371 0.6293559 0.9599843
0.1636466 0.6659831 0.4099245 0.7231378 0.09986688
0.05705672 0.7902019 0.07196874 0.8901213 0.5441798
0.9356368 0.3807361 0.3234063 0.3599048 0.1584914
0.6372181 0.462265 0.05879811 0.2888219 0.08814441
0.7757217 0.7048935 0.2537589 0.0377646 0.01275515
0.8996122 0.4952283 0.9817679 0.6816522 0.119333
0.9275917 0.9248482 0.7186943 0.03244587 0.07388845
0.02413485 0.3038375 0.3942306 0.4392376 0.6913188
0.2555708 0.5251929 0.2576865 0.4845977 0.9297864
0.1416034 0.9773729 0.8254787 0.06217208 0.5992371
0.6717309 0.9935049 0.2129176 0.06509037 0.5072712
0.1645284 0.9311002 0.8740142 0.7932227 0.9523701
0 0.9639687 0.9013905 0.1344598 0.2072391
0.8017328 0.6562408 0.9284727 0.795753 0.7413059
0.4978945 0.9481275 0.1319052 0.5200705 0.2451086
0.5375018 0.8076631 0.2007112 0.9260094 0.8220869
0.825845 0.6891494 0.7739013 0.2307207 0.6222314
0.4371763 0.7504387 0.9525226 0.7609788 0.9864785
0.5563903 0.4741801 0.4416692 0.03090549 0.1072773
0.3578311 0.0992901 0.1163118 0.6262582 0.9347375
0.02032786 0.8024013 0.4604931 0.2235117 0.342601
0.02711983 0.4679064 0.4332649 0.1097622 0.09551689
0.4612187 0.861559 0.01550785 0.1631121 0.6220671
0.9303844 0.7846249 0.9507354 0.8088328 0.4907109
0.3551559 0.3641116 0.1986387 0.5137456 0.01357669
0.03632702 0.03192206 0.1596123 0.008839909 0.5044347
0.3457361 0.4137581 0.4657504 0.3949819 0.01551734
0.209863 0.8291945 0.7435798 0.1532804 0.9304804
0.9123027 0.8011031 0.389852 0.7367003 0.7262052
