0.5806324 0.8558261 0.1181338 0.7746815 0.02885577
0.1374684 0.5969704 0.2270003 0.7440763 0.01530498
0.07803369 0.7975207 0.346374 0.08987826 0.1716226
0.8193179 0.0939688 0.2750848 0.2615082 0.6836362
0.4226519 0.4214014 0.8340876 0.2593513 0.3585081
0.2340485 0.3485479 0.9411675 0.2940684 0.258656
0.02705295 0.0297063 0.966981 0.2147456 0.7700071
0.2659342 0.5450911 0.2743892 0.648069 0.09705199
0.6072919 0.8960462 0.3672576 0.5336426 0.130205
0.7666237 0.4890738 0.5698024 0.1551432 0.08196325
0.7584548 0.07496612 0.5937976 0.5878824 0.7760064
0.6872388 0.5499613 0.9878432 0.4154764 0.1113977
0.2875312 0.7859025 0.7164078 0.24769 0.006716917
0.595589 0.8165682 0.4514947 0.6031705 0.5245595
0.9859021 0.7287526 0.9953194 0.05673792 0.2063085
0.4619473 0.7477762 0.991556 0.9920504 0.7909345
0.5583934 0.8876978 0.83203 0.3205002 0.6023868
0.8118666 0.5615778 0.6163481 0.454145 0.4861892
0.7264912 0.1584712 0.1787276 0.6200346 0.05524937
0.4801948 0.5210805 0.486938 0.8723134 0.5818676
0.2726082 0.5355739 0.6412167 0.5811205 0.1775466
0.2402613 0.134898 0.2378316 0.2822038 0.103768
0.8796651 0.4440393 0.7030141 0.5679471 0.2552554
0.4086767 0.6104479 0.1708195 0.3595373 0.4221052
0.7223633 0.5977688 0.1030164 0.1277274 0.3171671
0.159215 0.8038946 0.6516943 0.6407893 0.7204395
0.8326568 0.3611382 0.1640468 0.9615225 0.5371614
0.206816 0.2648838 0.5304068 0.2748241 0.08398813
0.9628388 0.3383175 0.2442367 0.2753863 0.1726361
0.9370633 0.6851554 0.4045658 0.139605 0.2337218
0.4781348 0.7075517 0.3117777 0.1772183 0.411491
0.8086748 0.6813166 0.07318258 0.7386007 0.7816088
0.4760533 0.9842682 0.5268268 0.08762182 0.4728861
0.7377738 0.9658697 0.5348448 0.5525519 0.8372284
0.9366618 0.3652016 0.7372909 0.6822281 0.5822893
0.6787341 0.1189278 0.8202677 0.4791902 0.1406256
0.6940099 0.6049351 0.07837608 0.6224533 0.3875713
0.6863694 0.616548 0.2654893 0.474827 0.3834771
0.5837481 0.1843887 0.3771057 0.02779973 0.04061381
0.5391045 0.5765023 0.08127687 0.8324901 0.2628693
0.334819 0.1983997 0.303226 0.7624016 0.6914245
0.4203008 0.7122132 0.8665417 0.6916424 0.01522026
0.01809106 0.7091821 0.6933452 0.6755095 0.2839192
0.9004914 0.1058222 0.6979322 0.4279164 0.1306895
0.4504628 0.08951 0.6691175 0.1920131 0.08415129
0.7805663 0.1993794 0.0505799 0.1594921 0.8681226
0.6667855 0.9886493 0.4874736 0.9206085 0.5294402
0.191519 0.5989077 0.5319756 0.04276459 0.2040297
0.8526458 0.5621134 0.7402682 0.3852701 0.2265366
0.04212068 0.02608388 0.5600338 0.9677291 0.287099
0.7113545 0.1475279 0.1927909 0.3396119 0.9093437
0.4183505 0.8608378 0.2736324 0.5525109 0.3273656
0.7133261 0.6892522 0.6165287 0.7965901 0.7131267
0.5640096 0.2893268 0.2600673 0.06245262 0.0606113
0.7927317 0.1791853 0.4224834 0.1087984 0.2680944
0.3683434 0.1134514 0.7095105 0.7744163 0.1572609
0.6350307 0.5864419 0.9679704 0.454899 0.2086654
0.9955047 0.9984569 0.1651249 0.5470787 0.4127166
0.8933602 0.7875291 0.4887856 0.7532924 0.8003522
0.9213771 0.8181239 0.9957216 0.1478301 0.09704484
0.3449752 0.2024373 0.993232 0.3553039 0.3553491
0.9293668 0.07768077 0.9104504 0.5755571 0.4117555
0.7894017 0.0733093 0.523092 0.5010831 0.3484315
0.808172 0.2203872 0.1766078 0.9611286 0.513018
0.3984369 0.9770981 0.8123554 0.1161404 0.3853765
0.9044386 0.3804708 0.2465956 0.4980499 0.4737195
0.9152535 0.2810163 0.8433009 0.774243 0.4557872
0.3176034 0.007568579 0.5751769 0.8744964 0.9587151
0.2639116 0.7386598 0.6741922 0.09033428 0.5360527
0.3396387 0.025176 0.1760652 0.6078758 0.5200048
0.6131779 0.3486509 0.3024104 0.3952169 0.4297734
0.3521299 0.3705016 0.4393575 0.6036507 0.3558441
0.28681 0.533929 0.2997047 0.554755 0.3513964
0 0.9568143 0.7127609 0.7535141 0.3615267
0.696044 0.924986 0.3044028 0.1199549 0.6169929
0.702053 0.1521206 0.5453323 0.2154645 0.7903731
0.575003 0.1051354 0.1739184 0.2186544 0.6523803
0.9196841 0.2059024 0.8347999 0.8042442 0.4692927
0.1009228 0.7380578 0.2921189 0.6147292 0.5793034
0.09718012 0.5486445 0.7130582 0.04567014 0.9500771
0.4185099 0.4609641 0.945748 0.3646894 0.4618507
0.4397492 0.3902471 0.069918 0.1510227 0.5089211
0.3334156 0.5902822 0.3493893 0.3448556 0.6931421
0.5644105 0.422185 0.3310092 0.9297022 0.8096447
0.5993379 0.7011755 0.9421279 0.9889593 0.7168269
0.3294705 0.4479172 0.6350728 0.1713853 0.148545
0.3559486 0.847373 0.340441 0.4328592 0.3016673
0.2267138 0.8498811 0.6683242 0.6741036 0.3819132
0.2588825 0.7800009 0.4019403 0.5559884 0.6381043
0.07271557 0.3279429 0.3336744 0.03104306 0.1464793
0.2029535 0.0346259 0.7627921 0.8486487 0.7982531
0.6871093 0.575523 0.6544488 0.5232225 0.8166299
0.2560019 0.4532043 0.3887989 0.0675188 0.3553905
0.533347 0.6266232 0.01589285 0.3821995 0.05646184
0.04478793 0.9223748 0.1176028 0.5094764 0.4526318
0.9813556 0.7413823 0.781742 0.236635 0.231919
0.8444546 0.2548325 0.7234202 0.2842984 0.3542536
0.5697393 0.4774951 0.4935746 0.7471471 0.7444368
0.9673321 0.9944372 0.3597369 0.9220734 0.5443955
0.9033059 0.6627951 0.2897065 0.7591456 0.005894676
0.6348612 0.5594448 0.2670629 0.2724054 0.7606164
0.7924364 0.233318 0.05608448 0.4891695 0.3347757
0.8305466 0.610678 0.7276379 0.7983087 0.1328509
0.9309956 0.4054822 0.9468749 0.8482731 0.4506091
0.8146556 0.08533863 0.7889147 0.6938469 0.9049595
0.09382507 0.9446541 0.6024447 0.4637576 0.5915938
0.6854889 0.3717272 0.610214 0.9538036 0.7308666
0.8956798 0.9502267 0.4962913 0.9153428 0.9874571
0.2708925 0.5924735 0.6869959 0.1058037 0.8228318
0.5723034 0.2579624 0.3565299 0.7083282 0.08461061
0.3516961 0.2818564 0.7233027 0.8587451 0.3084168
0.1918516 0.6810579 0.7320966 0.8502054 0.9616007
0.6284095 0.2178149 0.5312653 0.04809289 0.2292361
0.8561887 0.00137557 0.4837274 0.772914 0.2027523
0.3220678 0.2311747 0.9601251 0.8765041 0.3018693
0.5603199 0.04786733 0.1913045 0.2729108 0.8464577
0.3060505 0.6044481 0.2399197 0.7932253 0.8467398
0.2241854 0.4368178 0.164034 0.4099957 0.5579229
0.5761391 0.2587858 0.3199302 0.5141363 0.8173801
0.422259 0.3771686 0.8602923 0.7163056 0.005228707
0.4610682 0.2784303 0.4346126 0.05440451 0.2770088
0.4749191 0.2980685 0.5392017 0.05846338 0.3149572
0.2285506 0.8378379 0.3894274 0.3866685 0.5517333
0.5798112 0.379966 0.1046855 0.2621031 0.1315812
0.208097 0.2870775 0.3976963 0.9295236 0.6662948
0.695986 0.8653488 0.33367 0.1900556 0.9030618
0.4091029 0.3353719 0.8020647 0.5084454 0.2291916
0.6020783 0.1871958 0.6555722 0.5248673 0.4918527
0.0527705 0.5032827 0.1474651 0.3036821 0.1440794
0.2859485 0.11969 0.5757631 0.3407183 0.4198118
0.1042693 0.5228586 0.7925511 0.5372468 0.163681
0.3219732 0.7273671 0.6554397 0.8078294 0.1490963
0.1590322 0.6355435 0.6905603 0.4141161 0.866517
0.5160693 0.600008 0.8799638 0.8481834 0.21028
0.7704098 0.357492 0.199879 0.9599829 0.7419827
0.3746143 0.7000326 0.1547411 0.3057636 0.4217856
0.6788403 0.1942293 0.2491226 0.06728769 0.9803064
0.4980456 0.1982069 0.03331044 0.08277673 0.9554528
0.9198817 0.6744749 0.3460739 0.8765828 0.6660138
0.08494194 0.1172583 0.5524723 0.06786685 0.1467188
0.608565 0.1944347 0.2587986 0.2943982 0.5091368
0.7428924 0.7249123 0.8970062 0.884086 0.1536602
0.7533426 0.4990543 0.0419056 0.9079614 0.8370344
0.9137507 0.8462159 0.2196386 0.9295463 0.7305106
0.7362457 0.7869882 0.425125 0.1685634 0.2045402
0.60564 0.9639102 0.2947107 0.1759639 0.8442303
0.7034115 0.2490505 0.5405027 0.4249556 0.6823683
0.04513714 0.8440542 0.7407017 0.087113 0.9469197
0.8384903 0.08076857 0.8992142 0.3881146 0.1681458
0.7009996 0.006479736 0.2723979 0.4355428 0.9332113
0.3231494 0.321847 0.4764994 0.4144165 0.6625089
0.4267087 0.1283523 0.881874 0.7715746 0.923398
0.9111868 0.05877684 0.5842424 0.006215102 0.7504123
0.5621602 0.3019226 0.5482587 0.1077281 0.9835833
0.8679193 0.6735738 0.3240296 0.1411358 0.5080147
0.7502888 0.3965361 0.7917277 0.5635714 0.347884
0.150043 0.3644273 0.9091496 0.7618433 0.3276348
0.719151 0.4840329 0.8612841 0.5490928 0.4456999
0.7643406 0.1066073 0.8225853 0.9782805 0.3886597
0.9479373 0.1246927 0.5257258 0.3638071 0.6426967
0.1393819 0.2646063 0.6729547 0.3856963 0.08463178
0.08857935 0.7515737 0.2452418 0.6975188 0.01439365
0.2027003 0.6923885 0.7489601 0.2440232 0.3065381
0.02552401 0.5502289 0.1522641 0.9764651 0.04771377
0.3185349 0.5956642 0.5667582 0.1536039 0.2473419
0.6260202 0.9950183 0.8458437 0.05301395 0.8800499
0.732088 0.07843489 0.3190004 0.8269115 0.5354495
0.2770315 0.08845539 0.5053631 0.8511757 0.01221267
0.3907886 0.5497124 0.07841666 0.3775026 0.5353176
0.477818 0.5971749 0.4688456 0.5537613 0.01232787
0.6704561 0.5576222 0.6541946 0.8015753 0.4307773
0.2985561 0.8848083 0.03994488 0.4279103 0.3743714
0.2701517 0.4147142 0.998178 0.857061 0.550419
0.2623792 0.8322485 0.08086723 0.3481675 0.4691639
0.0781241 0.7263237 0.5663989 0.2375827 0.5754078
0.3274843 0.1684776 0.6756221 0.3483915 0.3617977
0.8764178 0.6221425 0.8102306 0.0001085441 0.03851364
0.311776 0.5033502 0.4238533 0.6437637 0.8784055
0.2383868 0.5294492 0.331172 0.3324663 0.5138047
0.2845321 0.8479497 0.9557167 0.5841848 0.5699471
0.8484112 0.001035878 0.8725303 0.500269 0.5503447
0.1007849 0.8465941 0.7695365 0.9107641 0.5322331
0.5474231 0.4278244 0.9582925 0.03058066 0.955629
0.4105698 0.6478935 0.2380266 0.689126 0.7928532
0.5563655 0.4645223 0.5707732 0.1611862 0.2010175
0.5733497 0.8584556 0.8943565 0.5450155 0.7325548
0.179718 0.5504759 0.2964734 0.5311277 0.7980459
0.5122137 0.929389 0.0346043 0.9130469 0.9933027
0.3076758 0.5196177 0.4277208 0.773565 0.981621
0.1679145 0.6142522 0.1728576 0.1663356 0.9957372
0.1563829 0.4124801 0.920326 0.7314427 0.3802123
0.9977454 0.01592369 0.5568868 0.8428815 0.4859928
0.2034903 0.971108 0.4730995 0.7715831 0.07914082
0.1354248 0.09014131 0.756997 0.4968016 0.02144702
0.9061769 0.9864793 0.4932186 0.792108 0.628886
0.3181487 0.6170127 0.7138639 0.09816732 0.6689335
0.5734762 0.3960698 0.8357777 0.1086254 0.4546798
0.4668611 0.6501945 0.5989691 0.6067497 0.3956567
0.2658451 0.1130204 0.1238642 0.07167317 0.6012332
0.7186045 0.2989489 0.1253828 0.3292585 0.9763544
0.4125764 0.8353986 0.5321845 0.9220596 0.03915529
0.3187767 0.8080193 0.09813768 0.03660293 0.3306363
0.3629625 0.5641103 0.5601536 0.6196984 0.1815064
0.3037927 0.7433163 0.6159422 0.6712619 0.3085452
0.2990318 0.9819429 0.4257497 0.6675491 0.4764862
0.1413319 0.9864735 0.594285 0.8735554 0.2424101
0.9582175 0.5372325 0.557451 0.4804383 0.6486449
0.06720284 0.2797251 0.4942719 0.2995059 0.1618747
0.6602336 0.05338665 0.9455803 0.3412067 0.6595073
0.9208922 0.09009765 0.4945757 0.8742269 0.8492407
0.6049951 0.8525122 0.3075733 0.2219659 0.202632
0.1824944 0.2706759 0.4037991 0.4498266 0.9896163
0.1701889 0.8781797 0.06052837 0.9512758 0.2606992
0.1419202 0.7661724 0.07810629 0.370072 0.7161488
0.01996951 0.777509 0.2118922 0.8579397 0.3815348
0.6605179 0.9930215 0.2790515 0.203269 0.5566377
0.3878656 0.2906118 0.04760501 0.8988689 0.4521785
0.1639703 0.840051 0.8177868 0.379043 0.8383417
0.737115 0.6465829 0.1103639 0.9991826 0.4962502
0.7112728 0.1631871 0.7752231 0.5709768 0.9682442
0.1610702 0.1627823 0.4224921 0.6439602 0.4643972
0.5438953 0.4620725 0.8657051 0.2647898 0.9400605
0.270372 0.278422 0.7063265 0.1453426 0.3800042
0.8852773 0.5103048 0.4259943 0.9600914 0.530396
0.8459576 0.7403339 0.7336185 0.6593039 0.7539156
0.3308537 0.3501542 0.2653731 0.4663493 0.6112691
0.4227316 0.01699111 0.2563318 0.3987698 0.9727427
0.8527929 0.9804041 0.1234234 0.5254779 0.2398659
0.3305882 0.8511896 0.2032234 0.8761724 0.9358134
0.8211808 0.1018578 0.2730293 0.2598407 0.891011
0.2073233 0.7843066 0.4534902 0.3395377 0.2465396
0.2503246 0.08971503 0.1072273 0.7637174 0.5210031
0.5056505 0.6442438 0.8557356 0.6952767 0.4748376
0.3777497 0.9930338 0.8377534 0.8230134 0.9371083
0.0783805 0.4806325 0.489126 0.07823323 0.8296415
0.9811598 0.8429738 0.6160712 0.492185 0.4938085
0.01947396 0.2753989 0.7374859 0.5199283 0.7962287
0.5561721 0.3250284 0.6630765 0.3933705 0.4625769
0.08772514 0.6742411 0.8571797 0.7363593 0.3422134
0.7062364 0.6257732 0.8501478 0.7174378 0.4876551
0.3440066 0.5271488 0.8897611 0.8859231 0.6098324
0.6613408 0.2253599 0.6552809 0.3189994 0.9836086
0.003783114 0.8799387 0.8703764 0.9563413 0.9057709
0.5460454 0.9960222 0.4897568 0.4588221 0.9199664
0.08590037 0.06955713 0.1998105 0.6782095 0.239441
0.0129422 0.799963 0.672396 0.1281178 0.2339412
0.9309838 0.9194553 0.7762724 0.9815251 0.7985516
0.7934449 0.06756536 0.879176 0.7946652 1
0.4006879 0.6047095 0.556391 0.3028872 0.00506993
0.9131824 0.3970593 0.4521768 0.6063421 0.7783721
