0.2153814 0.7501854 0.02702884 0.1937626 0.97622
0.8930076 0.807463 0.08847186 0.4309688 0.5796875
0.9599984 0.7377577 0.02440153 0.8268404 0.4686326
0.9567679 0.1087998 0.1522939 0.2965442 0.2842558
0.6044127 0.5768524 0.01671251 0.8975295 0.6995348
0.04198368 0.005799386 0.7673735 0.2788283 0.8183876
0.4713218 0.3525601 0.6532291 0.3681535 0.6732694
0.965891 0.7645523 0.2254569 0.1371701 0.7459695
0.0877616 0.925906 0.8619466 0.3753294 0.6022648
0.9890536 0.6879871 0.8600723 0.9804523 0.7407292
0.3172432 0.08995583 0.07758256 0.3880347 0.5821218
0.9430842 0.2683244 0.7883415 0.6481818 0.8954279
0.01811076 0.6004134 0.1406789 0.8444928 0.6771065
0.6574772 0.0317746 0.1197686 0.7224721 0.6399125
0.6844066 0.6413694 0.357107 0.1145143 0.397188
0.2227097 0.390607 0.5669145 0.05996054 0.8866913
0.1655874 0.6353839 0.1340051 0.3572165 0.3572112
0.4804547 0.2617199 0.2018043 0.1298455 0.7380611
0.1683596 0.9550666 0.7325813 0.1675889 0.04030675
0.6797858 0.4215819 0.5521314 0.1010916 0.4915686
0.09971189 0.3537804 0.4647971 0.8029173 0.5178255
0.3645907 0.5595827 0.3542428 0.3006647 0.1085897
0.186695 0.09244496 0.7967807 0.9951714 0.8951976
0.6041807 0.865357 0.5709215 0.4241941 0.4549148
0.7258417 0.2246714 0.8459434 0.7371287 0.06122587
0.7039103 0.2866821 0.2141755 0.2497775 0.5482432
0.657471 0.1229997 0.6853364 0.3874628 0.6100232
0.09510942 0.5883214 0.3066256 0.4494268 0.2599892
0.7299938 0.2581161 0.9248045 0.4816423 0.07499968
0.06241972 0.08161564 0.06858241 0.1533527 0.171922
0.8249016 0.4784818 0.3621586 0.4258428 0.9563403
0.1148774 0.5346406 0.5261 0.5544524 0.8532233
0.4976873 0.2834915 0.1204923 0.7376056 0.8282277
0.8030134 0.2247394 0.8002532 0.8479614 0.7989762
0.3692323 0.891209 0.6880063 0.1360063 0.7634619
0.2979517 0.4950954 0.3388262 0.9881922 0.616766
0.2204232 0.6990038 0.7665142 0.5681187 0.9273664
0.9108852 0.6697569 0.4012157 0.4619119 0.9546868
0.4946918 0.2245501 0.5161536 0.8962967 0.8547106
0.4116661 0.5657826 0.09746519 0.6908079 0.7351345
0.9135246 0.501562 0.7071299 0.4233414 0.6170733
0.3027172 0.2377895 0.6060043 0.6974127 0.5696555
0.6899067 0.6398148 0.5762636 0.5623088 0.4018732
0.8435182 0.7794636 0.7114532 0.3908412 0.1081523
0.9247331 0.3832758 0.6963044 0.7957532 0.5757573
0.6468787 0.09908476 0.0003068211 0.3824594 0.2283585
0.3990527 0.7188548 0.04953055 0.394997 0.3557814
0.7940449 0.143356 0.2685563 0.8992524 0.1296421
0.318888 0.6146835 0.6163981 0.9784922 0.760702
0.9112012 0.3831321 0.09533291 0.8166174 0.5785714
0.1800762 0.1125412 0.9562314 0.4132231 0.5804138
0.2084825 0.5229954 0.2188995 0.3956415 0.6477901
0.0276099 0.5617035 0.2080838 0.7570795 0.6512916
0.8958115 0.5738916 0.4304807 0.5521425 0.6045136
0.3272721 0.8282187 0.7474441 0.4154033 0.5892474
0.9990909 0.9945838 0.8269238 0.3595846 0.2854374
0.9064868 0.1853409 0.3572228 0.5303112 0.1545672
0.8179901 0.1609526 0.5096519 0.0417595 0.7594102
0.882111 0.7424049 0.5867731 0.3206264 0.6142328
0.0903715 0.8812417 0.5854245 0.6637161 0.6765397
0.7689942 0.2581478 0.7464792 0.3585309 0.7649856
0.9344241 0.1165951 0.362371 0.875603 0.0431578
0.4846429 0.7406067 0.4814396 0.5378276 0.258827
0.4482468 0.4221903 0.3295363 0.3676824 0.7532683
0.4205553 0.3573676 0.9082394 0.6345015 0.1670268
0.6635659 0.49841 0.2100089 0.4995206 0.002230862
0.0787978 0.03178579 0.4244731 0.7728356 0.3482022
0.4193967 0.9359212 0.4410204 0.0390828 0.4834442
0.20807 0.9146989 0.4143471 0.3195502 0.7372357
0.9059542 0.005988363 0.8460228 0.0899719 0.717037
0.72942 0.7978233 0.376662 0.9084392 0.113184
0.5008514 0.3068438 0.3444447 0.09210465 0.2259544
0.3982361 0.4604082 0.1139027 0.07471485 0.8176637
0.05323771 0.03934503 0.65479 0.312002 0.06608875
0.5492247 0.4849871 0.02488685 0.2305591 0.08178024
0.6945426 0.6825901 0.03432022 0.5670374 0.9643992
0.7188491 0.07459448 0.5153339 0.8075581 0.4701495
0.3064674 0.7494629 0.8469248 0.4963268 0.2087799
0.09062192 0.2615849 0.8445067 0.2221511 0.5867282
0.8802571 0.7714307 0.2679489 0.861586 0.4187183
0.01909381 0.8127013 0.4242845 0.2657454 0.706716
0.05225516 0.3001922 0.6943388 0.6734355 0.9396076
0.687055 0.4787634 0.5952959 0.04242185 0.9201941
0.619688 0.8822594 0.6890243 0.5365252 0.4922643
0.5313096 0.9330228 0.1382934 0.3271025 0.9264737
0.3211138 0.5168371 0.2742672 0.8045906 0.7824887
0.477874 0.4846224 0.7434735 0.8174536 0.7403731
0.1789777 0.6142675 0.1499407 0.6890913 0.7626823
0.4368114 0.771885 0.611748 0.09198991 0.8096511
0.2318221 0.3881403 0.1842142 0.4250742 0.1269662
0.06436572 0.03300144 0.9208261 0.2062378 0.9179663
0.1231447 0.7153411 0.5014759 0.6041967 0.3942847
0.7692038 0.3856386 0.7584392 0.202679 0.7756842
0.3235282 0.53159 0.2245451 0.7828301 0.9068739
0.09419112 0.7955945 0.3012508 0.3360589 0.6645284
0.5699047 0.4460856 0.4111635 0.1573242 0.9257951
0.5105924 0.3335103 0.5354937 0.6062471 0.04206808
0.6023807 0.8315889 0.7937145 0.3671063 0.0274031
0.7502362 0.8141354 0.0985101 0.3903175 0.0859121
0.7280732 0.1844068 0.609994 0.9850256 0.9820664
0.7732786 0.6688508 0.9616341 0.254865 0.7211599
0.9787859 0.05446999 0.7852626 0.08274777 0.6440657
0.9900977 0.008863323 0.9675956 0.6808586 0.02091636
0.2829579 0.9921158 0.06602498 0.7446462 0.3850989
0.03583244 0.8879239 0.41958 0.3260546 0.8081554
0.1288488 0.003956891 0.9387932 0.6318304 0.8118718
0.561569 0.6778645 0.9551366 0.3448878 0.9354902
0.8349832 0.3425366 0.4426386 0.3027083 0.27337
0.1322045 0.932943 0.9944932 0.2365155 0.7920155
0.3230914 0.7082478 0.3624492 0.2501336 0.5697001
0.02406349 0.5866868 0.8022298 0.2173904 0.3839047
0.6166495 0.2046777 0.131186 0.9163562 0.9263397
0.3861957 0.9339685 0.02963714 0.3340853 0.4129253
0.2591699 0.4581716 0.7999788 0.2798597 0.4741858
0.7984877 0.4370654 0.6657385 0.4548842 0.3856718
0.5336255 0.8645676 0.5995612 0.05672084 0.570196
0.8737675 0.7083266 0.2709841 0.476295 0.4445067
0.05949948 0.504181 0.7193541 0.6513744 0.7668247
0.1172048 0.00421669 0.03693414 0.08501444 0.1286098
0.5615378 0.3859807 0.8905087 0.2956669 0.06379927
0.4241612 0.9993923 0.5752382 0.5384115 0.3683053
0.5833862 0.6399239 0.1015727 0.01510683 0.2877874
0.08032858 0.2680645 0.4246375 0.613292 0.546125
0.4165596 0.2300157 0.945493 0.5017709 0.9201598
0.06116321 0.2876869 0.8938807 0.8023243 0.8762912
0.4778288 0.8788452 0.05058002 0.1377761 0.828337
0.427688 0.2637801 0.04929988 0.07048571 0.6115375
0.009168327 0.2493984 0.1498484 0.1255609 0.2699275
0.09817182 0.2597764 0.5640748 0.6908346 0.5354545
0.9392343 0.4469568 0.004585446 0.0393036 0.6066356
0.3770817 0.6033788 0.7306955 0.4756726 0.0896324
0.8160146 0.3111707 0.2349574 0.9985647 0.764696
0.8718504 0.1954178 0.09807704 0.07191175 0.007777465
0.3180835 0.3026418 0.4687694 0.5637489 0.9550329
0.3851293 0.1403782 0.6029365 0.7737667 0.6813541
0.9461315 0.7358254 0.8506399 0.09816018 0.9129795
0.1050167 0.04863332 0.7974556 0.7237807 0.6625409
0.1622752 0.06978721 0.6114465 0.3369894 0.6167951
0.2798863 0.6780164 0.335942 0.563172 0.2183883
0.6997919 0.02500639 0.117433 0.1993577 0.538656
0.7632669 0.7850738 0.112358 0.6243969 0.549921
0.7629869 0.1928944 0.07261706 0.9166877 0.2334924
0.8537117 0.1731481 0.07832183 0.2735359 0.3011283
0.8541877 0.9626637 0.09380857 0.9649602 0.274988
0.5349427 0.7894196 0.508414 0.4432944 0.09140065
0.01607673 0.478703 0.4266167 0.4693255 0.1317949
0.4083401 0.1456952 0.5703462 0.8511987 0.1663466
0.9347182 0.3364911 0.8342029 0.4538943 0.218776
0.5677148 0.3803447 0.5428334 0.771627 0.2821027
0.7712832 0.5819823 0.5872394 0.9242574 0.1165256
0.171123 0.5692711 0.8920268 0.01326761 0.2104517
0.06426272 0.867651 0.3832796 0.8924028 0.9104317
0.5486759 0.194272 0.5026647 0.9118787 0.02480205
0.7948051 0.3835731 0.8226676 0.8310162 0.4783536
0.02111372 0.1054121 0.01146919 0.923823 0.01927226
0.9929144 0.7970292 0.1605579 0.2602906 0.3814027
0.5223975 0.7654919 0.8533171 0.5133383 0.2317942
0.1894666 0.439113 0.6716704 0.4571816 0.8013269
0.9142046 0.2909522 0.04132515 0.4636551 0.1197164
0.5365983 0.8508016 0.6983182 0.3929657 0.02918194
0.3020412 0.917839 0.813031 0.3233103 0.547289
0.1004441 0.9877234 0.8246797 0.1086031 0.9150628
0.8034801 0.5829606 0.5623103 0.1391258 0.5584468
0.9514004 0.7976174 0.3822666 0.5958892 0.4792567
0.383287 0.2067865 0.9344373 0.01012268 0.6581248
0.06064584 0.7633551 0.9237701 0.4822127 0.769696
0.9765478 0.01007815 0.6490521 0.4033687 0.8613438
0.2679322 0.6584846 0.7023445 0.6308281 0.4785317
0.2044323 0.3737226 0.9981401 0.9598478 0.03991712
0.9041179 0.9862844 0.7426457 0.192613 0.89697
0.1076313 0.5276724 0.2381253 0.4998243 0.540319
0.6374132 0.01495356 0.02652292 0.5544792 0.9077074
0.1835076 0.1358473 0.1073075 0.2000062 0.7699703
0.5235344 0.9809911 0.9917999 0.8421229 0.3135765
0.5821765 0.04456253 0.9618005 0.7456636 0.5457759
0.3824639 0.9204025 0.7715053 0.3298553 0.8305975
0.298097 0.9358306 0.9403646 0.57846 0.865655
0.4368538 0.07503078 0.9124605 0.8462145 0.0681655
0.2144688 0.4431096 0.3445743 0.8197121 0.5518027
0.7499559 0.4450879 0.4933301 0.7833761 0.1346691
0.7906195 0.1293641 0.01809847 0.4055909 0.2856486
0.2379283 0.2403159 0.3442919 0.8244101 0.2342018
0.6769547 0.7950264 0.05062253 0.3119702 0.9192135
0.7004534 0.09935892 0.8412937 0.07547811 0.1843996
0.5635921 0.3256068 0.06938896 0.8817949 0.4636051
0.8320058 0.7868426 0.8346936 0.7979576 0.9209725
0.01705308 0.05916182 0.1363147 0.751052 0.2030417
0.1146664 0.7556878 0.3815475 0.02657806 0.1658904
0.6100391 0.935052 0.7716756 0.5637752 0.09517101
0.09058765 0.4969994 0.03822451 0.3839882 0.357971
0.6606152 0.9811404 0.5428593 0.6073895 0.9130815
0.6178128 0.6205104 0.08037266 0.1835755 0.6408439
0.03374984 0.4458581 0.9566771 0.3099337 0.08579533
0.4332386 0.04992643 0.7927999 0.01332056 0.01989581
0.8096916 0.5573747 0.2136001 0.2110867 0.9148684
0.09137955 0.1275914 0.3032325 0.411294 0.708787
0.08139977 0.6521804 0.6282992 0.2506735 0.9795133
0.05083067 0.732084 0.4785102 0.7148091 0.3459365
0.1686267 0.7102317 0.4946968 0.9395104 0.08167183
0.06478962 0.7194318 0.1848452 0.5214943 0.2812421
0.8913779 0.5217604 0.01889551 0.4429645 0.1382344
0.5753719 0.1080514 0.2476166 0.916979 0.451913
0.2853208 0.912021 0.7726883 0.9864982 0.7659538
0.9067149 0.7370821 0.277991 0.978434 0.6179569
0.9514936 0.6600538 0.3610296 0.1843963 0.3740408
0.5282428 0.3368755 0.1435816 0.548978 0.1852107
0.8019858 0.2176455 0.09439473 0.3518355 0.8812623
0.662866 0.7556165 0.8591486 0.5993205 0.6080506
0.03043757 0.2837653 0.5308774 0.6093213 0.4027508
0.2961767 0.3323644 0.7018762 0.2909509 0.5082036
0.4329368 0.2994803 0.8667615 0.4877359 0.3441337
0.9203424 0.9327873 0.008369472 0.3097163 0.7206464
0.3010212 0.3615605 0.3121633 0.964352 0.3555193
0.4953407 0.3309862 0.04217632 0.4712835 0.3197701
0.7842889 0.007247639 0.7702957 0.6361985 0.934869
0.8589172 0.8061173 0.9529048 0.03561925 0.8184127
0.0503135 0.9906486 0.3374249 0.5777414 0.5716254
0 0.9217194 0.620615 0.2316679 0.6452307
0.08255071 0.405632 0.2612084 0.5940278 0.603931
0.9540668 0.265091 0.4231239 0.02272589 0.7890534
0.5783665 0.4103998 0.6314316 0.09675723 0.9668526
0.7329636 0.3868136 0.1211523 0.5022815 0.06849131
0.1817002 0.07418404 0.422097 0.3542249 0.2194576
0.4570505 0.07360315 0.1923885 0.7577108 0.1007312
0.4940973 0.4336362 0.9286388 0.3999911 0.768147
0.1286169 0.5998673 0.7774383 0.7750577 0.5470779
0.8442121 0.14854 0.632787 0.3264426 0.08098703
0.7793055 0.5920082 0.1961999 0.4734362 0.1437525
0.1820498 0.1960796 0.7567886 0.4311745 0.7197286
0.2546712 0.4195284 0.2508585 0.6829366 0.08441311
0.06522552 0.4032392 0.8688528 0.6207968 0.4498355
0.276397 0.4532354 0.9681865 0.5462722 0.1988033
0.2530341 0.1441517 0.1365728 0.8039851 0.05854725
0.4433704 0.3475657 0.7364797 0.12864 0.1681241
0.2566226 0.2831214 0.5950327 0.02775748 0.7142556
0.4005099 0.15947 0.4356239 0.8957041 0.7823745
0.4834979 0.7242268 0.2239827 0.5135622 0.883424
0.4972892 0.4209033 0.1799653 0.8532235 0.944157
0.0989569 0.2766195 0.3593752 0.6262192 0.4873692
0.9044939 0.02223776 0.9966321 0.05680247 0.6078683
0.3172772 0.04406891 0.6014153 0.5772362 0.329908
1 0.410549 0.4871491 0.9446331 0.5482354
0.4164652 0.05979843 0.3917486 0.8549267 0.4134183
0.1225549 0.8723784 0.9660027 0.8257937 0.6456048
0.8188087 0.3559688 0.01614171 0.7070281 0.6213555
0.2213667 0.1257063 0.06867228 0.5337898 0.197704
0.4048116 0.3487486 0.5219957 0.176589 0.7944167
0.06756056 0.6453557 0.5309766 0.05064732 0.9220881
0.3903817 0.9731489 0.1546729 0.1351742 0.3059469
0.2569437 0.218021 0.9172467 0.1199444 0.3404062
