0.8229365 0.2627509 0.5743992 0.1125267 0.6264493
0.1393505 0.1556467 0.7674368 0.6984809 0.1027789
0.456794 0.552497 0.7160038 0.5524663 0.3571677
0.4472313 0.5852821 0.6183771 0.3576952 0.4670514
0.9489213 0.6801806 0.009070131 0.01038282 0.5049526
0.4244048 0.239854 0.1903713 0.2695449 0.06916778
0.5319549 0.04534791 0.4310289 0.9802976 0.8996993
0.8331227 0.5789414 0.727609 0.9366313 0.8420168
0.07653757 0.4695263 0.7733503 0.5342403 0.3742381
0.1370264 0.1182033 0.3565383 0.1242048 0.8460002
0.6341557 0.4659743 0.2318191 0.7709846 0.2218712
0.007668048 0.3693166 0.5165094 0.1522657 0.2569124
0.08648309 0.3415843 0.9330182 0.7240205 0.1688799
0.4833283 0.5720957 0.569456 0.1924654 0.2643555
0.7269115 0.6983336 0.4851313 0.2830588 0.4130263
0.7508284 0.1590711 0.4633602 0.8117709 0.5666295
0.6485238 0.1325023 0.5009247 0.3499445 0.2296879
0.03242561 0.4269773 0.5597716 0.3718196 0.8569227
0.8465046 0.4634649 0.5013854 0.5818856 0.6932308
0.4653118 0.007344174 0.00483217 0.9177799 0.1191014
0.4632003 0.7181763 0.4047302 0.8421618 0.7533429
0.4836354 0.1869378 0.9874634 0.918253 0.9044579
0.387541 0.9183805 0.9672377 0.5817142 0.02572429
0.5868279 0.9270769 0.3977577 0.8998763 0.9193109
0.4942784 0.2665439 0.05932123 0.2778109 0.5525639
0.4722843 0.07539138 0.2353891 0.72598 0.9005099
0.8830664 0.4378805 0.2641497 0.1886919 0.4557126
0.6625719 0.2993747 0.03793768 0.6575481 0.4736462
0.6835251 0.217406 0.7902487 0.5952805 0.1711386
0.3887729 0.9849645 0.9346521 0.6767106 0.9055475
0.9474053 0.8277387 0.6627626 0.8367753 0.4473061
0.7307537 0.5564229 0.3788132 0.2092005 0.243009
0.1009645 0.8949289 0.2953287 0.7345526 0.9792208
0.4383082 0.06968055 0.8322983 0.1807494 0.4956367
0.1675698 0.05273845 0.2545063 0.9152099 0.9237158
0.1874043 0.2454859 0.3041061 0.5376244 0.3263928
0.1136232 0.9408531 0.6985069 0.4955996 0.3299722
0.4338189 0.1148972 0.03393195 0.5622239 0.2095992
0.2630194 0.7099081 0.9644405 0.5160011 0.004373256
0.0897645 0.120309 0.6343261 0.8372639 0.08221396
0.3953093 0.6510314 0.1018044 0.2358545 0.4089715
0.5423295 0.6498999 0.9848052 0.8945431 0.2715539
0.5211409 0.3220874 0.8927454 0.06388885 0.3608971
0.2546078 0.6572899 0.8105696 0.3457504 0.4184279
0.9069959 0.09731075 0.5566291 0.1783948 0.5463975
0.2345165 0.5626815 0.08883228 0.894191 0.0912666
0.7432884 0.3749507 0.7078258 0.637083 0.02645784
0.4482263 0.2836385 0.5597398 0.3953406 0.07779819
0.8448987 0.7797458 0.8052836 0.9694363 0.5501366
0.7917105 0.4724086 0.835693 0.8662048 0.7148623
0.5452628 0.4015503 0.07240923 0.7898363 0.05103774
0.2917906 0.02005447 0.9088495 0.9958613 0.1568801
0.305626 0.1635656 0.1967643 0.4877717 0.6313596
0.3052416 0.6229194 0.02295863 0.5561032 0.6112656
0.4500067 0.4629878 0.6150318 0.5720644 0.4915727
0.4191806 0.5489849 0.6813027 0.2023903 0.2143875
0.7260433 0.1431202 0.5201704 0.2631375 0.689349
0.0577397 0.6787801 0.9424951 0.1263507 0.4664275
0.8934033 0.02696838 0.3008627 0.2510879 0.8447022
0.6557907 0.2750575 0.1420584 0.9728629 0.7100951
0.4243874 0.8088392 0.379317 0.6387128 0.5370142
0.8317704 0.7310044 0.01832616 0.8624187 0.3377012
0.00810008 0.03292944 0.151901 0.6061719 0.1886737
0.3660972 0.6474538 0.4631562 0.4996031 0.4915382
0.8263124 0.5337119 0.5800296 0.4405686 0.241324
0.05085195 0.2765095 0.1800846 0.9741514 0.2997259
0.7575838 0.5217762 0.3979811 0.907455 0.8649819
0.2535189 0.5717942 0.5722821 0.4887939 0.582073
0.7954209 0.9539375 0.8011387 0.1911799 0.1161362
0.763236 0.8838628 0.2455976 0.5553687 0.9122622
0.0801496 0.4666839 0.9938518 0.5033393 0.7850853
0.7942496 0.5065742 0.4845484 0.8363176 0.2465788
0.9907501 0.4080826 0.1578816 0.3370577 0.7608514
0.673152 0.2985404 0.2336541 0.1834381 0.5006995
0.3941401 0.6905824 0.03839515 0.2374651 0.4160508
0.154705 0.07781094 0.748425 0.8790938 0.138204
0.4038457 0.3235438 0.9233025 0.9472122 0.7792084
0.7017686 0.433471 0.7781505 0.09158354 0.6901162
0.1924921 0.667429 0.0520855 0.1852175 0.4426133
0.502663 0.392707 0.9890513 0.9541615 0.7743825
0.6398102 0.5010061 0.9629705 0.5614038 0.7938685
0.1146205 0.09516308 0.8208108 0.2262568 0.1747954
0.8025063 0.1510418 0.670407 0.65492 0.7357464
0.8713433 0.7699231 0.1660643 0.6621366 0.961874
0.9489661 0.05678058 0.5693608 0.4258807 0.06676768
0.5544346 0.2736511 0.5749488 0.6875829 0.9696042
0.4782675 0.04866348 0.9318763 0.02086805 0.7143542
0.03413397 1 0.5456005 0.842165 0.7421431
0.637124 0.5924048 0.7160459 0.8169739 0.4799481
0.321436 0.2175093 0.05265093 0.1364094 0.2437436
0.917171 0.5843459 0.3218593 0.735983 0.2784706
0.04124796 0.6871143 0.5966227 0.1639554 0.8518146
0.2501028 0.9856405 0.90502 0.5732987 0.2937892
0.9743068 0.5089851 0.04019366 0.9910445 0.6606989
0.6614571 0.6022984 0.6780774 0.2291148 0.2883644
0.9545635 0.6235136 0.794092 0.2898477 0.03561126
0.8387354 0.2831666 0.4124153 0.3196111 0.6458037
0.4315957 0.9462191 0.8693884 0.5936072 0.9547363
0.9517828 0.285979 0.7374892 0.1139857 0.4761036
0.3364815 0.7252669 0.8530215 0.4547161 0.835585
0.6644939 0.857294 0.8605953 0.7267563 0.1120062
0.8407306 0.3149756 0.5882179 0.7532483 0.9939703
0.6804923 0.1951095 0.8464932 0.8575598 0.750361
0.8027891 0.6207645 0.001307036 0.370715 0.7022001
0.3868969 0.08115982 0.4849868 0.3720524 0.7376353
0.6685988 0.7902105 0.6744201 0.4764865 0.320922
0.6403331 0.7705707 0.526794 0.1930609 0.970739
0.5858526 0.1474503 0.124132 0.2125272 0.7434746
0.7999095 0.08384396 0.8261779 0.7099048 0.8234121
0.5217434 0.7870677 0.9791938 0.5848726 0.7101826
0.3592929 0.7889632 0.9706707 0.7371518 0.5590274
0.4675427 0.8198519 0.453059 0.05034878 0.7790831
0.1275486 0.3668919 0.1969178 0.1709385 0.4724703
0.06209566 0.1226347 0.5261091 0.3475113 0.1357676
0.6954932 0.8462901 0.04688561 0.956438 0.7661027
0.2528615 0.269381 0.07675917 0.384375 0.5103829
0.1274266 0.288098 0.7480248 0.07208394 0.5001174
0.8931688 0.7584326 0.4761394 0.53569 0.7647478
0.661278 0.1149139 0.6174952 0.9793184 0.9716084
0.1921411 0.615652 0.6038696 0.4074525 0.5062192
0.006757901 0.07653858 0.5146101 0.1850046 0.7191177
0.3407364 0.3634259 0.7512689 0.1945091 0.4251015
0.3585029 0.8922584 0.171856 0.05010051 0.363081
0.6390226 0.4649151 0.5782334 0.8672401 0.7849777
0.09445495 0.6690786 0.1446715 0.4749921 0.1089574
0.01780569 0.9209055 0.4472908 0.334418 0.3091538
0.3608898 0.2683003 0.1151943 0.7711013 0.1415143
0.1930605 0.7061234 0.3352912 0.8710906 0.8259116
0.7787549 0.5802103 0.9215792 0.07590755 0.07594273
0.1090702 0.5295249 0.1333899 0.8760358 0.1866803
0.8885759 0.6074263 0.5079601 0.737853 0.7329771
0.5891984 0.6454715 0.4251093 0.03525011 0.3309005
0.6598441 0.5839335 0.1667526 0.1752868 0.9325703
0.9744603 0.2086008 0.4586162 0.6084275 0.4156204
0.2805806 0.9145028 0.2046745 0.655026 0.7709577
0.421186 0.7367147 0.7748643 0.4209262 0.5179989
0.6667819 0.2215882 0.528782 0.8214015 0.1404208
0.2031168 0.07793895 0.4585868 0.8200556 0.5085035
0.8028104 0.9938597 0.502797 0.2253971 0.1419337
0.8515739 0.9577236 0.5028523 0.3664476 0.5836571
0.599573 0.703593 0.1151921 0.4187363 0.005087052
0.4217642 0.6410944 0.03839027 0.1563223 0.5162105
0.4989176 0.9146282 0.04310636 0.9787518 0.8702435
0.4111212 0.9327055 0.08365111 0.1032788 0.9883906
0.04395914 0.2415336 0.2369666 0.3818777 0.9764974
0.3087459 0.03808676 0.2008189 0.798285 0.5010484
0.898349 0.9923645 0.0532704 0.08298914 0.9804897
0.9488259 0.02079882 0.6016535 0.672767 0.8593207
0.1063348 0.3910903 0.5287882 0.782767 0.2901005
0.2183088 0.1379021 0.0147898 0.2499608 0.507604
0.981674 0.5375482 0.892552 0.8644671 0.1784078
0.4374277 0.8721832 0.4918157 0.483525 0.5592523
0.4993 0.714368 0.1283397 0.6248997 0.09571864
0.6363571 0.6172887 0.5118615 0.767256 0.8437899
0.7439825 0.6151298 0.5174136 0.04459149 0.6644085
0.7154991 0.06174186 0.1450409 0.9286457 0.006336771
0.7632885 0.2269421 0.597196 0.7406661 0.2540905
0.6450978 0.4619141 0.4927 0.103789 0.8424958
0.9083596 0.4474164 0.2541747 0.9334525 0.5263962
0.9602807 0.5891413 0.4758176 0.3654671 0.8843301
0.1614796 0.0585697 0.2748377 0.1665976 0.1214576
0.03406259 0.0532732 0.9913352 0.3266951 0.9137432
0.3613862 0.9326009 0.05347634 0.8144604 0.4666037
0.9596249 0.6796388 0.002458131 0.7174805 0.1988553
0.8829039 0.7615618 0.6509752 0.1249807 0.06770695
0.2348793 0 0.5810801 0.158229 0.3824595
0.9837181 0.1093896 0.6348249 0.495394 0.04905467
0.07141047 0.002415969 0.1995822 0.02172822 0.5152486
0.5815973 0.248945 0.5680278 0.8478786 0.3303308
0.0003983591 0.4347494 0.7814898 0.9423335 0.6485098
0.7267253 0.475201 0.006132915 0.2626157 0.7536859
0.02649429 0.9395506 0.1743216 0.7235187 0.5838993
0.3857685 0.1593429 0.795033 0.8277785 0.711101
0.7922343 0.2313005 0.7454897 0.7933811 0.4396205
0.4507244 0.561041 0.9327636 0.8645076 0.3829181
0.08253261 0.2781415 0.2603154 0.1437074 0.472322
0.3951532 0.1608009 0.9058765 0.8282698 0.3545979
0.2223815 0.9622612 0.05939903 0.5372561 0.5856378
0.2239726 0.5442196 0.4727918 0.9688703 0.457789
0.8665097 0.4169903 0.6675997 0.1260535 0.3658362
0.3764539 0.0008968315 0.2337389 0.6883841 0.4962081
0.9957366 0.2378178 0.1847498 0.107424 0.422337
0.3191104 0.2588336 0.7193722 0.6333861 0.5566962
0.02911672 0.2109603 0.6715051 0.4677143 0.810227
0.080364 0.8292076 0.1472099 0.8099289 0.007656238
0.8051473 0.2650072 0.9423483 0.8862247 0.5208576
0.7115006 0.7036585 0.2254855 0.985197 0.1697127
0.4092802 0.6538327 0.04076514 0.5559294 0.8285389
0.6650314 0.2772062 0.3653704 0.6041419 0.08784204
0.1516427 0.7463209 0.2470745 0.3980033 0.2548721
0.491471 0.1202167 0.7347003 0.7996677 0.4124268
0.4375009 0.4174338 0.5698429 0.5115354 0.9617699
0.237218 0.3750878 0.01497023 0.07542444 0.5746246
0.9163472 0.5017449 0.310787 0.9503026 0.7337051
0.531683 0.1488367 0.1565365 0.4521194 0.9289477
0.6657425 0.02854905 0.3041539 0.9215139 0.5603114
0.8247441 0.6103811 0.2074469 0.5661333 0.5752696
0.6797314 0.195842 0.5686967 0.1408162 0.2316882
0.6936926 0.6415532 0.7698256 0.1421332 0.7637062
0.8333784 0.9398828 0.7740918 0.3643432 0.3888359
0.4023498 0.9515235 0.2767306 0.03331563 0.8253235
0.679754 0.797455 0.3696912 0.4585885 0.010752
0.9195144 0.3218879 0.09828323 0.3113241 0.1370603
0.790041 0.503449 0.05458148 0.2991269 0.7771682
0.8527997 0.3203651 0.1759873 0.5557057 0.2543611
0.7405202 0.7153436 0.3897869 0.004549396 0.1753385
0.2554519 0.9794387 0.6324773 0.9953968 0.01632437
0.1302177 0.6341646 0.2148593 0.2420297 0.07437695
0.2790682 0.01075626 0.8515016 0.3104735 0.8674435
0.2536481 0.7449225 0.2075174 0.6804905 0.2355536
0.8382577 0.2217348 0.898203 0.120187 0.1238296
0.6238712 0.7892031 0.5638745 0.4607133 0.8965953
0.004137828 0.51771 0.7958674 0.3220861 0.6571831
0.453564 0.7626684 0.7308179 0.7417255 0.2526754
0.3121559 0.8386865 0.1827293 0.9043301 0.6028504
0.7148442 0.9938071 0.9436356 0.3519529 0.01378771
0.8497262 0.6359537 0.9803335 0.1272057 0.3677362
0.1515983 0.5444594 0.3508489 0.9303949 0.4733146
0.2346029 0.2484257 0.8978796 0.07456024 0.8644846
0.05649562 0.6941259 0.5563773 0.1716138 0.9155392
0.986391 0.4612633 0.300366 0.7992943 0.04419889
0.5694246 0.70099 0.5208895 0.4271773 0.9731957
0.07463663 0.8116549 0.3819165 0.4473013 0.4214313
0.1307508 0.04673129 0.5918049 0.4791077 0.1023835
0.3914552 0.3755623 0.1179859 0.7828001 0.2338281
0.3559432 0.2537021 0.02656375 0.9599078 0.9396307
0.4113028 0.08644925 0.1444294 0.9279182 0.1303847
0.6513658 0.0127805 0.7417875 0.2803373 0.5107735
0.09033725 0.05456725 0.7183804 0.2794512 0.2977092
0.9192402 0.2001589 0.7011468 0.1340354 0.0684223
0.1656622 0.4469084 0.4744942 0.3477207 0.9600112
0.6497555 0.8041627 0.2938685 0.8795293 0.9376623
0.1249372 0.9201051 0.4593899 0.8456084 0.4713696
0.1649142 0.7281902 0.4500873 0.291145 0.3993863
0.8930773 0.6216713 0.4841683 0.4771899 0.8367135
0.0548153 0.02600208 0.4856666 0.1003217 0.9527729
0.8473434 0.9772637 0.0105643 0.1380864 0.3651457
0.7766743 0.2118277 0.1129511 0.6911524 0.8774829
0.5745509 0.6617188 0.2585577 0.3994116 0.9204088
0.6365578 0.06522833 0.9723352 0.7592916 0.7803604
0.4333187 0.2286761 0.4833021 0.6147091 0.6808445
0.8266931 0.7293359 0.5613165 0.5608363 0.9686255
0.09937348 0.6866718 0.6658341 0.2000665 0.107196
0.7961954 0.7089255 0.7145718 0.2647013 0.6504985
0.3858584 0.8776148 0.3926273 0.04244241 0.36831
0.6025018 0.9120422 0.9566788 0.3681347 0.1619357
0.09888464 0.5513487 0.1504873 0.09939195 0.5186505
0.7960161 0.7963548 0.6663993 0.4171396 0.5055847
0.3500232 0.2165315 0.8642253 0.2376188 0.458299
0.8294874 0.7546834 0.0631949 0.5300435 0.1247453
