0.5667857 0.1602465 0.3400101 0.7839217 0.3638198
0.5563856 0.3492026 0.110084 0.02822077 0.3294913
0.712734 0.09561986 0.1879786 0.03166636 0.5641196
0.4776234 0.07422725 0.1967184 0.005858714 0.005944866
0.9515172 0.4232547 0.2787136 0.1582003 0.833537
0.201397 0.155564 0.6863311 0.04407859 0.9374171
0.3221687 0.7102749 0.09724125 0.6235677 0.98198
0.6029253 0.2019419 0.8893603 0.08129407 0.3196735
0.8725484 0.3778719 0.713523 0.1275902 0.06792123
0.01678495 0.5569072 0.7361926 0.0243283 0.823456
0.9740971 0.655894 0.545859 0.2316183 0.4211205
0.3461333 0.5527201 0.9995692 0.9450144 0.07659203
0.1761074 0.8884209 0.0625818 0.665425 0.3851482
0.002304705 0.7142577 0.6079521 0.8065543 0.7595238
0.486756 0.2399678 0.0901236 0.8168716 0.01117816
0.883789 0.08512491 0.9291809 0.9114692 0.3720478
0.1092003 0.4148762 0.1971136 0.1394103 0.7300805
0.6377903 0.8372378 0.7521302 0.4585078 0.6026954
0.6089587 0.4133421 0.198067 0.8482134 0.3624971
0.8593862 0.5055036 0.9529914 0.8019517 0.4750242
0.9626419 0.3496486 0.2778355 0.06911734 0.8194513
0.9591811 0.6442402 0.2071941 0.2670518 0.5455047
0.08983068 0.5394146 0.5917557 0.1166263 0.7478118
0.2399458 0.7434775 0.6698637 0.6002587 0.6401135
0.8833251 0.5246071 0.7370051 0.182523 0.08051045
0.05019568 0.5550301 0.4030513 0.891101 0.2625
0.3861759 0.2880117 0.7565014 0.2297207 0.4479507
0.1647045 0.7907688 0.6905538 0.9848792 0.6546608
0.9390862 0.5087027 0.8317768 0.9469915 0.2647964
0.8322138 0.8157392 0.5020237 0.0541662 0.9042412
0.8522939 0.4222678 0.6649832 0.5301458 0.2843028
0.8812224 0.2016066 0.8246915 0.1077959 0.9765702
0.6125194 0.3179882 0.1768016 0.3968859 0.06375808
0.9650394 0.5901003 0.2606303 0.1375866 0.7498141
0.2672264 0.9079074 0.1016037 0.8524135 0.02832478
0.401641 0.613342 0.04794686 0.8111287 0.4817786
0.7041395 0.6551415 0.8155014 0.9745955 0.3447239
0.224263 0.7265138 0.6329452 0.3781392 0.0187799
0.2007388 0.7400366 0.6710149 0.9511876 0.4236314
0.1293831 0.6101391 1 0.0427064 0.4249822
0.241463 0.5453806 0.09707947 0.0594688 0.8538553
0.0524948 0.8009713 0.2990525 0.1507206 0.696197
0.08753631 0.8757786 0.6369166 0.07818272 0.5500662
0.676195 0.6905917 0.6892416 0.0690234 0.2937085
0.0002564188 0.6433915 0.9122189 0.1616144 0.9711697
0.3835818 0.5788376 0.09447116 0.7222544 0.2072774
0.8533748 0.3661691 0.6747064 0.4063494 0.3266206
0.6745467 0.426248 0.9237682 0.8945448 0.8122224
0.8827928 0.8957346 0.06469025 0.8871265 0.4452267
0.7904365 0.9528113 0.02970935 0.9183396 0.3953163
0.2480296 0.3657172 0.5512034 0.545752 0.7764411
0.5515774 0.1941035 0.665376 0.4976878 0.07281663
0.7217364 0.9831941 0.1035076 0.665844 0.3693854
0.07696887 0.463404 0.6029168 0.963891 0.2697104
0.2366531 0.9137393 0.3218923 0.1675001 0.8161142
0.5022365 0.2267918 0.1806671 0.02319168 0.9472007
0.02965587 0.0886968 0.7571027 0.1870703 0.669831
0.381245 0.1759782 0.9332297 0.10942 0.8562921
0.5958461 0.7952312 0.8430364 0.02410081 0.72154
0.790801 0.5915521 0.3089972 0.04809482 0.3927692
0.6707473 0.6672361 0.2079217 0.06229156 0.2536644
0.2263012 0.9837085 0.6352765 0.0567281 0.4129483
0.4733086 0.4085401 0.8122004 0.1070109 0.5720232
0.8234901 0.1482183 0.4822865 0.5378908 0.8033307
0.8764666 0.8389191 0.1224902 0.7281215 0.7707811
0.3389075 0.9785726 0.4226169 0.1252451 0.395286
0.7406621 0.1658092 0.2654546 0.8750337 0.3074649
0.02798708 0.2896677 0.08576739 0.3181321 0.5963421
0.2819662 0.9863648 0.6309578 0.8529005 0.6267092
0.9170063 0.6682236 0.7357623 0.8588516 0.1255899
0.7187829 0.5687191 0.0831978 0.4054149 0.2890565
0.1280168 0.9364151 0.1995188 0.4576598 0.2138181
0.6245776 0.302595 0.09172934 0.795046 0.2182382
0.3675836 0.1056772 0.9988956 0.383945 0.7603566
0.5121076 0.448397 0.1243964 0.9535275 0.1636466
0.7604183 0.2162509 0.9858612 0.7476942 0.668314
0.6623146 0.7705976 0.1258832 0.3374563 0.8942847
0.6555488 0.8905719 0.5790818 0.2508388 0.8409091
0.2229539 0.6524441 0.2049754 0.8408537 0.4911782
0.1150287 0.6785106 0.0191624 0.3933579 0.5132978
0.8333211 0.1874109 0.9969481 0.6255939 0.9257715
0.9942955 0.6638307 0.226065 0.5403414 0.4923975
0.1739277 0.429359 0.1213018 0.9376527 0.9773042
0.317952 0.2430859 0.8917157 0.4554212 0.2592535
0.5485589 0.3152903 0.5659573 0.3808826 0.3381131
0.8441331 0.6731422 0.7248317 0.8024006 0.3825934
0.9749459 0.2107669 0.241195 0.5949541 0.1606878
0.2817898 0.7561882 0.8530877 0.7070644 0.2423879
0.5207016 0.145306 0.8534801 0.244995 0.2769992
0.2033958 0.9750599 0.9600686 0.4277301 0.02269304
0.4345518 0.2105317 0.3824446 0.9766609 0.3782182
0.5999699 0.5375948 0.6680729 0.7511043 0.9608952
0.7973634 0.9838901 0.4787198 0.4053848 0.6076761
0.2656364 0.2278885 0.9702077 0.05667288 0.624394
0.146432 0.2788221 0.9209649 0.6002047 0.6594976
0.05367704 0.1345969 0.1371412 0.7629338 0.02133387
0.9360562 0.183366 0.8741249 0.4939537 0.5691913
0.04607526 0.1970667 0.420885 0.2476701 0.4671522
0.1059696 0.9692752 0.1907118 0.8220217 0.9469857
0.08859688 0.2674258 0.2748794 0.2422278 0.8696041
0.2166793 0.3221813 0.991957 0.7885562 0.7420508
0.6876147 0.7553535 0.7556807 0.7956594 0.4329044
0.2832467 0.2586762 0.9688638 0.8665294 0.2899224
0.09334376 0.2778893 0.6056456 0.1822334 0.6325282
0.257198 0.1567333 0.962125 0.6364357 0.08236959
0.6339217 0.5277874 0.967922 0.2118455 0.2752306
0.2274708 0.520542 0.9245167 0.6909187 0.9901484
0.7416449 0.8201862 0.9028533 0.6504664 0.8457047
0.896995 0.4213394 0.6083524 0.06292969 0.6375931
0.03383785 0.495213 0.2179177 0.9803419 0.6789458
0.7973245 0.3070293 0.4112281 0.5127867 0.3503904
0.2887965 0.8129504 0.4772336 0.1676002 0.2744324
0.7775866 0.2432071 0.3508535 0.2141105 0.5433627
0.2707763 0.05784539 0.6275901 0.7210987 0.5700045
0.3685577 0.05637665 0.1313901 0.3625393 0.9646631
0.9968337 0.9932705 0.3676574 0.1308797 0.4063412
0.6886765 0.6485975 0.4757793 0.02678518 0.05180757
0.7529933 0.5065128 0.3746475 0.4869095 0.6073884
0.7077774 0.9135685 0.2021968 0.4541717 0.1987511
0.9880783 0.4478024 0.7591687 0.8607599 0.1287248
0.6402821 0.7372915 0.8875231 0.8693331 0.1201044
0.6013042 0.6542466 0.03672431 0.311876 0.3918867
0.9949158 0.7924476 0.001276753 0.350253 0.3003923
0.6875016 0.03347326 0.8780397 0.3192956 0.4020219
0.2779222 0.7297126 0.2079252 0.604476 0.3846828
0.271412 0.05845319 0.815294 0.3382373 0.2082418
0.4474011 0.6934072 0.952379 0.3805024 0.3160907
0.8710152 0.1914147 0.7991521 0.8831511 0.5463339
0.1114431 0.3151366 0.5006114 0.03143317 0.953978
0.4008638 0.679297 0.443885 0.6448344 0.1780716
0.4641856 0.354832 0.2516038 0.6494903 0.4656015
0.5144125 0.01241867 0.546441 0.4921118 0.6003138
0.4126206 0.3106443 0.4644486 0.6853553 0.7965528
0.5184825 0.9672068 0.3099742 0.7598047 0.5627729
0.8341746 0.5032182 0.3521875 0.6052595 0.6293092
0.1909618 0.821328 0.62178 0.1365823 0.9546291
0.2143999 0.03949209 0.05549609 0.2606596 0.6392776
0.7873323 0.4436661 0.3974869 0.373806 0.220641
0.2627618 0.752618 0.5412695 0.2947706 0.4205081
0.2687931 0.263852 0.9359002 0.3737754 0.3519787
0.3447757 0.6333962 0.0447963 0.7804596 0.9189015
0.4187693 0.1908964 0.8525537 0.9874353 0.6888796
0.8466186 0.9762551 0.6450534 0.05114105 0.2219391
0.4228698 0.7987247 0.674306 0.7661348 0.610072
0.8305338 0.2546719 0.9807674 0.8460108 0.2308385
0.05174372 0.3695258 0.05660324 0.1785962 0.1768544
0.2136265 0.7010363 0.4158905 0.4163946 0.752126
0.2819142 0.2976862 0.2963537 0.3044567 0.6602083
0.5396358 0.7246839 0.2620725 0.7352991 0.8011163
0.9052311 0.1466891 0.3824124 0.8348668 0.9677947
0.1977492 0.6757438 0.8161298 0.8260583 0.5436951
0.4792196 0.5485726 0.7991725 0.6823106 0.4432023
0.3425677 0.5658137 0.04123512 0.7918858 0.9304701
0.8989515 0.6764114 0.1162314 0.5762328 0.4683721
0.02373784 0.8315415 0.3478533 0.6818796 0.2435965
0.1958049 0.3312695 0.3805426 0.212418 0.9484395
0.605707 0.8240487 0.1673445 0.7875245 0.5777932
0.7394283 0.2502902 0.400817 0.441085 0.3769098
0.6233921 0.7146227 0.3454955 0.7595974 0.7745478
0.6009405 0.329942 0.8311415 0.05079667 0.1597768
0.3732973 0.006491634 0.03867511 0.1915701 0.1121555
0.7346056 0.8284006 0.435862 0.1444229 0.1515115
0.07346304 0.7852137 0.5552346 0.680665 0.03707603
0.4944994 0.8057392 0.1856412 0.2636971 0.8148424
0.763812 0.1954052 0.1064725 0.04861771 0.5581587
0.7561768 0.9416139 0.6209901 0.179449 0.8548576
0.1059411 0.853486 0.5505079 0.03654272 0.8449714
0.04462345 0.3666151 0.07270955 0.4751252 0.1176117
0.7778663 0.9435373 0.0127556 0.1090798 0.05111472
0.008117553 0.5908635 0.7243539 0.6532821 0.005148923
0.2875028 0.6548218 0.0763687 0.06476972 0.1952952
0.2978333 0.8308053 0.1075707 0.8384437 0.616211
0.4329326 0.7185585 0.3959776 0.7774728 0.9921809
0.315222 0.7571728 0.7919593 0.4290262 0.3486658
0.0395776 0.7165266 0.8949657 0.8744472 0.2955006
0.5198225 0.1985888 0.05912419 0.7083394 0.3102093
0.2285068 0.03548678 0.1003676 0.7738386 0.6514462
0.5673469 0.8342415 0.9003365 0.09299129 0.7825294
0.8086507 0.2827582 0.999031 0.6764934 0.3939517
0.5541604 0.1521366 0.5921352 0.9470082 0.1033009
0.9261112 0.3981845 0.5384207 0.4757257 0.2333831
0.06964604 0.2262898 0.3279045 0.3327243 0.6259866
0.7195854 0.7261324 0.5594887 0.2302844 0.9652583
0.1071425 0.3781337 0.5892287 0.75195 0.5356983
0.4161927 0.2441442 0.2522417 0.415353 0.4957429
0.663418 0.9395799 0.1674609 0.5780896 0.5860045
0.9414688 0.625883 0.7389388 0.6300117 0.7097385
0.1652788 0.3983897 0.393089 0.6059873 0.3046215
0.347697 0.4124915 0.3773548 0.8201242 0.938167
0.04301521 0.3394362 0.2244907 0.2972775 0.0736171
0.06945386 0.8397624 0.04095707 0.5262694 0.3996003
0.5209571 0.5532244 0.3809388 0.08456148 0.2226312
0.3427185 0.8253648 0.6669046 0.5594321 0.8289399
0.5481767 0.9271062 0.7752653 0.8928418 0.4219559
0.9866385 0.5823396 0.1361862 0.5486971 0.2527127
0.4433434 0.4464108 0.9024988 0.5373869 0.2046247
0.9865649 0.2947114 0.8923261 0.8388503 0.8906193
0.1606672 0.6983745 0.07528742 0.5879599 0.272447
0.184388 0.1966934 0.8309497 0.4119864 0.5677347
0.6664724 0.4057039 0.1325434 0.1995323 0.4114762
0.1751887 0.690505 0.5489701 0.6176047 0.6713345
0.05554875 0.4876483 0.4359729 0.2936181 0.157507
0.4137758 0.6571079 0.2281961 0.5765297 0.2562661
0.9677193 0.2131277 0.9003634 0.2232358 0.6076599
0.4034066 0 0.7964079 0.6548594 0.8490503
0.7914711 0.4413256 0.7167758 0.8687757 0.1095806
0.8383248 0.1033598 0.274375 0.5455335 0.7253781
0.3949575 0.4868911 0.7052965 0.6699862 0.08278471
0.3103944 0.7549333 0.6074903 0.5202584 0.5829342
0.1992303 0.05666078 0.1098079 0.1716459 0.6047015
0.4152348 0.09721237 0.539396 0.5718024 0.9516595
0.490534 0.2822857 0.0245752 0.2060816 0.2073668
0.5814416 0.4374174 0.790004 0.9038364 0.7540942
0.8999831 0.148545 0.6269662 0.288968 0.1371628
0.3739028 0.2573305 0.3867311 0.9158973 0.5191479
0.6858007 0.2026311 0.8813842 0.1037316 0.5317249
0.1325663 0.3014884 0.157914 0.2556578 0.02110258
0.3329622 0.06822262 0.1675139 0.6275024 0.6627311
0.7959232 0.1223083 0.4152896 0.1735085 0.09003859
0.9001347 0.3523883 0.7236532 0.1794935 0.2010334
0.2580539 0.6961926 0.9852669 0.7426929 0.5111646
0.6043695 0.6795152 0.7192789 0.6556178 0.5308571
0.8600722 0.4059103 0.2247265 0.23707 0.8799943
0.7574805 0.7942476 0.8385809 0.4706883 0.8787315
0.6737745 0.8701085 0.722304 0.08496137 0.02853432
0.08064032 0.8443669 0.613323 0.8995697 0.6425688
0.2412378 0.8532098 0.3195544 0.7654439 0.02335464
0.8236975 0.1122308 0.7088883 0.2674988 0.6808201
0.1254014 0.1639738 0.5235588 0.2525531 0.4789927
0.896435 0.3627231 0.7700997 0.8863366 0.5698904
0.7347596 0.8321399 0.972179 0.8229367 0.8720297
0.3809506 0.4843376 0.582212 0.6028617 0.1311685
0.3066914 0.1151685 0.7365762 0.8691322 0.7892365
0.2289407 0.5283696 0.7341129 0.3870186 0.5252769
0.3068127 0.5339777 0.5351874 0.9107394 0.04178644
0.4460087 0.6906073 0.4245067 0.6773436 0.7648335
0.1971861 0.7926883 0.7620265 0.6100139 0.8341517
0.3568182 0.9171576 0.4438033 0.7178205 0.0166049
0.08756567 0.7997235 0.3526633 0.9578585 0.4782901
0.08721895 0.6473139 0.4307439 0.5730643 0.9571174
0.2233079 0.18712 0.733999 0.4841321 0.1875259
0.1099956 0.8220264 0.4939968 0.1889646 0.3928806
0.4036736 0.02610874 0.2454704 0.9243416 0.8588091
0.129881 0.2571626 0.6318707 0.08579805 0.860555
0.4816228 0.5018295 0.5699994 0.8065157 0.4789818
0.3674818 0.7725029 0.03567945 0.4514212 0.7555461
0.6533611 0.4177992 0.4783968 0.391517 0.905206
0.7355798 0.7546779 0.0770478 0.3437528 0.4102679
0.08097468 0.5691131 0.9606941 0.4920423 0.1150637
0.3581514 0.9801332 0.8251487 0.004002723 0.08214185
