0.5616342 0.301704 0.2938046 0.173012 0.1579576
0.4582982 0.8356232 0.3236351 0.7534813 0.8188047
0.1415824 0.04886952 0.322963 0.7377195 0.3095558
0.2751073 0.1943173 0.2656736 0.2820676 0.02896948
0.5053471 0.1649228 0.8858566 0.5443416 0.24245
0.8097668 0.421269 0.8384777 0.9356126 0.7388089
0.6652853 0.6319768 0.2643353 0.6972548 0.8691883
0.673126 0.8091675 0.02847741 0.7093532 0.09273605
0.2090326 0.3221544 0.4907302 0.8111411 0.4608569
0.1718207 0.02196717 0.963975 0.4849106 0.7190259
0.8534944 0.02464384 0.8976641 0.933153 0.9248634
0.3238327 0.2132083 0.3273874 0.8718498 0.3871415
0.259838 0.5534913 0.2391877 0.1464942 0.06708595
0.3644814 0.05238823 0.4623892 0.3023709 0.6320178
0.0848098 0.9438859 0.05770601 0.7314339 0.4579934
0.1960247 0.0140293 0.916012 0.2003686 0.4951678
0.1538702 0.9686913 0.9174452 0.8376821 0.1380492
0.3244954 0.6792307 0.2449238 0.2334418 0.3785302
0.138774 0.1001562 0.1317779 0.317876 0.7214943
0.1020475 0.8476642 0.8093289 0.6250575 0.7964344
0.4638307 0.3219633 0.1394528 0.1501028 0.3624771
0.8135763 0.6731448 0.5829206 0.664626 0.3202068
0.9324913 0.9237382 0.2763335 0.5311866 0.4151433
0.8057255 0.9391751 0.8966135 0.3852694 0.01366853
0.6796683 0.1474778 0.2869568 0.3734192 0.2592782
0.3706489 0.9385175 0.1652291 0.05002934 0.03349643
0.5369202 0.2288905 0.9492857 0.524924 0.2437857
0.8475354 0.4477208 0.1927666 0.1938408 0.2288309
0.8120827 0.3554874 0.3108123 0.1181072 0.592928
0.6975314 0.8716475 0.1786061 0.3377199 0.9308831
0.2876035 0.6558751 0.4172315 0.9778313 0.4010623
0.6356817 0.4188282 0.7610899 0.7422273 0.304279
0.385615 0.5453802 0.0925551 0.8432921 0.04345186
0.2280646 0.5553933 0.9325123 0.5692438 0.203469
0.1406548 0.2199837 0.5272056 0.7912449 0.8807029
0.1192703 0.8920302 0.4396731 0.9503509 0.3217179
0.6869212 0.1916054 0.6051672 0.9209752 0.2523756
0.1162282 0.5917496 0.6748272 0.5627788 0.359432
0.8121764 0.0911322 0.09336097 0.4833932 0.06749747
0.04305246 0.161394 0.7859165 0.8431898 0.7802588
0.238207 0.6232696 0.7528405 0.5722535 0.03206387
0.9847458 0.941279 0.9819981 0.2032299 0.7380046
0.4273131 0.04456683 0.4586748 0.07844075 0.4641912
0.360777 0.4145212 0.9627846 0.8674178 0.7909678
0.09272431 0.792126 0.659263 0.6643616 0.2849491
0.8067974 0.6593228 0.5660656 0.8167914 0.3087185
0.9821361 0.8765248 0.4671868 0.03209535 0.2135291
0.1260845 0.3947918 0.379372 0.2056041 0.9889336
0.7715307 0.5823023 0.7018292 0.809208 0.1338023
0.5249322 0.5560816 0.9410234 0.8766758 0.6304218
0.9130513 0.1155028 0.430411 0.2797722 0.06565812
0.2486701 0.6743262 0.1115893 0.5391902 0.9681945
0.7803077 0.4580334 0.3954249 0.01619963 0.9433083
0.4924259 0.6334097 0.6825118 0.2688928 0.5636081
0.3852559 0.9467611 0.5757497 0.7444146 0.9606078
0.9780574 0.3022201 0.9156693 0.8207918 0.9282262
0.5764211 0.4922792 0.1291765 0.6708215 0.9533582
0.4784283 0.4271151 0.811283 0.6560874 0.1674591
0.5722207 0.8465142 0.4521964 0.6594017 0.04730474
0.1940808 0.5022059 0.7832552 0.4887518 0.9483467
0.4068024 0.636771 0.1838607 0.7703455 0.526828
0.9204029 0.07759934 0.1562876 0.3582248 0.514099
0.8547258 0.8143978 0.2855722 0.3296297 0.01243422
0.8245462 0.577875 0.04845799 0.02539419 0.745238
0.5530051 0.3479714 0.613023 0.983569 0.1406917
0.5295007 0.0693705 0.3836889 0.5489386 0.5362893
0.6493546 0.4345255 0.07938132 0.775319 0.1356844
0.8917349 0.2693238 0.8550116 0.9128289 0.3766364
0.932573 0.4821886 0.5543287 0.9526332 0.1080017
0.1225027 0.892312 0.7049402 0.4575545 0.7151915
0.03149833 0.4724771 0.5000574 0.9053828 0.6792993
0.9223097 0.0822161 0.2031776 0.993871 0.3851817
0.8120168 0.8566574 0.5558384 0.9114179 0.9136015
0.1267145 0.2521508 0.0231119 0.9368494 0.2001363
0.1896034 0.1995102 0.1926695 0.77171 0.7640163
0.386546 0.4630047 0.9735255 0.5444261 0.1364408
0.2477428 0.212457 0.1521585 0.8736645 0.5969294
0.01633306 0.9817236 0.1437523 0.03272881 0.3949293
0.5608604 0.3626753 0.5679802 0.1385061 0.9127316
0.4298166 0.02548784 0.9077192 0.1401648 0.2639378
0.3485512 0.1972907 0.3858264 0.7266287 0.2808812
0.3688294 0.5247663 0.4420381 0.4258368 0.096086
0.2321591 0.3119905 0.3771801 0.8589533 0.6293956
0.3250386 0.6350136 0.5987743 0.06779439 0.9661184
0.638668 0.5475322 0.983135 0.068603 0.2388721
0.1555359 0.5193481 0.8313465 0.4205079 0.497493
0.53205 0.7007826 0.4230094 0.1616286 0.2972883
0.7827098 0.2879136 0.2097133 0.7121049 0.1839545
0.9339743 0.374249 0.8914847 0.388017 0.8822264
0.8650796 0.05498306 0.753887 0.008194284 0.8382283
0.9422564 0.09760532 0.7463932 0.05837202 0.1453811
0.2494891 0.9786229 0.9797758 0.4264357 0.9981999
1 0.9781577 0.871923 0.1788329 0.2343134
0.1101296 0.09802403 0.1516542 0.2095501 0.9983145
0.9259575 0.4702895 0.4556532 0.7590277 0.5353905
0.1325158 0.9842939 0.391737 0.8730058 0.5457212
0.07511889 0.3692531 0.8874052 0.5647242 0.7440561
0.9037067 0.0008437972 0.5360037 0.9516871 0.002201871
0.03126866 0.053723 0.4075539 0.1714645 0.1500619
0.6225745 0.07023324 0.7645419 0.883593 0.2128797
0.4838739 0.9331698 0.6921175 0.2576771 0.01301425
0.05513293 0.1159803 0.1540817 0.5610052 0.1140552
0.2198933 0.9450203 0.03225454 0.6769973 0.1915333
0.4218454 0.7750751 0.3979097 0.6039215 0.7753912
0.5811588 0.2150059 0.8748931 0.9929872 0.6768984
0.9817816 0.8386267 0.1191783 0.2021832 0.09505594
0.6326679 0.1156234 0.1484731 0.3641108 0.8724687
0.5127572 0.4604537 0.853533 0.8322743 0.8950277
0.07281226 0.70494 0.150916 0.7832899 0.592618
0.7053008 0.7411806 0.03672851 0.9276 0.8104718
0.537012 0.6365376 0.9549209 0.7741712 0.6213134
0.3354062 0.3950305 0.7320434 0.2177171 0.2651865
0.5447559 0.05615034 0.3291146 0.7098459 0.2586728
0.2924546 0.1148057 0.8189727 0.1000862 0.3051223
0.06676563 0.9949944 0.7565181 0.1301189 0.1580915
0.9298737 0.6215896 0.5642055 0.2852704 0.01691481
0.7274112 0.945949 0.9747936 0.1012969 0.9625984
0.9887508 0.4424015 0.4921209 0.6136165 0.9793901
0.1265327 0.9065524 0.1985067 0.1051587 0.5621242
0.5992996 0.1614227 0.06028904 0.5573147 0.3075738
0.878499 0.6999204 0.05796025 0.3264629 0.1473164
0.1337377 0.9122369 0.9050755 0.1820405 0.7575268
0.3642783 0.2711292 0.3557734 0.466753 0.8982028
0.2392421 0.07261593 0.8934016 0.9900376 0.2743654
0.4886411 0.438791 0.7564357 0.7463868 0.378743
0.09815345 0.8216217 0.6387186 0.6197623 0.1118179
0.2128898 0.3250038 0.531165 0.3113226 0.6006723
0.1423691 0.6507554 0.2830835 0.3525272 0.2790362
0.8554968 0.08547983 0.3547729 0.3072345 0.9140025
0.2786696 0.4912301 0.8432659 0.4298398 0.57789
0.2657059 0.0333114 0.7530314 0.1898909 0.4225017
0.1929272 0.6296056 0.9497635 0.850535 0.8895135
0.6013949 0.8086281 0.8982247 0.3476808 0.7679012
0.3771064 0.7504792 0.9539061 0.1374734 0.03987859
0.3356403 0.9052222 0.163464 0.5903952 0.8172837
0.546347 0.6696993 0.9872657 0.9171169 0.8819982
0.7435235 0.4453304 0.2998103 0.9781032 0.4726299
0.9978016 0.5559599 0.9312713 0.5992796 0.8518121
0.007723249 0.06645305 0.08080277 0.07864997 0.8693416
0.7970327 0.05681851 0.7973832 0.3171387 0.1192104
0.5149298 0.2248748 0.7190686 0.5951092 0.3260051
0.02815175 0.9783488 0.8582487 0.6280629 0.3373823
0.7422592 0.6853857 0.563042 0.7634031 0.2980213
0.4408259 0.0275602 0.8502292 0.9891323 0.1889592
0.1321085 0.9952696 0.8865049 0.03649945 0.4421218
0.7696181 0.4665054 0.2937475 0.6942717 0.7900042
0.8973273 0.492627 0.7401925 0.7540802 0.3734349
0.3486779 0.09816165 0.6453918 0.9211056 0.984029
0.2731831 0.2144145 0.1605459 0.5866617 0.4894784
0.5874883 0.475818 0.0288716 0.02069427 0.4968187
0.1842691 0.938314 0.6107769 0.5448444 0.2173863
0.377638 0.303703 0.2607757 0.8081002 0.1306608
0.7675373 0.8697287 0.8033898 0.7805116 0.415994
0.4161187 0.3983618 0.9572608 0.1959592 0.3969613
0.3173371 0.9322504 0.5718933 0.9423237 0.2318581
0.3173374 0.1491034 0.3206109 0.4458878 0.109631
0.8124489 0.6455178 0.7098849 0.5586029 0.4894983
0.1676986 0.5174059 0.2196137 0.6641965 0.890089
0.63976 0.8520448 0.3065962 0.593285 0.2049477
0.06700712 0.2688088 0.6312793 0.329985 0.9587631
0.2255697 0.5913441 0.8549503 0.95765 0.1591396
0.2844157 0.9138357 0.1806617 0.7846711 0.2903325
0.9679363 0.08071011 0.4291666 0.8820221 0.1505672
0.9881828 0.3077278 0.1524291 0.3936875 0.6310906
0.5788927 0.7718664 0.7754493 0.3616747 0.3357369
0.6415723 0.9377914 0.647102 0.8776396 0.4302333
0.8778252 0.1064911 0.7766572 0.9872089 0.6031787
0.5582916 0.3317763 0.4768942 0.9682211 0.2229798
0.2803019 0.5202153 0.7783159 0.9447561 0.02526962
0.8384821 0.8093728 0.2180162 0.9017291 0.1236018
0.7568294 0.7687513 0.4875018 0.553833 0.3226769
0.08141118 0.2108843 0.1827618 0.1034348 0.07333597
0.1604654 0.5871819 0.2912883 0.06000777 0.9712706
0.1319821 0.6441824 0.1007623 0.8536168 0.7720307
0.3034324 0.5506459 0.3743416 0.1068458 0.3095336
0.2272925 0.6964659 0.7374167 0.4310115 0.7815035
0.774695 0.2967874 0.9101697 0.0007997178 0.05744137
0.3156745 0.3339753 0.8979337 0.5727976 0.5863619
0.8975997 0.1990457 0.8236202 0.02368554 0.3608367
0.9193958 0.06183855 0.4748663 0.09592265 0.9071224
0.6312243 0.9799882 0.9148753 0.5206456 0.2833077
0.1476064 0.5364566 0.3415937 0.02974129 0.6809252
0.3453589 0.6823398 0.2747689 0.4008059 0.8643554
0.7239144 0.4609603 0.7180371 0.7351069 0.9662242
0.535656 0.5910335 0.7608684 0.04443471 0.4049732
0.2990313 0.2422076 0.842923 0.3582743 0.9259893
0.1120292 0.1576003 0.05125435 0.5026176 0.5317514
0.754039 0.3714281 0.9166288 0.2030489 0
0.01628632 0.1674621 0.5728046 0.6826177 0.3448133
0.6624529 0.3580626 0.5463939 0.4492803 0.1228287
0.7220325 0.4212926 0.3209806 0.7475245 0.6224169
0.2389681 0.1171388 0.4851431 0.02903318 0.9215753
0.9620117 0.1061525 0.6190549 0.3890334 0.1740716
0.2741608 0.3701979 0.2058828 0.09164253 0.6720455
0.2094231 0.6283121 0.9988166 0.7566745 0.03573035
0.6315867 0.7583479 0.105828 0.3332337 0.3408356
0.1037831 0.8070331 0.00657429 0.07967906 0.9543463
0.7515859 0.6617116 0.5876446 0.5462408 0.1283947
0.4617695 0.7294321 0.3913619 0.4579049 0.05129765
0.5005303 0.7621587 0.2960837 0.5118194 0.8979042
0.6282029 0.1729373 0.8937296 0.371749 0.6518693
0.680855 0.927169 0.01668018 0.6505024 0.2539672
0.3752558 0.4461705 0.3668291 0.5373015 0.35582
0.4663071 0.1431999 0.819995 0.3699853 0.9836251
0.6817446 0.06447914 0.5432425 0.7428168 0.9894433
0.1560097 0.9692843 0.7395277 0.6088309 0.7241132
0.3066446 0.7970354 0.1616013 0.5732186 0.7314416
0.8543496 0.0008076939 0.3590017 0.7709442 0.592649
0.8218376 0.7983885 0.5427239 0.3399823 0.05803959
0.9170957 0.1132316 0.9677913 0.7521408 0.79717
0.6717923 0.3007948 0.775581 0.8767143 0.7569111
0.9865005 0.4609244 0.3830951 0.9717124 0.03927735
0.351198 0.08153847 0.7129813 0.6378932 0.6788171
0.2078813 0.9596766 0.5264122 0.5635605 0.373996
0.9292294 0.4333047 0.5464308 0.475028 0.5987964
0.06204481 0.9727539 0.8774953 0.384384 0.955887
0.596106 0.7820633 0.01504229 0.1177715 0.4559673
0.6516273 0.1450712 0.8378543 0.5960372 0.2487358
0.04339286 0.765318 0.8908938 0.6157371 0.9788384
0.4716854 0.8367916 0.510669 0.9754371 0.2400453
0.3398742 0.5714956 0.2349549 0.1197942 0.2275559
0.7224524 0.7762985 0.6956466 0.783397 0.901121
0.601291 0.5848283 0.8164991 0.03123482 0.05610773
0.781385 0.6070738 0.6443784 0.9557072 0.8410651
0.02692298 0.543995 0.3185831 0.2824154 0.5907397
0.8951168 0.2450456 0.8221884 0.4446339 0.004523538
0.9977602 0.4295362 0.5196478 0.5464724 0.2767328
0.1453757 0.02871356 0.7620819 0.9380822 0.5500238
0.2469128 0.4530819 0.994537 0.6458839 0.7094253
0.6844696 0.1630127 0.01409889 0.05334711 0.9714197
0.6554923 0.9309173 0.2931791 0.03335118 0.355487
0.3848825 0.1402785 0.1221364 0.5811868 0.109208
0.184518 0.02316997 0.4726757 0.1097401 0.6633801
0.4389024 0.5711762 0.7802198 0.7315707 0.8264357
0.06435815 0.7728493 0.7600794 0.5755769 0.6427466
0.3880448 0.7355495 0.2664081 0.5518363 0.3073007
0.2886042 0.7048998 0.374757 0.1027261 0.7924466
0.972726 0.262628 0.9830634 0.09882821 0.8978215
0.2657517 0.1541878 0.03811321 0.4626429 0.5528148
0.4020424 0.4338537 0.3130659 0.4991252 0.4254425
0.2555466 0.3339252 0.8969046 0.4296588 0.8253138
0.563884 0.05261303 0.2481722 0.1172303 0.8803761
0.9795192 0.5203922 0.5642794 0.9169802 0.6734398
0.5116342 0.8007413 0.696597 0.09380706 0.7050804
0.7503231 0.4525836 0.3626628 0.3611248 0.06442673
0.6759537 0.4514553 0.4075098 0.4417224 0.1727393
0.6361925 0.5338419 0.5930924 0.5938574 0.8062126
0.05753507 0.9883157 0.06611255 0.8071894 0.6595157
0.669257 0.6045063 0.5699776 0.2187797 0.5977091
0.009120626 0.8785927 0.67663 0.9751725 0.2841668
