0.530045 0.5072957 0.03779202 0.05000114 0.7210752
0.2860177 0.4541275 0.1480577 0.6884909 0.9563916
0.8913613 0.57695 0.2081406 0.07366904 0.3629986
0.7513884 0.5932778 0.8499799 0.8329548 0.8768012
0.07242099 0.6135068 0.3375179 0.920544 0.2119142
0.6010186 0.2008364 0.5253026 0.06843326 0.2112215
0.6362095 0.4467696 0.1235794 0.3547518 0.1261134
0.2956144 0.2096315 0.5965472 0.6446947 0.425652
0.536489 0.2908908 0.5512237 0.04252335 0.5431356
0.6677271 0.7163672 0.754594 0.8665983 0.7010034
0.5880338 0.9297932 0.359228 0.1222465 0.6761277
0.5719266 0.716297 0.9623063 0.2671582 0.08551811
0.6533791 0.03889425 0.6477178 0.04175787 0.3812853
0.6286485 0.9392116 0.3124188 0.526488 0.1017786
0.4217837 0.9766156 0.7183268 0.978509 0.01296818
0.16277 0.2341028 0.9232447 0.2439772 0.3859019
0.5422396 0.4938839 0.1735874 0.6781609 0.730676
0.4039702 0.3558447 0.2698345 0.2215825 0.2245316
0.6605755 0.2420321 0.9218779 0.8417714 0.5877019
0.2617506 0.1675815 0.2359817 0.7216002 0.9205115
0.3771627 0.54039 0.09058288 0.8577546 0.3660174
0.7315394 0.4641279 0.2384048 0.4770792 0.8483045
0.6635142 0.7232783 0.4126477 0.6211544 0.2628463
0.8860061 0.3086176 0.9550899 0.6641439 0.5929266
0.7253024 0.6949379 0.3114396 0.1369959 0.2471968
0.1687546 0.8934836 0.7395538 0.6992527 0.9974642
0.303789 0.9882951 0.5285798 0.8547996 0.3846775
0.5035232 0.4742202 0.1364464 0.2613728 0.3172899
0.1574487 0.7181766 0.3117584 0.9399646 0.7774199
0.09414104 0.1701393 0.3420651 0.9874156 0.9466689
0.6442748 0.4007289 0.8737238 0.06696973 0.8488973
0.6862671 0.2086567 0.9717408 0.6376179 0.933725
0.193147 0.7946613 0.3722801 0.2273182 0.05618103
0.3092173 0.9848599 0.9229624 0.6696071 0.8415687
0.2937893 0.07674402 0.7273927 0.7225744 0.4930701
0.8356394 0.237543 0.3359727 0.429009 0.2436513
0.7071207 0.0895829 0.938033 0.3952727 0.1688421
0.199197 0.6919099 0.299699 0.2139968 0.09642976
0.3409397 0.1346492 0.009711423 0.825319 0.7634295
0.8831755 0.6255403 0.2773043 0.3793981 0.07872433
0.5677091 0.7674081 0.4364749 0.5664498 0.2684165
0.9244728 0.983787 0.2117202 0.9970955 0.493522
0.2136936 0.001006831 0.0005253355 0.1204432 0.3924754
0.3485814 0.4125299 0.6316229 0.6636702 0.6678779
0.8079908 0.3392146 0.7675374 0.6784055 0.2624523
0.4248109 0.09292297 0.0790034 0.4141408 0.5668422
0.7594759 0.5737883 0.01893171 0.6542211 0.8557183
0.2250238 0.8488053 0.6504505 0.1188888 0.6156817
0.282949 0.4341973 0.8385014 0.7814356 0.006471206
0.5351595 0.3448248 0.5289626 0.3871008 0.6438327
0.6023901 0.9663277 0.3153289 0.3855715 0.1590936
0.7449616 0.7928527 0.7337199 0.8054481 0.9113389
0.1153863 0.02188117 0.6560204 0.7380384 0.2373607
0.3193115 0.6918799 0.3141445 0.5103347 0.2842231
0.7975177 0.7864255 0.0379137 0.02322554 0.8164704
0.7427748 0.06073375 0.5146974 0.7771965 0.6995206
0.9992298 0.09913281 0.0920161 0.3002425 0.6247119
0.762852 0.09308684 0.6828663 0.2245064 0.197181
0.906505 0.4519511 0.513906 0.6880473 0.3803679
0.4575861 0.2074217 0.3363782 0.5139142 0.1678712
0.5930672 0.1545452 0.2033037 0.08520571 0.5556674
0.389127 0.3801793 0.1776918 0.7338759 0.2373212
0.1627462 0.1129845 0.5395304 0.2352537 0.01786274
0.6859883 0.1931326 0.4877508 0.8261984 0.06488314
0.6225708 0.7429547 0.713862 0.7252215 0.8474884
0.5430212 0.5168476 0.6020124 0.4441958 0.2444872
0.1951927 0.4019869 0.8547865 0.7294153 0.7635229
0.2075204 0.8267116 0.9755589 0.7800612 0.6684304
0.05943705 0.8344503 0.5385402 0.3039175 0.9215518
0.6913717 0.5859352 0.8996281 0.5765309 0.7433933
0.8352313 0.01161454 0.9207894 0.06247158 0.6432111
0.3862579 0.03220994 0.9402393 0.6863958 0.8632662
0.5845908 0.7970879 0.8551893 0.05664358 0.200743
0.8318501 0.3321558 0.7740382 0.7347176 0.3385193
0.1589543 0.7621159 0.07207767 0.551061 0.1566108
0.8968662 0.3861045 0.9736347 0.4311582 0.1616263
0.969247 0.5521909 0.972762 0.2508154 0.9432727
0.4985368 0.811796 0.6599164 0.8712594 0.5032676
0.5784533 0 0.18136 0.9578207 0.2398096
0.260127 0.08778316 0.6573636 0.338613 0.9173529
0.08431523 0.7705764 0.1459766 0.2635653 0.1687571
0.06123656 0.1491879 0.7719385 0.4601501 0.8862769
0.8361831 0.7706037 0.4778049 0.01153113 0.7221866
0.264378 0.4491452 0.7245972 0.05122712 0.0683719
0.04536513 0.631655 0.5655578 0.06381822 0.9982594
0.6090142 0.1631565 0.01923167 0.1326206 0.105733
0.6238501 0.5507448 0.3926025 0.9198979 0.04765341
0.365239 0.5795282 0.09652804 0.914906 0.5290195
0.6714654 0.7761903 0.703342 0.02612916 0.413068
0.1475652 0.7183064 0.7169462 0.9786779 0.6581955
0.627476 0.3631642 0.6882865 0.9964403 0.2387496
0.5737953 0.1898176 0.4629876 0.8508365 0.6263386
0.6434257 0.8060565 0.8101931 0.878155 0.8080831
0.07935931 0.2459727 0.2371829 0.5841711 0.5128857
0.6587918 0.4651754 0.7626854 0.3567035 0.9132368
0.5781007 0.1652475 0.972821 0.5577115 0.1403078
0.8307916 0.870587 0.2506654 0.03420313 0.4387591
0.3610338 0.8396977 0.9922231 0.02019368 0.2782914
0.6292429 0.2209911 0.1546353 0.7084304 0.8037444
0.8810346 0.9946544 0.4499055 0.4465726 0.5432145
0.8278315 0.2501346 0.2260945 0.6558557 0.1928007
0.06486337 0.8087554 0.8180151 0.9771892 0.08665727
0.425826 0.8805584 0.8234168 0.1938251 0.05925892
0.9851603 0.745181 0.4105972 0.6328602 0.04658003
0.202553 0.6764966 0.9608462 0.8191443 0.1910842
0.9143504 0.4187964 0.3267226 0.4998921 0.4740545
0.3709601 0.2460735 0.5786784 0.2318296 0.8931328
0.4353027 0.5212184 0.1042117 0.9953247 0.8044695
0.4036707 0.2063332 0.2208894 0.7093461 0.9850697
0.6259682 0.8197125 0.8564502 0.7800926 0.8246891
0.04246453 0.8600324 0.8196758 0.9784533 0.8699329
0.1825178 0.5575469 0.1679358 0.5500037 0.6777126
0.1029351 0.1123144 0.6593388 0.08800834 0.5974039
0.35041 0.4599726 0.3886208 0.6269315 0.4637233
0.4834295 0.9611938 0.06853619 0.8791661 0.4579639
0.407722 0.9948074 0.2625521 0.4660693 0.6218045
0.7545493 0.6076582 0.6568531 0.592044 0.6224917
0.5211041 0.9824503 0.445672 0.1617559 0.4651001
0.1555175 0.3191685 0.07464155 0.6713057 0.2909196
0.319439 0.8571969 0.2830832 0.7236697 0.8938688
0.5565474 0.867808 0.8963135 0.003484628 0.456236
0.2443911 0.9889821 0.2941951 0.8644715 0.8477784
0.09631437 0.1608218 0.99034 0.95502 0.1552779
0.001511198 0.4317214 0.1535734 0.2017357 0.07565566
0.359283 0.7206025 0.4958683 0.9440567 0.795265
0.4921834 0.005622116 0.1494895 0.4699014 0.6997597
0.02190821 0.2599402 0.1312059 0.02178527 0.09062099
0.8891268 0.01593615 0.5732657 0.4240026 0.986599
0.01051129 0.2364143 0.7103309 0.3264431 0.9655697
0.4544748 0.7282584 0.6762205 0.09480587 0.3585604
0.2303343 0.2524212 0.142482 0.1605254 0.03267991
0.1180702 0.6584487 0.8134687 0.9962365 0.9925871
0.9725862 0.1322416 0.1780955 0.7582244 0.2590525
0.4110627 0.4625472 0.5490237 0.03902181 0.1040167
0.3433778 0.5442941 0.1325305 0.07679386 0.6350932
0.700172 0.01687573 0.2748772 0.5590108 0.7192719
0.08662899 0.6474578 0.6734452 0.5458335 0.3448744
0.9291488 0.4338325 0.9509373 0.5854283 0.9762177
0.9075229 0.3056998 0.4983129 0.2437199 0.08535454
0.04116847 0.4038381 0.2352352 0.7278352 0.9407581
0.2826332 0.3958861 0.3960877 0.5680828 0.7081104
0.4315336 0.4615921 0.52642 0.9011901 0.1593483
0.5653243 0.5531269 0.8329038 0.1815167 0.3877512
0.3827069 0.1227572 0.5570552 0.4214095 0.7886081
0.07061876 0.9029011 0.9582556 0.364212 0.7165672
0.2300325 0.4756141 0.4927404 0.7759544 0.530853
0.9778789 0.9795281 0.3811231 0.8620248 0.6624396
0.6578111 0.4810463 0.1968767 0.792302 0.1489186
0.3170844 0.3685596 0.6630968 0.5282036 0.6540437
0.0702927 0.7622965 0.1561427 0.8562502 0.7348157
0.4359787 0.2361382 0.5454189 0.2802351 0.07454933
0.2177022 0.4187783 0.6864235 0.5434945 0.1318901
0.9070352 0.3754504 0.2782598 0.4538476 0.5598132
0.4388485 0.487812 0.7067062 0.2504253 0.703122
0.5134788 0.9713776 0.3284647 0.18248 0.9969489
0.6340177 0.1865699 0.2128741 0.4462094 0.8310052
0.9879162 0.3495948 0.2247805 0.8087051 0.325202
0.2003817 0.6371533 0.303174 0.3413873 0.3549851
0.8881335 0.447264 0.8076541 0.8335057 0.04933376
0.4405908 0.4440267 0.7078638 0.6858896 0.6461739
0.9701009 0.8516008 0.8052319 0.1258774 0.1306956
0.3661234 0.5883019 0.3439118 0.7855394 0.5087311
0.1149122 0.7040287 0.9855231 0.7683006 0.8842036
0.2077873 0.9864694 0.4661764 0.7432919 0.8726309
0.7885755 0.481133 0.2471786 0.04820804 0.3161955
0.3582227 0.4016261 0.174461 0.4071278 0.9471411
0.8407521 0.06346868 0.07264404 0.7995864 0.1461259
0.4135514 0.2143616 0.7926158 0.09711008 0.4827828
0.1615682 0.8099026 0.3620091 0.5579711 0.6991441
0.06076561 0.1542563 0.2277823 0.9688993 0.8023426
0.5949138 0.7040866 0.532154 0.9130952 0.2804225
0.1034527 0.2694731 0.729333 0.01756781 0.9164667
0.427911 0.9529326 0.6698898 0.7331061 0.1951686
0.262237 0.8551982 0.3734066 0.2784515 0.7620231
0.6339517 0.5064859 0.3522273 0.6028437 0.5655462
0.7945344 0.5464371 0.6914548 0.7343826 0.5404346
0.8263082 0.4650392 0.0725499 0.986986 0.5291782
0.3139324 0.2269396 0.3648976 0.7297575 0.07154981
0.5555986 0.01270209 0.473869 0.6269536 0.8028573
0.1939032 0.9471683 0.691626 0.5597027 0.9572723
0.4936935 0.3202287 0.7051673 0.1819776 0.335919
0.6284792 0.5341247 0.8173335 0.236751 0.4397393
0.6063446 0.4932916 0.2917539 0.5106569 0.4714841
0.2430294 0.3054454 1 0.7044021 0.3350888
0.333304 0.917798 0.5338626 0.09099937 0.6901526
0.4683503 0.7488296 0.597877 0.4997271 0.9510808
0.5560819 0.02049854 0.412099 0.1288262 0.4358064
0.8357268 0.8333288 0.9691437 0.9577807 0.3559003
0.3446655 0.972836 0.2214721 0.889694 0.6594752
0.08808478 0.6803562 0.4240287 0.4361356 0.08294864
0.7001167 0.9880692 0.7198939 0.1065887 0.1563642
0.7805123 0.2472486 0.01635151 0.2334628 0.08497996
0.5246287 0.3427009 0.1472281 0.4904884 0.371572
0.8927993 0.76306 0.6073814 0.6107754 0.4310855
0.9424339 0.0953915 0.8912187 0.4192474 0.5949626
0.4686232 0.6013688 0.03237341 0.6421248 0.3456269
0.9990724 0.9544807 0.4213307 0.6272011 0.5414108
0.5197465 0.6718614 0.4597408 0.06935128 0.7314347
0.03357322 0.9241531 0.242874 0.04085299 0.6558726
0.2311082 0.1616992 0.07808151 0.856129 0.06391053
0.4760284 0.5625754 0.969119 0.1859654 0.6810372
0.134217 0.2826069 0.1555939 0.2078712 0.3308405
0.4486826 0.354673 0.4485733 0.8804943 0.003254711
0.5539475 0.8185567 0.9264522 0.009716185 0.5088514
0.5115605 0.421753 0.5784583 0.1840696 0.4872329
0.07347959 0.8497222 0.7033902 0.395943 0.9853751
0.06507746 0.339306 0.8069275 0.6302149 0.6309211
0.02864783 0.5889334 0.6504433 0.1378776 0.1527928
0.7049914 0.5272553 0.809782 0.9675966 0.666201
0.07824981 0.02966516 0.09495536 0.4752565 0.5059907
0.1854488 0.1373221 0.1414016 0.07766344 0.8852153
0.9514121 0.9886431 0.5275357 0.7877663 0.01836031
0.6397193 0.2821591 0.08674651 0.05114722 0.8666351
0.02084618 0.912295 0.9272958 0.07144072 0.3226638
0.9289149 0.0303288 0.7052302 0.6603381 0.3745747
0.8744374 0.7253331 0.8899084 0.3209307 0.5722733
0.3864314 0.5279711 0.06237913 0.9535988 0.6295474
0.4740728 0.4871875 0.2196735 0.9873485 0.01890208
0.8135903 0.612622 0.9208647 0.5730616 0.2887308
0.2579698 0.9127745 0.2584893 0.2220868 0.2542934
0.2218668 0.2876917 0.3629635 0.6087478 0.5248729
0.6368853 0.2445635 0.1258023 0.5957191 0.8988813
0.4073324 0.5133593 0.6755267 0.795712 0.9204939
0.2805194 0.9128655 0.9095646 0.2101715 0.6357182
0.1480273 0.8275147 0.7252363 0.165225 0.3571984
0.01331852 0.2224349 0.6090239 0.5134637 0.4002229
0.3844479 0.6927452 0.9162623 0.5502303 0.8354001
0.1204563 0.8538452 0.1387581 0.6209813 0.4373416
0.2426705 0.1084588 0.9079157 0.2468697 0.9309341
0.589269 0.5582872 0.1430623 0.3905321 0.4886373
0.7888742 0.1280809 0.4074124 0.3449625 0.01144685
0.6447537 0.9903171 0.3840573 0.9024883 0.754154
0.4908557 0.7632726 0.7463088 0.5114819 0.9081507
0.9317005 0.6322748 0.250201 0.5532733 0.6213126
0.6372211 0.5511719 0.354476 0.4868805 0.3960046
0.9164578 0.3436401 0.3150293 0.6337253 0.6554119
0.4496756 0.7155002 0.5390697 0.3370319 0.2565667
0.2110297 0.3455444 0.4968407 0.2081722 0.122631
0.8086302 0.00951972 0.9777927 0.4775043 0.8060461
0.8835717 0.7904003 0.6357709 0.7610969 0.267136
0.3931634 0.6552144 0.9572492 0.3047513 0.4270585
0.8820312 0.4256035 0.4228477 0.08883405 0.6236853
0.02572452 0.2034392 0.645008 0.3748076 0.8426507
0.5332746 0.1222885 0.06722352 0.1480764 0.4323767
0.1509287 0.7778068 0.2164583 0.7825851 0.8033135
0.1445425 0.8146314 0.6034248 0.7593853 0.4845397
0.6643592 0.1673727 0.3925205 0.6642905 0.4509579
0.5178223 0.2106994 0.2632035 0.3965024 0.1992808
0.3765832 0.5722941 0.7686647 0.5597949 0.7068275
0.00401296 0.3412536 0.0680933 0.1461971 0.2360679
