0.06912676 0.1063873 0.3787349 0.640377 0.7118366
0.5178166 0.9014155 0.263392 0.5022785 0.2221179
0.4368923 0.9782251 0.06764804 0.9756212 0.009404629
0.2812297 0.8252286 0.8976041 0.3448449 0.9313761
0.5016407 0.7238005 0.7834951 0.0686893 0.3613769
0.579406 0.6554709 0.9746494 0.8936445 0.8995248
0.8131654 0.07609027 0.1986862 0.5534207 0.8617788
0.7447568 0.4238592 0.9547297 0.6982728 0.2700589
0.6618212 0.1468614 0.1509138 0.875732 0.1425408
0.985763 0.8012488 0.5381781 0.2245434 0.02526147
0.1557781 0.3000242 0.5999392 0.8446841 0.03304939
0.3563936 0.6946902 0.1474656 0.8361628 0.2139
0.02183207 0.8345578 0.6085377 0.3245653 0.8301513
0.06815944 0.7577264 0.3138522 0.5575161 0.9663106
0.9359969 0.1715736 0.8004527 0.7731931 0.2463052
0.8497547 0.7956627 0.031269 0.2746697 0.4939936
0.6091734 0.2725716 0.5994755 0.3720287 0.5363977
0.9438683 0.3796413 0.2823043 0.7810706 0.63372
0.02113961 0.2775398 0.4345968 0.1668546 0.328189
0.4860215 0.1175349 0.3055583 0.388652 0.6320627
0.5106782 0.1251351 0.2827885 0.5921255 0.3704531
0.7904269 0.8606153 0.1775095 0.4691312 0.01929759
0.3395509 0.6146381 0.4980293 0.6101034 0.5300956
0.1662034 0.01673034 0.6639051 0.000421316 0.620933
0.1474301 0.4518712 0.6011891 0.4723915 0.6551109
0.7214757 0.7867779 0.2026028 0.3965597 0.06074952
0.07695573 0.8747994 0.3001237 0.5441601 0.7960329
0.08239501 0.6550483 0.5780739 0.4553141 0.3799157
0.9221337 0.8256245 0.5718288 0.9181585 0.419212
0.3284443 0.8562747 0.229104 0.8135365 0.9083831
0.3869251 0.4158525 0.2726283 0.002484986 0.8527988
0.7870279 0.6362916 0.8827074 0.9637403 0.6030844
0.6668374 0.8836397 0.5394699 0.2603279 0.8288289
0.7239946 0.1448826 0.590716 0.9807717 0.4744495
0.5146915 0.913279 0.5451901 0.3560907 0.6316825
0.1621832 0.8767372 0.249281 0.7642216 0.3530205
0.6856802 0.3404089 0.1913201 0.6938964 0.2222694
0.3771406 0.6139763 0.0481229 0.3635753 0.5738774
0.07100381 0.5459468 0.215003 0.4398861 0.03210617
0.1172129 0.5001253 0.5461286 0.5340773 0.4673519
0.08037784 0.8928388 0.6351359 0.2239898 0.08738547
0.3545679 0.2174808 0.7147751 0.07259742 0.5476481
0.5151773 0.9109468 0.3749763 0.4461429 0.97965
0.7901804 0.1104856 0.4005909 0.1829191 0.3272316
0.9104644 0.3894774 0.9505497 0.1035325 0.0915563
0.3886682 0.6661644 0.5343213 0.1215613 0.1012974
0.3352435 0.8633558 0.1901538 0.6434319 0.8513811
0.8691986 0.6047904 0.8760101 0.09906444 0.3624831
0.2832968 0.4618889 0.4674386 0.6993662 0.5414349
0.6411278 0.3726116 0.7553338 0.8134441 0.5777732
0.8811138 0.09906305 0.7436162 0.1641955 0.5975486
0.2588674 0.09701348 0.3341663 0.3029409 0.4054135
0.09909228 0.8929598 0.4880309 0.3907618 0.8054071
0.663004 0.8104369 0.8661974 0.762849 0.9044099
0.4647911 0.7771094 0.7076318 0.08610766 0.3259323
0.4015572 0.42268 0.807955 0.02502591 0.7467262
0.1618187 0.266366 0.04984532 0.7234198 0.539407
0.9907905 0.2761109 0.3219249 0.8917147 0.2781043
0.4416363 0.01008064 0.2247667 0.9502418 0.2803372
0.4789391 0.6034605 0.6422869 0.05383881 0.0212306
0.4847474 0.9112894 0.04142777 0.2381646 0.4628272
0.6027459 0.3911181 0.9779396 0.1887653 0.7922902
0.917951 0.8823351 0.7883267 0.780927 0.8966642
0.3228176 0.7872805 0.2780094 0.975037 0.8082462
0.3925557 0.2674677 0.6039375 0.9345254 0.5355408
0.0701336 0.9474857 0.7425445 0.9751421 0.2098034
0.0414494 0.9070649 0.953185 0.3026438 0.9877231
0.7566116 0.5111701 0.9346305 0.9997875 0.08873859
0.3827393 0.7928351 0.8364978 0.3267337 0.3100381
0.9537272 0.3844421 0.8925544 0.3194989 0.04783182
0.7579806 0.3113586 0.3688559 0.8903109 0.3961773
0.2833911 0.818506 0.07919419 0.8247269 0.1298908
0.2858622 0.4578595 0.5778935 0.6844862 0.3841744
0.1940582 0.6750181 0.7538154 0.7417717 0.3212919
0.2766026 0.6094672 0.4543095 0.9516624 0.3408289
0.008781429 0.005090275 0.4629241 0.0971602 0.04880079
0.8621865 0.1805224 0.2658729 0.105267 0.5370182
0.2802683 0.9223701 0.0009006485 0.4783476 0.8130743
0.09851445 0.2355733 0.08965591 0.06702758 0.6212444
0.2478015 0.4859848 0.5414583 0.2505196 0.2320711
0.1504701 0.7580956 0.3986904 0.9861347 0.2363314
0.8191885 0.6854905 0.2037315 0.9714628 0.5957754
0.3242674 0.5212604 0.2166564 0.7686169 0.8983364
0.8715986 0.110342 0.3109031 0.8615626 0.1565639
0.07498868 0.4697433 0.4647044 0.9183488 0.5449185
0.788381 0.8354643 0.9767468 0.004282737 0.1224248
0.2751151 0.2283424 0.70857 0.7203563 0.9015947
0.1010807 0.2288825 0.1606338 0.6083389 0.9588709
0.8155326 0.7678855 0.1883753 0.8330179 0.1802274
0.00214622 0.2530081 0.7225477 0.4401367 0.8043194
0.8214548 0.6275265 0.2401966 0.9549495 0.04813222
0.877672 0.6292653 0.9063819 0.7722087 0.3069797
0.5626785 0.2904786 0.2412313 0.1220823 0.4169859
0.1651374 0.2755436 0.5826326 0.9501293 0.9414881
0.9521651 0.331664 0.2549221 0.9105003 0.5772472
0.5005813 0.2894201 0.2942324 0.2249093 0.58629
0.8370078 0.384557 0.4255121 0.6104364 0.1196343
0.8405877 0.824345 0.8602332 0.6972334 0.7955848
0.2603125 0.9928431 0.01117791 0.6241639 0.9195487
0.3743294 0.597956 0.5798216 0.1709309 0.824273
0.9603918 0.3401442 0.7456948 0.7214671 0.3107161
0.2363116 0.2450363 0.5896193 0.301325 0.2557648
0.2340337 0.2135005 0.9388699 0.506161 0.2781053
0.2551369 0.1349031 0.4114977 0.700644 0.7225802
0.1711013 0.7755905 0.5366199 0.2520264 0.1055915
0.1447832 0.4988872 0.9678297 0.9869394 0.5220841
0.09399228 0.4150818 0.1813382 0.3925641 0.9557859
0.006855878 0.7322442 0.6986308 0.5655895 0.05181928
0.7117099 0.3679975 0.9658949 0.5773474 0.5367545
0.3467732 0.7844568 0.02660018 0.5356178 0.2974465
0.6856475 0.8930787 0.8019194 0.04773176 0.9293219
0.06864811 0.2102502 0.7750301 0.0450247 0.6484477
0.05580782 0.05131082 0.4064744 0.4757083 0.812744
0.6061221 0.187519 0.4831734 0.2840314 0.3473457
0.06393256 0.6989681 0.945743 0.6108193 0.9022106
0.5318076 0.4758726 0.7270017 0.5941578 0.7059014
0.5777101 0.03867438 0.7116088 0.8003552 0.143851
0.05773715 1 0.2617365 0.7988756 0.1566391
0.06436019 0.7301982 0.1082684 0.2024579 0.02187592
0.8900408 0.04971528 0.9273948 0.007101567 0.5327675
0.2154522 0.8514577 0.02548353 0.5837672 0.5786335
0.8349143 0.3778144 0.1515003 0.3051867 0.1916692
0.5449066 0.6228837 0.3188051 0.4353269 0.1237665
0.2472719 0.7306652 0.3364188 0.7169471 0.739032
0.009905158 0.5551541 0.4574959 0.9643287 0.6244918
0.0377531 0.473496 0.008819592 0.02484463 0.2498981
0.1596636 0.6252279 0.7879478 0.4898286 0.4156293
0.8128464 0.0286086 0.8488155 0.622146 0.5153306
0.5429279 0.4395985 0.2700222 0.3108183 0.0004073821
0.8479034 0.1130254 0.6109954 0.4137297 0.9636786
0.9655093 0.6843994 0.8718248 0.2220391 0.3545287
0.7756869 0.9688789 0.90147 0.5011338 0.2555383
0.2307577 0.1003185 0.8415426 0.3189497 0.5684641
0.8269258 0.3465485 0.7072632 0.7105999 0.2476255
0.01765811 0.6472645 0.9598416 0.2293753 0.3982598
0.1792423 0.3523968 0.5786454 0.3959275 0.3207814
0.1341086 0.8487157 0.3732839 0.1402187 0.2426386
0.8848706 0.5079891 0.8191741 0.3159697 0
0.454483 0.6878264 0.1717754 0.3385282 0.2438851
0.6413313 0.6016808 0.05014682 0.2939874 0.562091
0.788351 0.2933254 0.404421 0.5938374 0.8165524
0.9823832 0.9041713 0.0425886 0.9805699 0.444567
0.4578606 0.6446482 0.08407865 0.2260928 0.9731976
0.06069785 0.5510273 0.3580387 0.06425506 0.7777548
0.455915 0.5441878 0.779879 0.948176 0.06891267
0.5129201 0.3111417 0.0137325 0.1630372 0.4680049
0.1525933 0.01616681 0.8729507 0.1127767 0.2722499
0.1328194 0.397414 0.1075601 0.9239475 0.3122301
0.7966744 0.0452998 0.5991578 0.5924192 0.9571158
0.856863 0.3664218 0.2050927 0.1854278 0.5677606
0.9298464 0.4988791 0.8565081 0.7872279 0.07606615
0.03749235 0.0461649 0.02338499 0.6231116 0.346441
0.5367191 0.839361 0.8544813 0.2583692 0.7952714
0.2121801 0.9508149 0.8659289 0.01677001 0.8419158
0.9136676 0.3336569 0.7545047 0.116641 0.8254024
0.01537095 0.04543591 0.9801316 0.2449608 0.3313439
0.1590412 0.08588319 0.3619667 0.04419605 0.1926372
0.8573122 0.9088443 0.3390499 0.6344546 0.3436499
0.7571957 0.1911847 0.006929054 0.1044434 0.9666594
0.626764 0.7041946 0.7446183 0.8150589 0.9849031
0.6513489 0.1601313 0.5566011 0.9016078 0.2352027
0.1104994 0.9402941 0.06801916 0.5037379 0.6555609
0.9075977 0.4347517 0.265852 0.4974225 0.129485
0.4014523 0.10831 0.08152188 0.6090748 0.06825267
0.3730528 0.5743048 0.07727668 0.9580029 0.1348821
0.9159579 0.5101708 0.3432172 0.5958311 0.8524357
0.6194045 0.1183883 0.421488 0.6168737 0.6230443
0.6670394 0.3648484 0.3032261 0.4812912 0.9069507
0.4844297 0.3887498 0.2134035 0.1329999 0.06066315
0.2827318 0.02714669 0.6332409 0.552934 0.4783685
0.9326157 0.8651424 0.4897467 0.913411 0.9753876
0.7533697 0.4721367 0.2534308 0.01105437 0.5865043
0.7682733 0.7163656 0.5040232 0.3467234 0.5680151
0.2206138 0.3835128 0.08445768 0.2620355 0.1054452
0.3091413 0.8969656 0.707912 0.2291922 0.7601408
0.6641083 0.2092638 0.6278576 0.1188774 0.1607274
0.6592453 0.2738068 0.1632134 0.04220354 0.08347499
0.3722379 0.2340266 0.359619 0.6853281 0.2846765
0.6549766 0.9888596 0.825853 0.5331247 0.3279308
0.922128 0.3054296 0.4641838 0.7031387 0.8155312
0.3215819 0.2260058 0.6719908 0.331072 0.7524117
0.006133647 0.02494414 0.3672473 0.3522911 0.498823
0.2488823 0.6898352 0.2912684 0.576462 0.7035121
0.7561237 0.5589636 0.7249168 0.4790423 0.8277409
0.1932225 0.2011966 0.0297845 0.03116327 0.2061072
0.8662128 0.597614 0.8928799 0.6636553 0.5288453
0.2498848 0.6428313 0.6836417 0.8041846 0.8072852
0.0331649 0.05444276 0.5008379 0.4684699 0.9097864
0.1726398 0.4518921 0.4170463 0.05837073 0.5065092
0.1944144 0.3866445 0.159212 0.2446803 0.8488579
0.2532084 0.1182092 0.4126517 0.8833268 0.7083127
0.9573658 0.2392554 0.2439579 0.8230142 0.1593951
0.6983636 0.3128592 0.7900582 0.6230722 0.4252692
0.5161128 0.4591563 0.5389002 0.159015 0.8041186
0.7093663 0.326437 0.5406383 0.8810947 0.008311292
0.5258484 0.3334143 0.4491714 0.7470632 0.4343156
0.7199664 0.08437227 0.2550175 0.9355908 0.962571
0.7378722 0.9319659 0.7384517 0.06325027 0.9993282
0.1757119 0.6883588 0.7232745 0.5755538 0.03656192
0.8348799 0.05380447 0.6742057 0.624599 0.6084974
0.414653 0.2737786 0.7653436 0.7079759 0.7538059
0.6547038 0.6070188 0.7776575 0.9223051 0.7416084
0.1124054 0.7218366 0.7328342 0.8006879 0.4028167
0.6804008 0.5865312 0.9282808 0.3829619 0.9617124
0.5495697 0.8245841 0.9655472 0.6834461 0.6058077
0.9821588 0.473063 0.001140753 0.8404912 0.6169141
0.6515089 0.475809 0.905893 0.6048236 0.4709058
0.8482972 0.5535854 0.9674506 0.2512213 0.6766931
0.4597493 0.5678805 0.7815597 0.8310968 0.1926733
0.9289431 0.1198237 0.3261951 0.5488101 0.7348656
0.7060334 0.001504664 0.7326587 0.6019801 0.3052172
0.7707506 0.9959905 0.4848538 0.3600513 0.1297357
0.1424664 0.09010304 0.7103372 0.7686424 0.4878968
0.4645145 0.05102258 0.7103839 0.1945041 0.93084
0.8958739 0.4965953 0.980434 0.2641506 0.9949297
0.4051641 0.621255 0.290843 0.4001182 0.6193318
0.637329 0.8446639 0.1200102 0.7269254 0.6696344
0.407961 0.7362715 0.8314411 0.5290859 0.9503716
0.5309656 0.7192872 0.2661315 0.4400157 0.2229825
0.911109 0.9423945 0.7318795 0.4587902 0.6547228
0.586197 0.7989466 0.6847397 0.9098686 0.895467
0.838353 0.8380361 0.7520977 0.07559195 0.3243019
0.942752 0.1054089 0.8114106 0.8115441 0.7302917
0.7752337 0.1994459 0.4178051 0.6040985 0.7835896
0.61287 0.1502862 0.3660152 0.9013995 0.6732914
0.4479801 0.2006836 0.3142582 0.6712005 0.1694615
0.8776052 0.9542469 0.3861695 0.898553 0.1050992
0.7899906 0.1730926 0.8378682 0.9675051 0.3871601
0.6021313 0.5663908 0.670719 0.7647966 0.7510626
0.161509 0.04216409 0.1938518 0.218764 0.9979896
0.2648664 0.4839715 0.9158139 0.7690058 0.8127089
0.1177513 0.578393 0.5236929 0.03015953 0.8778052
0.3736864 0.5661187 0.1187019 0.5528221 0.7549503
0.7454506 0.416663 0.6614454 0.1482944 0.02281675
0.5140031 0.858682 0.9555233 0.9416832 0.4301024
0.07127265 0.2593872 0.7082675 0.0957045 0.4947514
0.4017669 0.9047799 0.6784098 0.1415212 0.5894724
0.4760582 0.1119004 0.2421131 0.3338312 0.8416681
0.833609 0.01363532 0.08141665 0.7896104 0.7185977
0.4183324 0.920487 0.5490739 0.8871309 0.5176331
0.5696492 0.2979591 0.1730668 0.7373145 0.06031324
0.2080517 0.2798947 0.5690276 0.3097154 0.001954015
0.8412465 0.2775922 0.3717368 0.766919 0.7851212
0.03851267 0.9114722 0.03389364 0.001806709 0.7735824
0.1889318 0.1063377 0.2613918 0.7358971 0.9629415
0.5621007 0.09530809 0.1026366 0.1110529 0.728206
0.6526257 0.5851285 0.2167303 0.4284917 0.3595656
0.8290867 0.2916205 0.2215733 0.5056675 0.6610878
0.7123632 0.5261217 0.4258422 0.7814825 0.08095384
0.4728911 0.8021612 0.2025462 0.4452276 0.4106693
