0.9579203 0.9090614 0.8410544 0.8608525 0.7235436
0.8707809 0.1552215 0.8213024 0.9454745 0.2311153
0.7865885 0.6799785 0.3172596 0.1075949 0.3338848
0.9175237 0.4593266 0.9786798 0.5288465 0.3082903
0.3818455 0.100787 0.08837018 0.5215174 0.6231989
0.3011009 0.8082149 0.07730627 0.3816523 0.520568
0.1274719 0.3768877 0.7642469 0.6813119 0.2182905
0.03699894 0.1770905 0.2315687 0.4185344 0.2791863
0.772345 0.8508749 0.4974613 0.4495272 0.08035209
0.2254659 0.2609277 0.7420263 0.4971875 0.8817708
0.7070739 0.5043881 0.3551027 0.4011415 0.9455015
0.6086926 0.3829242 0.20064 0.7622516 0.7482063
0.3800255 0.1088641 0.4374684 0.5265798 0.8805567
0.6058061 0.8688109 0.4152052 0.4577282 0.7160599
0.5047255 0.1821268 0.01583075 0.285743 0.2530025
0.7992584 0.6413601 0.8460126 0.5886756 0.9938701
0.6089528 0.6541822 0.1043361 0.9482742 0.5656975
0.6131654 0.3098383 0.6889698 0.5792317 0.8741846
0.6234111 0.4021277 0.8208545 0.8144615 0.8506812
0.3177759 0.4579853 0.2958221 0.7933929 0.6972513
0.855501 0.6049794 0.8353559 0.9799139 0.1629053
0.3420821 0.05847526 0.01351911 0.6077761 0.0598163
0.3095899 0.2609225 0.3892447 0.4300573 0.7796575
0.2319243 0.6651686 0.07886577 0.8848044 0.2869519
0.5626752 0.9133349 0.6126287 0.531696 0.5712253
0.3772159 0.9081608 0.3176804 0.6337248 0.1285441
0.5049339 0.961968 0.2097939 0.9579938 0.5289147
0.4869377 0.3961263 0.9758282 0.4367762 0.3259419
0.4846564 0.4278159 0.3671521 0.6162873 0.8081608
0.5286046 0.3514691 0.4840246 0.2731942 0.2254035
0.3557636 0.3067518 0.7883674 0.5565028 0.0396605
0.885489 0.2200093 0.7385328 0.8938209 0.5153411
0.5672585 0.4476152 0.7854529 0.1830933 0.7545345
0.1556349 0.8876453 0.3245102 0.2034817 0.245027
0.5513278 0.2673261 0.6508467 0.7183857 0.7304129
0.377501 0.7137995 0.6540551 0.9759007 0.2991325
0.7473777 0.7845392 0.7760289 0.7993212 0.6426105
0.1164709 0.06568214 0.5371364 0.8492358 0.875144
0.6148617 0.6579122 0.10684 0.3798559 0.3202588
0.96036 0.1282449 0.6052123 0.2069723 0.3098129
0.535182 0.1106858 0.7088566 0.8934566 0.8878803
0.7071218 0.2854251 0.03960627 0.1090442 0.812824
0.5679334 0.4711172 0.7648516 0.4449977 0.652058
0.824692 0.405331 0.3059193 0.7239781 0.6992075
0.64972 0.1785502 0.138969 0.7407023 0.1081388
0.2680152 0.7478469 0.7972429 0.1720156 0.1832672
0.9919314 0.06325046 0.8868021 0.4232779 0.4896921
0.5285547 0.5059644 0.1570827 0.682972 0.06689504
0.6351735 0.7887015 0.4516709 0.0228672 0.4323026
0.483328 0.6815202 0.05338774 0.9249161 0.6559614
0.2725945 0.2387786 0.4319332 0.8204342 0.8255363
0.9783133 0.3109186 0.1194064 0.9698614 0.387603
0.07381766 0.1538718 0.8339609 0.9935092 0.6311419
0.4949153 0.740335 0.2894998 0.3157139 0.1203557
0.7978455 0.5763905 0.7071013 0.3149066 0.5834059
0.5395486 0.4285533 0.5843576 0.1851908 0.003185983
0.3664213 0.1266502 0.1660166 0.01646394 0.1316189
0.7685086 0.2698063 0.03410666 0.7027483 0.9682292
0.1336521 0.0308657 0.764351 0.151429 0.7303267
0.7348886 0.1867966 0.07540278 0.2536939 0.3274998
0.5688921 0.4323631 0.4074391 0.6389402 0.06989082
0.7100947 0.09706323 0.2378111 0.1606245 0.7807746
0.1080007 0.08031707 0.3901895 0.4364058 0.06483407
0.1884966 0.6207117 0.6826683 0.5445941 0.01488674
0.8291814 0.5545649 0.6541574 0.8601483 0.3614688
0.8091503 0.04069625 0.5378464 0.2418887 0.09320804
0.5902604 0.9256504 0.7612235 0.5386524 0.2261421
0.6293425 0.3825931 0.1274006 0.5388264 0.7236229
0.5637509 0.4199739 0.1699448 0.9040157 0.5860758
0.9613144 0.02573079 0.9705082 0.3366213 0.7161938
0.872005 0.3928393 0.1760166 0.7707289 0.8459547
0.68449 0.8707841 0.6243171 0.4249793 0.2225596
0.3854455 0.1535458 0.08741822 0.177972 0.9660542
0.5805882 0.7021646 0.1315905 0.07590812 0.2697055
0.6539573 0.6924796 0.4681128 0.09856584 0.3584916
0.6666546 0.5786729 0.0005889106 0.7445171 0.5529857
0.4421036 0.8247184 0.460242 0.9210826 0.8487764
0.1623668 0.2055457 0.8530042 0.07507489 0.3214393
0.3108915 0.4552604 0.9549395 0.4515781 0.898808
0.6323767 0.2065117 0.690663 0.7813282 0.6184909
0.9353488 0.7775843 0.3061482 0.7463837 0.3978452
0.6985149 0.5605114 0.7210079 0.3383227 0.1986259
0.7311668 0.3632625 0.5234453 0.9176698 0.1233789
0.8735456 0.6946842 0.9720997 0.1567394 0.8392578
0.8042873 0.1954574 0.3515452 0.477115 0.9791019
0.6659394 0.5375514 0.4886237 0.7175028 0.3547314
0.401385 0.1109656 0.5987774 0.06961141 0.7707119
0.4063752 0.3077548 0.1704229 0.5762663 0.07968752
0.404096 0.3724143 0.7013649 0.2096277 0.3417353
0.7019016 0.6385325 0.02673169 0.255347 0.6451458
0.3622662 0.07433924 0.9855641 0.6180296 0.5411986
0.493049 0.7714871 0.3256579 0.5000235 0.9162976
0.4597429 0.1440067 0.1874731 0.7578153 0.2482095
0.8789074 0.8267167 0.4048141 0.1038378 0.5417963
0.2842904 0.5502743 0.664959 0.1318517 0.244893
0.714718 0.5142712 0.866319 0.9208828 0.4480845
0.6510552 0.5293742 0.4294916 0.7391631 0.942198
0.7332112 0.6188382 0.9544103 0.5785539 0.5119535
0.1069135 0.1661504 0.1174393 0.6570959 0.08904869
0.3599041 0.7263988 0.02222979 0.853874 0.5982112
0.4309308 0.9540481 0.9994742 0.8843487 0.671568
0.444878 0.4220562 0.2152833 0.04452768 0.1441034
0.2751088 0.2315097 0.5767145 0.1510895 0.7437906
0.9956397 0.3757512 0.1869691 0.9838121 0.2379651
0.5293142 0.02678133 0.2804736 0.3236965 0.3988992
0.40178 0.9700962 0.01798641 0.3314622 0.4309821
0.3755428 0.2744705 0.5894413 0.3267313 0.5327502
0.8354457 0.7976929 0.4888581 0.4266716 0.3912295
0.782443 0.5344865 0.7170192 0.9049873 0.01277181
0.3569141 0.03246493 0.4300138 0.550262 0.8921072
0.2393223 0.8462116 0.5855958 0.08450204 0.7284832
0.2548276 0.7511954 0.3271192 0.8187649 0.03805206
0.8102334 0.6500038 0.9249863 0.1258416 0.3001887
0.371816 0.89482 0.7110647 0.800187 0.7706535
1 0.2332142 0.5408691 0.3061435 0.2933816
0.3949766 0.7564527 0.9801725 0.9222816 0.3462493
0.9015457 0.3213437 0.7950577 0.8341336 0.9695149
0.3450866 0.1002654 0.8440589 0.3242261 0.009745046
0.3569107 0.6301411 0.09409179 0.2421098 0.1873483
0.995351 0.9596309 0.06796821 0.421355 0.8114953
0.965954 0.02974046 0.4289722 0.7753118 0.09798274
0.5704488 0.9165349 0.2277664 0.8809829 0.8940004
0.5359135 0.5617242 0.8035228 0.8984837 0.7150564
0.8354546 0.5088647 0.5518487 0.8360127 0.7690921
0.803311 0.1132606 0.4349671 0.9812836 0.6590351
0.6627955 0.9801109 0.04814445 0.5312187 0.7215879
0.1833316 0.1514365 0.7221862 0.3786187 0.9241336
0.8130738 0.1101739 0.76637 0.3282723 0.2354458
0.7373815 0.4149948 0.6552832 0.9235503 0.2584427
0.03939025 0.867919 0.01640859 0.3332983 0.7693325
0.9893497 0.8876152 0.3832112 0.8379671 0.200361
0.1022165 0.6122386 0.1578171 0.6193532 0.574858
0.727798 0.09729317 0.9311833 0.781508 0.9209738
0.6407417 0.6775684 0.7821289 0.6568539 0.7455383
0.6936702 0.08915021 0.596207 0.6050295 0.5927476
0.03158042 0.3426837 0.0297456 0.6558411 0.6428669
0.8373454 0.8182061 0.6305548 0.4693855 0.4806324
0.784567 0.5453328 0.07430324 0.5281071 0.7879859
0.034791 0.3696285 0.5334894 0.04072717 0.6529875
0.01995207 0.188546 0.9409802 0.9771755 0.6392245
0.0421921 0.3421525 0.5334407 0.4512108 0.9296102
0.9280832 0.3344377 0.2901664 0.8310946 0.7265572
0.2355429 0.6138641 0.0515044 0.5171732 0.630183
0.7129166 0.5404574 0.4031148 0.7069655 0.1800753
0.2407048 0.2956409 0.5173252 0.5928641 0.7777161
0.5316617 0.7102341 0.5935393 0.9263272 0.6062018
0.4125737 0.02321312 0.1963239 0.1602809 0.3766977
0.3778451 0.02226489 0.8635566 0.3677865 0.1292618
0.3891895 0.9705951 0.7980959 0.6668427 0.978462
0.175865 0.5046609 0.4790783 0.1845702 0.5034969
0.2882113 0.7456375 0.7707336 0.0775695 0.5235428
0.7607542 0.1452523 0.8655369 0.3232007 0.42325
0.5901697 0.4084931 0.09606869 0.5461949 0.1243288
0.8636999 0.6855759 0.2376722 0.4516956 0.04558388
0.2296103 0.2359783 0.6340699 0.0411532 0.2237751
0.8746609 0.8322574 0.0862791 0.09964577 0.2643919
0.431262 0.9513299 0.1424344 0.02178158 0.13952
0.1137029 0.6557083 0.3712588 0.07564116 0.9304936
0.004190756 0.05712433 0.1133063 0.3442521 0.1746816
0.9016968 0.9839141 0.3443899 0.8865238 0.4663412
0 0.1114423 0.5301739 0.3481117 0.8228104
0.3563047 0.9780409 0.2244693 0.2255227 0.02141431
0.2363366 0.1293055 0.7061278 0.7335432 0.6233566
0.04494086 0.4125555 0.9645578 0.6468468 0.8083863
0.7443911 0.6509364 0.7629668 0.6031193 0.6146488
0.9430104 0.3985184 0.2818211 0.8426006 0.8337809
0.004148543 0.344486 0.3899603 0.6902999 0.3225225
0.2466274 0.4086392 0.1999474 0.8069551 0.7135373
0.1738687 0.9762586 0.370064 0.7392271 0.1408637
0.04308077 0.91792 0.6692213 0.7255561 0.9112588
0.09942061 0.3511285 0.177099 0.4864328 0.8609003
0.6508965 0.6544693 0.868583 0.04992683 0.02954508
0.9553623 0.7259012 0.7391821 0.5977628 0.776662
0.7547486 0.3450942 0.5412643 0.001111277 0.3284393
0.1067564 0.4266666 0.1348385 0.4554515 0.3186893
0.2634736 0.8982432 0.8784746 0.09338639 0.0778487
0.01523427 0.3629588 0.2826798 0.7694258 0.3691903
0.7847951 0.5301977 0.6943892 0.4844042 0.8822586
0.5656582 0.6992061 0.07375908 0.6918743 0.2781424
0.9396705 0.14095 0.8693602 0.9770908 0.9742182
0.7348763 0.3218518 0.9443573 0.222355 0.2817726
0.2076912 0.9152542 0.526776 0.005945449 0.04065448
0.9094026 0.9394864 0.1625653 0.8665291 0.5704616
0.3479092 0.8275533 0.8034652 0.6408933 0.5733059
0.7964953 0.1262598 0.571766 0.009595562 0.1987913
0.375573 0.3318141 0.1481482 0.8703376 0.08115177
0.05249391 0.6378485 0.239033 0.3570501 0.1891262
0.5965108 0.2874139 0.4996831 0.2418781 0.1297674
0.08942643 0.5245663 0.8753773 0.4845206 0.7288597
0.1822211 0.6668798 0.8296648 0.8433625 0.9798537
0.5199429 0.3284938 0.9667975 0.5704916 0.7973445
0.5790349 0.02875887 0.652744 0.1664406 0.7266896
0.8129637 0.5778832 0.6465573 0.08728037 0.160528
0.7138676 0.2723414 0.9685969 0.3371358 0.7290993
0.1444914 0.04480322 0.04575727 0.1876609 0.5449422
0.9590952 0.4599067 0.1127994 0.7450939 0.632271
0.4190801 0.09469338 0.3849217 0.984549 0.1073192
0.3535662 0.0610151 0.03022538 0.6866937 0.1844624
0.2333967 0.4241146 0.2599356 0.4287999 0.08675282
0.3516473 0.9247876 0.6039152 0.6641657 0.3358075
0.8972586 0.7946333 0.5623722 0.3868258 0.150298
0.7301015 0.9757105 0.2590595 0.6452952 0.496352
0.399424 0.6219246 0.5450239 0.02592213 0.6106347
0.3245521 0.06325613 0.9620475 0.4519733 0.6123841
0.3519859 0.4252337 0.3181982 0.2493604 0.8434696
0.7599661 0.6954969 0.824227 0.5294734 0.3998923
0.7068476 0.4863584 0.5538459 0.3947831 0.4256396
0.8113974 0.6645898 0.497305 0.9830854 0.9555286
0.09111429 0.2249407 0.9454293 0.5575432 0.8678541
0.5566768 0.8208521 0.2638344 0.05235625 0.2846099
0.774001 0.1740109 0.767462 0.7003673 0.4130794
0.8108135 0.3953166 0.6155941 0.07261172 0.5212198
0.7902852 0.9384299 0.4003816 0.1187294 0.05230904
0.8243711 0.8330625 0.7403427 0.3506972 0.1056261
0.8545408 0.07121917 0.3231996 0.3496189 0.7205813
0.1269015 0.5342096 0.2366953 0.17668 0.9317347
0.7106742 0.06827954 0.1341104 0.8560002 0.4295181
0.3424593 0.1611181 0.07177645 0.5447125 0.2385747
0.7388618 0.5956177 0.3473043 0.4755014 0.5185532
0.2997079 0.3577051 0.08435922 0.3790034 0.6864887
0.7540547 0.3881269 0.2388594 0.3890754 0.5051069
0.6317294 0.3065916 0.7429159 0.4292318 0.4262792
0.4136306 0.3934445 0.4974664 0.4545815 0.4928018
0.03245574 0.8932679 0.2061929 0.6978127 0.7146736
0.07831439 0.4553408 0.08819431 0.5923436 0.9072621
0.8197989 0.8192164 0.7924339 0.002573423 0.218221
0.428845 0.7895866 0.2554493 0.4512707 0.5297243
0.7681156 0.06102557 0.9045439 0.4338786 0.7869583
0.9231102 0.9170737 0.6106794 0.7375531 0.8647387
0.04904259 0.5115819 0.08929994 0.9275195 0.9892536
0.5617285 0.5822119 0.3474979 0.5313523 0.9109832
0.5902914 0.07544312 0.1912726 0.5400651 0.4341033
0.945242 0.8963986 0.3621064 0.1437419 0.7007048
0.7412317 0.491206 0.6442909 0.9873548 0.4956193
0.6647331 0.3291459 0.1048278 0.3312257 0.6072685
0.7264007 0.2680281 0.8118346 0.2251238 0.8000279
0.4466229 0.2746184 0.1962441 0.3803148 0.892699
0.959596 0.4989672 0.1655909 0.1625813 0.4667433
0.1505895 0.1035272 0.6868387 0.02647567 0.8351751
0.5689226 0.2584732 0.7869338 0.6621816 0.6215134
0.4076367 0.3388741 0.1603915 0.3564179 0.8287494
0.8513129 0.01986942 0.3804194 0.4813443 0.6170042
0.6138691 0.2927451 0.7084809 0.2355767 0.3539851
0.8153365 0.4624857 0.9136824 0.7577478 0.780076
0.7241259 0.3107321 0.9307915 0.1186232 0.0427696
0.3105104 0.8066365 0.003317557 0.3235604 0.09624836
0.4540672 0.459049 0.3729397 0.9424806 0.7499219
0.7957689 0.8711218 0.497708 0.5592027 0.5768798
0.6758293 0.1956889 0.4276435 0.8371765 0.3601629
0.9969808 0.6338399 0.9969262 0.7756746 0.7727945
