0.1086418 0.9933321 0.4957609 0.9216963 0.09266553
0.330935 0.9886301 0.01437436 0.2706178 0.640811
0.9271854 0.02834276 0.7093185 0.8001826 0.5014007
0.3341641 0.5418903 0.340752 0.7868838 0.01224609
0.4474026 0.07492202 0.121525 0.2186909 0.5735594
0.8086686 0.181056 0.9000586 0.0432123 0.2279582
0.8231829 0.6965356 0.4314919 0.4372039 0.4730509
0.3665504 0.9370014 0.2305666 0.8162373 0.2091397
0.9694589 0.6378009 0.0887845 0.4720743 0.3737828
0.7428755 0.5702038 0.002793837 0.3436425 0.07959889
0.1669002 0.315707 0.8881148 0.9449186 0.6349594
0.7530125 0.7319296 0.9990581 0.4799031 0.7337178
0.8923227 0.9149577 0.4741715 0.2000285 0.5898228
0.1902242 0.7678682 0.9448338 0.5103167 0.9408566
0.1173662 0.6887487 0.341204 0.7413065 0.4879701
0.5405558 0.2187596 0.6024917 0.9086089 0.2435952
0.6684943 0.1287611 0.294671 0.8186383 0.04753184
0.7109109 0.7999441 0.6588543 0.4560453 0.6587066
0.4868043 0.6167311 0.2756054 0.9286751 0.9088197
0.7416566 0.726046 0.6580868 0.349501 0.4537475
0.7094057 0.9385113 0.3159554 0.8300093 0.06996092
0.3147741 0.4648583 0.2572926 0.7913652 0.8852708
0.3527282 0.9641718 0.9444219 0.1496334 0.9090935
0.8650116 0.03594461 0.07436128 0.3595425 0.2328529
0.9157627 0.1423157 0.1308311 0.2607176 0.5622544
0.9818595 0.3596108 0.6074137 0.3691119 0.3449647
0.2246155 0.5430622 0.1246051 0.7895271 0.2735291
0.7038889 0.3338062 0.6761471 0.3331718 0.04680534
0.3103984 0.09404266 0.7237603 0.1708761 0.7997962
0.6831778 0.3899895 0.09899508 0.48114 0.07719212
0.6938934 0.4127857 0.7941524 0.8580423 0.9874435
0.4485209 0.4659935 0.8482608 0.07846613 0.4461247
0.3530082 0.745117 0.4848166 0.1420626 0.06790742
0.182617 0.8988857 0.4848628 0.6548716 0.3393929
0.1004613 0.4222885 0.2274291 0.183659 0.2106923
0.8671999 0.928734 0.4598633 0.9556593 0.8289199
0.2841463 0.7149516 0.4659681 0.6756382 0.3646742
0.6139884 0.8007051 0.2152165 0.4151082 0.5329913
0.7818857 0.5079515 0.838441 0.9636234 0.3628048
0.2141446 0.1176117 0.03449301 0.03352648 0.2271048
0.2476139 0.3720288 0.3033809 0.01160803 0.3854715
0.9281433 0.5280904 0.6481499 0.5645775 0.1085168
0.3267542 0.2186941 0.397018 0.7241067 0.7820173
0.8349796 0.1959744 0.4966384 0.7050924 0.155731
0.4024292 0.8581581 0.04198329 0.5170793 0.8383677
0.7844922 0.7596477 0.6045424 0.8095082 0.2017045
0.1513627 0.4914923 0.03094347 0.7701133 0.006606578
0.5566837 0.06023233 0.8476946 0.7753085 0.1548023
0.9999817 0.5097554 0.8670499 0.5333852 0.5885246
0.7510189 0.6575453 0.9420067 0.04293865 0.5111158
0.4903863 0.466918 0.282073 0.02453994 0.1693797
0.3555564 0.7564767 0.5345301 0.9798457 0.2299981
0.7985898 0.04404546 0.3809424 0.2015922 0.6050074
0.3169638 0.4736055 0.6438898 0.2652796 0.8201571
0.4357219 0.9047769 0.8672269 0.561952 0.01194463
0.05947379 0.2126775 0.1166692 0.9699538 0.7645253
0.0002950113 0.9374325 0.5322456 0.8168793 0.1114887
0.1942807 0.6033195 0.587178 0.7363742 0.4138672
0.5431372 0.5415755 0.7066797 0.9044227 0.08432163
0.5680805 0.04605763 0.9584645 0.4487726 0.1679128
0.6664264 0.3707935 0.9940968 0.2002563 0.7369906
0.4474535 0.04848698 0.9323507 0.5520473 0.09325733
0.4001213 0.5429043 0.5450235 0.2420073 0.06630203
0.4363196 0.1174476 0.6900299 0.1850605 0.1601434
0.3397494 0.4783558 0.4852625 0.1596413 0.1904413
0.6230047 0.6503348 0.8491136 0.1630588 0.6751255
0.4867756 0.6902284 0.9018954 0.2308399 0.5054537
0.9234557 0.8670888 0.004215841 0.9765943 0.2690407
0.1186666 0.1798997 0.02286198 0.1822007 0.9455268
0.4736902 0.9954731 0.2820176 0.2632229 0.9955191
0.4060106 0.98968 0.5200533 0.6244922 0.9938005
0.04080413 0.3209418 0.4622666 0.7683349 0.7212481
0.670387 0.6488252 0.7508165 0.01133499 0.4959245
0.2260461 0.4507618 0.8652192 0.6740623 0.1022952
0.6690892 0.2144759 0.2245756 0.6549685 0.649359
0.9761558 0.4411285 0.8171366 0.8515354 0.7585018
0.577151 0.3360913 0.5652647 0.2954155 0.2960381
0.6129459 0.2737608 0.3570285 0.4119334 0.6908854
0.1091062 0.2230709 0.5489634 0.1734979 0.07488109
0.4147205 0.1074284 0.6335524 0.04178946 0.6118136
0.3862794 0.9377611 0.4589988 0.7364531 0.1923555
0.8118783 0.9024503 0.8530164 0.8929298 0.05581923
0.6570153 0.2469483 0.3308563 0.4316202 0.06243575
0.7761098 0.7041895 0.825915 0.7729814 0.6269079
0.02163854 0.04717708 0.007761115 0.07591242 0.1046372
0.3601147 0.2886678 0.610473 0.2105321 0.8441631
0.7339122 0.2607575 0.3997549 0.1197264 0.4851128
0.6767352 0.9013033 0.445471 0.3281457 0.8532611
0.6478612 0.4622471 0.2877804 0.8484489 0.4563296
0.2768977 0.4912402 0.1164146 0.8636651 0.869843
0.6742981 0.7847035 0.08296155 0.1183113 0.7596628
0.5933402 0.6613936 0.1999677 0.6824739 0.4169872
0.01591794 0.198624 0.2957779 0.2430282 0.01239292
0.7413834 0.7836313 0.1971974 0.4314887 0.7043944
0.7293826 0.5918555 0.4653059 0.6331881 0.1439499
0.5926785 0.8731197 0.9923727 0.8205791 0.5070977
0.9626363 0.3220808 0.5101602 0.9485943 0.1645356
0.3820007 0.7993621 0.9999304 0.8854097 0.5591313
0.5644959 0.1668604 0.7264657 0.1640012 0.2508669
0.8531437 0.9166636 0.785031 0.1523031 0.4675446
0.6448025 0.4715109 0.8951294 0.1473683 0.7102145
0.629092 0.4849075 0.2656433 0.5857121 0.455533
0.8044681 0.920565 0.03653068 0.07073895 0.6517036
0.4642575 0.4139336 0.8421945 0.542844 0.1775288
0.5686098 0.7594355 0.7174667 0.9091909 0.5630288
0.4260694 0.5207721 0.4365404 0.4754716 0.579355
0.806331 0.1117228 0.6673552 0.2017266 0.7960351
0.8521551 0.9550285 0.4470408 0.8899569 0.8792654
0.4246498 0.006727207 0.6860529 0.1107462 0.0547815
0.08984724 0.5478989 0.2886596 0.3488879 0.003117085
0.2137438 0.1605016 0.1664545 0.5115564 0.6282115
0.1117615 0.003185232 0.7005025 0.5736992 0.6249998
0.9649953 0.1219624 0.9985604 0.5223268 0.5004143
0.9385144 0.3339883 0.7625649 0.7694685 0.9439148
0.1110471 0.8028167 0.2445194 0.3370707 0.1304512
0.5621122 0.2354147 0.4614843 0.9032682 0.879177
0.3528236 0.895228 0.06001813 0.1827558 0.6943591
0.006522224 0.7871186 0.9170058 0.6751794 0.1940918
0.564992 0.3623441 0.2626921 0.8565632 0.3099784
0.08816738 0.7388487 0.6525284 0.001287334 0.04260515
0.4858338 0.2968112 0.8858504 0.5379891 0.3225849
0.3945198 0.2500577 0.4211171 0.3158064 0.3296332
0.426837 0.3627734 0.3009434 0.8240437 0.96174
0.6380251 0.9548338 0.3220634 0.4605051 0.7772773
0.2674469 0.3625535 0.3255176 0.9644989 0.06797944
0.1653902 0.5781161 0.9978917 0.09576538 0.3402247
0.4422155 0.2794048 0.5754028 0.6392343 0.456493
0.06178383 0.3295242 0.3726105 0.3264695 0.1476626
0.2448803 0.9190902 0.551486 0.1358937 0.7884973
0.4947905 0.362241 0.8191226 0.8369042 0.3797762
0.252427 0.8821696 0.09583205 0.9548091 0.6697785
0.3769001 0.9775174 0.7568756 0.1948798 0.6316956
0.6170045 0.1905294 0.4038748 0.9686638 0.0038164
0.4822475 0.603902 0.01720287 0.8236093 0.8714917
0.8711059 0.8936348 0.4583574 0.6535361 0.5064861
0.4592055 0.5078829 0.3843809 0.205951 0.4693085
0.4493707 0.7708506 0.7882475 0.9697459 0.2728303
0.2268871 0.654981 0.6365258 0.2207346 0.9014237
0.8822313 0.7670842 0.4765485 0.005256213 0.2769944
0.6413594 0.361809 0.3189867 0.2257603 0.3207185
0.1451838 0.7592974 0.990853 0.6904467 0.7409278
0.5185626 0.9812981 0.7430072 0.9918096 0.6986049
0.7110187 0.2015416 0.5459954 0.3801451 0.374334
0.7664661 0.7235805 0.1185303 0.8945159 0.8475885
0.6096761 0.9419963 0.5777172 0.7596928 0.60291
0.3239633 0.402501 0.9165043 0.7624877 0.7584127
0.8204381 0.3166908 0.1904342 0.08451986 0.530242
0.9619757 0.6047496 0.4828452 0.2663949 0.5674574
0.4032574 0.1295226 0.6831811 0.4461098 0.2084014
0.6438565 0.5038914 0.2243474 0.1429112 0.7380555
0.8299462 0.2057316 0.6138716 0.3984013 0.559864
0.09502213 0.1281392 0.05792877 0.9837589 0.9345579
0.1088296 0.7296969 0.7675326 0.6715572 0.1544699
0.03708161 0.5834227 0.7890104 0.2802863 0.2373934
0.4140674 0.2807337 0.9393755 0.282787 0.6025133
0.5092575 0.358797 0.9016048 0.3745148 0.3068383
0.7271258 0.2334879 0.160763 0.3135569 0.1660646
0.323424 0.3625 0.9388035 0.9202359 0.4822012
0.8062831 0.7739015 0.1464466 0.4495199 0.5038244
0.862193 0.9264218 0.03546866 0.7254854 0.8996084
0.2940016 0.221076 0.8355036 0.466445 0.1611283
0.7906275 0.6654358 0.9253329 0.5421792 0.1537745
0.2223191 0.8091657 0.8695821 0.938138 0.3490065
0.6855727 0.4530047 0.2305854 0.2407196 0.8843195
0.8133225 0.1545617 0.1142221 0.1737753 0.2677458
0.03765555 0.533004 0.6356491 0.5553153 0.5729938
0.1008348 0.4481205 0.1144666 0.4938025 0.2033087
0.2252986 0.3425299 0.5079451 0.8466478 0.8190864
0.8853332 0.7075964 0.1505945 0.06951996 0.2718904
0.6258035 0.5251361 0.9195949 0.549186 0.9438004
0.6595718 0.4131969 0.3372646 0.949421 0.2005208
0.907959 0.04378029 0.4529657 0.905683 0.8878111
0.9076552 0.7472104 0.5435963 0.4286158 0.2426612
0.2587858 0.8842621 0.9446421 0.01166253 0
0.8122043 0.1733 0.1630093 0.5107442 0.3164647
0.7660293 0.2137953 0.1215878 0.7222739 0.6188313
0.3850011 0.7798999 0.8738417 0.09339467 0.6732479
0.6189781 0.2328375 0.4890175 0.6112596 0.8466732
0.347932 0.2672636 0.3501986 0.004206844 0.08678067
0.3554306 0.03285498 0.9140591 0.3047047 0.5501547
0.8039548 0.4722622 0.3338352 0.6046025 0.2364741
0.8639316 0.1222339 0.2130841 0.473611 0.1161413
0.9087422 0.2095919 0.9735686 0.9798125 0.4801355
0.5737933 0.4770558 0.9006988 0.427483 0.5349614
0.9743346 0.7119669 0.553173 0.2785853 0.6410476
0.5088749 0.6602147 0.488098 0.3681772 0.4278611
0.9699992 0.8644592 0.6169702 0.9268372 0.7277559
0.3363308 0.7584881 0.5904571 0.006834456 0.5305207
0.7606691 0.2099459 0.564496 0.1201615 0.1406639
0.8239044 0.9999509 0.05911072 0.08007033 0.8519588
0.5861607 0.3462377 0.05710512 0.7143667 0.3723868
0.3875655 0.2051806 0.9345482 0.8654382 0.4204861
0.6470714 0.534443 0.2289076 0.6796777 0.7782866
0.365058 0.4170911 0.2327782 0.7219733 0.1948313
0.2546065 0.6980317 0.4351253 0.5376308 0.1283045
0.2463979 0.2833536 0.6678909 0.07741974 0.3938448
0.9316536 0.7345957 0.02994686 0.4842677 0.8258262
0.899615 0.749662 0.8656928 0.6699455 0.3053628
0.4465222 0.7809133 0.3438422 0.1533644 0.8525197
0.2804683 0.3043076 0.7413755 0.8581758 0.4752193
0.09845488 0.2857227 0.01990954 0.39849 0.4006821
0.2951118 0.4902476 0.3441226 0.1795156 0.09699343
0.4967295 0.5268 0.5034804 0.04546587 0.952922
0.3376707 0.8320995 0.8993416 0.9555849 0.2306553
0.619042 0.7035463 0.8640791 0.07056593 0.1546386
0.5494205 0.6849194 0.01203465 0.9211976 0.9598615
0.4277013 0.07653321 0.6993088 0.1499057 0.9339445
0.06547181 0.2936378 0.4097358 0.46078 0.02073407
0.3441883 1 0.5148624 0.7909622 0.9791225
0.9687019 0.5588074 0.9816881 0.3035176 0.4783522
0.05165251 0.8932036 0.917807 0.1581003 0.3019465
0.826963 0.630542 0.7575841 0.9414647 0.7677212
0.3320595 0.4278869 0.4211562 0.1777963 0.3009029
0.9846793 0.4093743 0.7158795 0.03319067 0.394652
0.823439 0.707323 0.4446548 0.5709307 0.2782078
0.7669705 0.2576926 0.2114217 0.9658617 0.9750372
0.5548384 0.5042401 0.7317213 0.3550022 0.2506482
0.4266345 0.4212944 0.500478 0.0761762 0.177016
0.3185065 0.2975455 0.7920766 0.5432498 0.1146617
0.4658483 0.2405083 0.6176305 0.3621357 0.3181137
0.1280659 0.8125856 0.4153979 0.9790852 0.5480258
0.4676954 0.2977561 0.3194194 0.9884685 0.9193982
0.6435383 0.9807865 0.4062391 0.2791578 0.274554
0.0793252 0.04425393 0.9903895 0.02940989 0.1520908
0.7480589 0.9685892 0.7189784 0.5804378 0.8812955
0.6206798 0.7969853 0.8906059 0.927107 0.3486976
0.9069951 0.4052485 0.3010789 0.3365398 0.6653726
0.3988646 0.191098 0.7441406 0.1531566 0.6134274
0.4754917 0.5596261 0.7220941 0.796748 0.6079942
0.7670789 0.4165508 0.2162265 0.2233086 0.1391737
0.8673097 0.7906519 0.2453032 0.0383427 0.6210084
0.07839837 0.07430444 0.4351414 0.2922171 0.9027464
0.4868711 0.02571973 0.8171122 0.707452 0.2465209
0.8764257 0.233884 0.9279979 0.0218076 0.7355975
0.04549272 0.1265194 0.5513397 0.4583759 0.2396936
0.469913 0.2928601 0.3678737 0.5583506 0.6400985
0.8262927 0.3116703 0.7976924 0.4465541 0.5317963
0.1515737 0.7244058 0.1952257 0.8667294 0.3260299
0.1378652 0.486086 0.371943 0.9483516 0.2107012
0.1066565 0.8796621 0.9913501 0.5969266 0.6815948
0.5199121 0.09605533 0.3289234 0.1251785 0.6810644
0.9845483 0.5253737 0.6210217 0.5077977 0.8987155
0.7205397 0.01158912 0.04953757 0.324719 0.6156607
0.3922914 0.433783 0.7645867 0.488601 0.1662211
0.3319581 0.04513202 0.2594342 0.4131343 0.7954438
0.01320783 0.1734035 0.8450302 0.1746775 0.9956884
0.5802323 0.5823222 0.9103625 0.2513348 0.5796662
0.6659221 0.08585521 0.831445 0.4109576 0.9618838
0.6415009 0.5207372 0.7126838 0.7775995 0.7465848
0.2824122 0.5030473 0.9477755 0.2972988 0.3655179
