0.944252 0.6808443 0.3781033 0.337492 0.4643633
0.882234 0.6191187 0.9573983 0.31273 0.5825585
0.8817181 0.579141 0.881652 0.5243202 0.3846187
0.8220703 0.4346231 0.9462249 0.258057 0.8792999
0.5180388 0.03789722 0.733723 0.5970136 0.2865062
0.2076573 0.07278103 0.4169275 0.8651865 0.01688884
0.08848591 0.1240538 0.8277115 0.6034167 0.8652613
0.4994764 0.5985626 0.4835506 0.4624841 0.6109231
0.002987375 0.2109476 0.6054091 0.6854773 0.4171694
0.4506479 0.631803 0.3881713 0.693732 0.1615278
0.9484585 0.9176305 0.5439539 0.6186905 0.3186497
0.5818983 0.6878765 0.6667658 0.6948226 0.2095832
0.6574716 0.8437965 0.8150485 0.7046902 0.9015488
0.6441688 0.08724635 0.9463753 0.2101795 0.8781049
0.2266084 0.8241212 0.06600581 0.5681743 0.2546021
0.6548588 0.4535797 0.364702 0.3435121 0.3932615
0.2228017 0.5505846 0.7485456 0.9585014 0.614699
0.6642272 0.4479039 0.253674 0.8338069 0.04643805
0.6474464 0.1674198 0.5987695 0.7278412 0.7511498
0.9599998 0.02532064 0.0438562 0.2358197 0.2593074
0.6836612 0.5294708 0.4708654 0.007827364 0.317439
0.9543943 0.7191501 0.06762516 0.5693128 0.1309732
0.3587936 0.4348598 0.07136927 0.4193 0.4958778
0.7801726 0.2918794 0.9616363 0.5383261 0.75048
0.9905533 0.8902414 0.4187194 0.006147239 0.7250551
0.5288603 0.1554442 0.698989 0.6140704 0.4193422
0.5077513 0.1424952 0.6341133 0.07741693 0.06770248
0.8382293 0.08637564 0.3280062 0.9347543 0.3687373
0.631302 0.2882175 0.5463454 0.3022312 0.3495237
0.2143612 0.3652054 0.2220424 0.356502 0.6161345
0.3445812 0.5485694 0.04201983 0.6881505 0.2578304
0.3583991 0.9537379 0.9539592 0.266032 0.01767894
0.5529426 0.6689995 0.6641623 0.5843801 0.9326763
0.6616884 0.3758229 0.6987793 0.002520176 0.660285
0.4691725 0.2496447 0.3002153 0.8794232 0.6214554
0.3037594 0.04768185 0.3285353 0.7764338 0.8410173
0.6408759 0.4486513 0.1476889 0.6651269 0.1110391
0.3451098 0.2328803 0.4340777 0.3769252 0.7243367
0.8951486 0.1328558 0.5493943 0.8548976 0.6876446
0.001963363 0.2022318 0.3426889 0.6490121 0.3712144
0.8083634 0.9946068 0.5198123 0.546166 0.2897319
0.5601549 0.7941878 0.2153613 0.7393609 0.686004
0.1943791 0.07588513 0.1917977 0.4835746 0.5841764
0.3083948 0.8613702 0.6605042 0.8661479 0.4822923
0.01907367 0.518189 0.3468529 0.7209513 0.04953057
0.2067846 0.3321455 0.3832349 0.1423259 0.864769
0.1966339 0.8665404 0.7450745 0.5117577 0.734938
0.7352395 0.07626091 0.3049946 0.4486038 0.1827007
0.2246398 0.454066 0.2145613 0.334622 0.3569167
0.6023464 0.1685396 0.2978959 0.01214546 0.6354434
0.2261047 0.01020083 0.5313543 0.4933864 0.1005812
0.599929 0.367725 0.888847 0.4947273 0.1538955
0.5308975 0.8448873 0.2082551 0.959148 0.9099321
0.2373416 0.899398 0.7549291 0.9755514 0.4029884
0.3099463 0.4850827 0.5980531 0.702956 0.5212055
0.7329506 0.7964817 0.9035697 0.6321038 0.8767834
0.4994157 0.6894475 0.14814 0.7235791 0.7304862
0.840514 0.6289688 0.635851 0.7208759 0.1423821
0.1467161 0.3068983 0.04568498 0.1396464 0.2847324
0.5149871 0.2810612 0.9242877 0.3413744 0.2237064
0.94845 0.3992988 0.1489536 0.2305724 0.0938932
0.07416517 0.6125226 0.3820496 0.8307941 0.8041316
0.4017932 0.1223692 0.225793 0.1762518 0.01684231
0.6187622 0.6400008 0.1955778 0.01718861 0.3756783
0.8993559 0.7664067 0.4849582 0.4513736 0.4851193
0.8959548 0.2474505 0.4318328 0.5246478 0.5681535
0.4611574 0.979142 0.01152567 0.96573 0.5997197
0.7910107 0.01648939 0.7882845 0.5255195 0.1184851
0.4006677 0.2966752 0.291215 0.06866875 0.2731807
0.5172937 0.6848336 0.4480997 0.1892779 0.7070717
0.7495024 0.4386344 0.2126899 0.9634058 0.2993362
0.8316276 0.3559446 0.2725118 0.2665409 0.370623
0.11964 0.137136 0.9517826 0.3100462 0.7401459
0.5048703 0.4995991 0.3002153 0.7809068 0.5703048
0.03880059 0.8348579 0.8927012 0.9206091 0.1593287
0.4710087 0.6927418 0.9349366 0.1382166 0.06509259
0.4157602 0.9398449 0.457871 0.559367 0.3948136
0.4846734 0.7535072 0.841801 0.7486163 0.2311933
0.698782 0.6512924 0.6531383 0.3308384 0.795808
0.4566249 0.2503101 0.879189 0.003555097 0.5727367
0.2686801 0.4262349 0.7621344 0.3262212 0.206523
0.2140126 0.5176375 0.4079444 0.02133645 0.08997857
0.7781205 0.4037036 0.8123077 0.425542 0.7401841
0.360595 0.5056004 0.2190607 0.7967529 0.9316168
0.5267911 0.6514823 0.7841289 0.2658844 0.8824031
0.8241468 0.2988055 0.2519528 0.5808758 0.02572471
0.4021667 0.9966041 0.5144398 0.4195133 0.7095296
0.3186938 0.9065436 0.4325697 0.2952464 0.2215308
0.9890967 0.1871986 0.314903 0.7408615 0.9760601
0.4850686 0.8320875 0.4990016 0.5520674 0.7323548
0.4817404 0.1542299 0.5427446 0.7279229 0
0.570489 0.6100755 0.7870907 0.6003172 0.9804493
0.6889981 0.7721804 0.4039875 0.34614 0.8858265
0.1486073 0.4717746 0.8748655 0.6615171 0.7350466
0.3213744 0.910019 0.6548687 0.5483999 0.2490702
0.9831368 0.1180798 0.4716485 0.8953073 0.02864761
0.231105 0.08880266 0.6187774 0.6839524 0.1055131
0.4537552 0.3156784 0.1572381 0.8593895 0.7388262
0.2614219 0.9251815 0.09552375 0.9639709 0.4226366
0.06127545 0.006727711 0.8021892 0.9787042 0.9676166
0.1035157 0.1737659 0.1390203 0.4101772 0.3564263
0.9711537 0.2603073 0.881201 0.4617964 0.1492339
0.5551214 0.7865598 0.7443511 0.5126435 0.2958514
0.8971015 0.09221456 0.409568 0.6334343 0.9506613
0.02226696 0.4911267 0.1299184 0.5337501 0.5737642
0.5244118 0.2002512 0.3637668 0.2738398 0.4145723
0.2071539 0.2261179 0.5804218 0.827005 0.8727289
0.3464746 0.1670063 0.5717022 0.6848786 0.6378169
0.8755854 0.5115179 0.6113983 0.01174056 0.3129951
0.03016711 0.4451944 0.6842199 0.8786226 0.7710119
0.9540497 0.7359551 0.6767911 0.04101114 0.7337514
0.1806196 0.8357259 0.3613077 0.6144678 0.1667289
0.4386046 0.7304894 0.07246883 0.9236794 0.1123724
0.9605075 0.4736728 0.2457225 0.800735 0.05897603
0.6767971 0.1207075 0.4516029 0.9485012 0.7842192
0.5096137 0.110695 0.6972989 0.9344074 0.4895074
0.08939103 0.1592752 0.3326915 0.1473532 0.2591109
0.197253 0.2672756 0.9444744 0.6984215 0.06923495
0.8884387 0.2477381 0.938978 0.9715692 0.004110044
0.7009446 0.8324962 0.729874 0.2909887 0.06196781
0.2289333 0.3036168 0.5346624 0.46452 0.3865635
0.828535 0.7910066 0.7172805 0.9120576 0.7973192
0.4067892 0.9893685 0.2840205 0.568542 0.4325232
0.6170972 0.7490107 0.432451 0.4960786 0.5367582
0.2231463 0.1564898 0.1964263 0.2136194 0.6204938
0.1533898 0.3161713 0.5553408 0.3411024 0.3100598
0.8444923 0.8860793 0.247072 0.4986922 0.2143753
0.8934033 0.8928419 0.3045215 0.7008168 0.841657
0.1661156 0.4907701 0.9138709 0.2357104 0.1411027
0.4345845 0.9275978 0.3285729 0.9871869 0.9976118
0.03399533 0.8217807 0.269269 0.0661636 0.2417503
0.6925498 0.4512607 0.9242249 0.4325132 0.2831856
0.1067376 0.6900512 0.4145925 0.3556161 0.9222114
0.6028126 0.2774748 0.1224556 0.1376701 0.160285
0.7876247 0.4473188 0.7405714 0.05784909 0.382015
0.4283976 0.7657401 0.9497367 0.5583607 0.3453581
0.476797 0.419929 0.5135555 0.4628425 0.2049344
0.3396474 0.7337886 0.3029277 0.108354 0.1481859
0.1499426 0.3035935 0.641515 0.7767257 0.3420112
0.5085913 0.9512054 0.08647029 0.9522451 0.07655035
0.5834157 0.2999301 0.3771368 0.4735628 0.9817188
0.01691783 0.1057017 0.4031235 0.8106704 0.956458
0.2983365 0.03002266 0.02104942 0.7046861 0.9941097
0.2586011 0.3719501 0.3556179 0.6859767 0.5000235
0.3763805 0.9944656 0.1424038 0.1240309 0.3977344
0.0612383 0.1682172 0.5631904 0.6551724 0.9422257
0.4600458 0.8758954 0.117526 0.06918282 0.6528756
0.5558982 0.3091336 0.682386 0.5185676 0.7432227
0.5096792 0.9502279 0.9986876 0.8471536 0.2781279
0.828893 0.8350784 0.1103987 0.6042938 0.5653126
0.5181537 0.6980169 0.59208 0.7957064 0.5470982
0.173825 0.06086473 0.9248524 0.4209717 0.4019705
0.6798712 0.8929202 0.5047019 0.8752816 0.9067792
0.2114564 0.88315 0.05594478 0.5325177 0.6441239
0.8469194 0.1764591 0.9415066 0.557906 0.5285712
0.6131805 0.1489422 0.5158374 0.3390418 0.7702534
0.7792227 0.5426236 0.8678542 0.7012341 0.6705837
0.4606977 0.9606852 0.05634096 0.6481531 0.5560425
0.4622781 0.3049287 0.6114489 0.3267016 0.8311317
0.3499092 0.7583627 0.9438943 0.04128294 0.3529661
0.3649894 0.9229208 0.8417516 0.6594629 0.807655
0.5588871 0.9021793 0.8804731 0.6906211 0.756643
0.5960381 0.3130533 0.4720511 0.4832303 0.1254838
0.9587065 0.04137871 0.1441144 0.9452907 0.4615297
0.8229751 0.8455681 0.525806 0.1325909 0.1162178
0.6236368 0.9537607 0.6374779 0.03005966 0.8066582
0.03286194 0.8366783 0.626636 0.37127 0.1335529
0.2017452 0.0736251 0.9856792 0.9193098 0.7741204
0.5423929 0.5635059 0.1452666 0.7375333 0.6625264
0.5728431 0.1124754 0.4583909 0.911017 0.6951167
0.8515562 0.2242989 0.5473396 0.7659386 0.6381078
0.632879 0.9840747 0.8422927 0.3712572 0.7695945
0.6810687 0.2123172 0.7178659 0.2197637 0.978358
0.8066548 0.5653293 0.706651 0.8848279 0.8428254
0.204784 0.3782051 0.4218656 0.6347919 0.1891925
0.9044112 0.2948616 0.3606743 0.6787333 0.1021304
0.06751245 0.4128125 0.05244006 0.4911849 0.08884843
0.7360967 0.5410065 0.3967227 0.6287637 0.5930204
0.9168503 0.7731101 0.369393 0.9503729 0.5329069
0.5162533 0.3682401 0.8652453 0.6785294 0.00954585
0.262774 0.911185 0.6449977 0.4824486 0.7815508
0.9814305 0.3842359 0.9348168 0.530678 0.9374349
0.7859034 0.9875876 0.4076 0.2790921 0.7531013
0.6653112 0.1001203 0.0576459 0.9977819 0.5891843
0.6210663 0.9838551 0.1558665 0.9181324 0.1227861
0.6432781 0.9688255 0.5975665 0.1405922 0.7775746
0.2346592 0.8991236 0.6869925 0.1805303 0.6357357
0.7357198 0.8200587 0.0873601 0.126572 0.2289609
0.9777545 0.1502488 0.9762262 0.8834844 0.6602139
0.05922565 0.5111837 0.8640858 0.3373756 0.1841691
0.9892886 0.350179 0.3859756 0.7939189 0.5923216
0.8805919 0.5732872 0.5394667 0.5120921 0.1162076
0.9229137 0.8836423 0.8570374 0.9533117 0.6506217
0.6289387 0.8733475 0.3799562 0.5634444 0.6801026
0.8481212 0.4623038 0.2575864 0.8074358 0.3964074
0.2734189 0.8028161 0.3078089 0.9610303 0.5066433
0.5101914 0.9294883 0.8409783 0.3812497 0.9755304
0.5694888 0.8974431 0.5572668 0.3979909 0.3599897
0.9730296 0.1656348 0.4013242 0.4154325 0.7607512
0.07927082 0.658022 0.4844317 0.3121139 0.8076646
0.03237233 0.5156111 0.4297084 0.6248232 0.704782
0.6883266 0.2742966 0.6248952 0.895231 0.5944592
0.7349824 0.2790472 0.8853043 0.8203609 0.3096319
0.1984458 0.5833072 0.4258888 0.8982648 0.6387542
0.08383439 0.5830265 0.5296956 0.5781433 0.8536898
0.7987414 0.5494192 0.6780709 0.02778357 0.2192361
0.5588988 0.8645986 0.8151054 0.1404516 0.7398375
0.7201461 0.4293488 0.7834836 0.9737464 0.5602085
0.5328969 0.1326493 0.1012942 0.926923 0.6366566
0.1594529 0.2361751 0.925731 0.3256331 0.3439898
0.06141009 0.8504728 0.9239774 0.1103388 0.5053542
0.8987373 0.02577356 0.8436259 0.8394729 0.4095259
0.4108184 0.5953652 0.8914583 0.4234154 0.4924855
0.4785549 0.06994339 0.7871239 0.04040344 0.9091708
0.4535678 0.6311574 0.334698 0.2808126 0.5245054
0.7113085 0.3372896 0.4716423 0.7059337 0.2978494
0.6957664 0.9800458 0.8281083 0.3058943 0.6229463
0.02773521 0.6238783 0.3595518 0.5189867 0.6057378
0.951013 0.6193802 0.5733967 0.6838911 0.4709258
0.5815098 0.3960921 0.4643239 0.5949469 0.4606552
0.03794103 0.3572233 0.5524993 0.6833612 0.7535556
0.4159494 0.6122189 0.4909628 0.881852 0.1478555
0.9236298 0.8671968 0.9289232 0.9319222 0.2477029
0.08157035 0.7647181 0.5685418 0.5931104 0.4239986
0.4574921 0.3451463 0.2736996 0.4593922 0.7317795
0.2260656 0.3257028 0.9333499 0.6632087 0.3274338
0.2705808 0.349074 0.4472691 0.8523952 0.04529855
0.6404406 0.9765194 0.2126774 0.5487791 0.5732531
0.2806875 0.2853364 0.3268304 0.2317419 0.6498366
0.1614798 0.6783987 0.8725879 0.399896 0.9124746
0.7896449 0.5729139 0.8216431 0.7996229 0.4308891
0.7599413 0.7204116 0.6660608 0.8090405 0.5092884
0.8066616 0.7621337 0.6688255 0.6518154 0.7452234
0.9289579 0.5959142 0.685211 0.2229635 0.02010167
0.2906015 0.09074616 0.4398601 0.1988391 0.6285372
0.4678856 0.275107 0.4945574 0.1645684 0.1746016
0.7564579 0.09922216 0.2172621 0.4202934 0.5901826
0.2557094 0.7994898 0.1946661 0.8544823 0.8148086
0.7769718 0.09902221 0.4510498 0.4526837 0.8190892
0.09486014 0.1061911 0.8954681 0.1866787 0.0270607
0.9968989 0.5291059 0.6967846 0.8131978 0.2980637
0.9367783 0.2698581 0.1836067 0.9213693 0.3260413
0.1751484 0.8317697 0.1705167 0.2618773 0.9189651
0.3417389 0.07591516 0.5719491 0.7039338 0.3986891
0.5118567 0.5573051 0.2682938 1 0.7813698
0.8491819 0.5874256 0.03759225 0.1219094 0.884801
0.5786822 0.1524816 0.5039587 0.08392728 0.2021417
0.7164337 0.3985098 0.2422807 0.3620993 0.2721358
0.3943433 0.1911402 0.6325922 0.6389553 0.4180226
0.1810346 0.7140456 0.9558544 0.00867004 0.6340382
