0.07732144 0.9299275 0.2601561 0.6009088 0.113729
0.7899893 0.6387718 0.7250107 0.6457954 0.8922628
0.9075847 0.8024196 0.1715286 0.6957055 0.7301582
0.2266406 0.824493 0.8796286 0.7041635 0.5359801
0.9893051 0.432655 0.5842553 0.6279262 0.8306572
0.5613706 0.9334221 0.617232 0.3878855 0.3377006
0.6343744 0.8717663 0.4374689 0.7556267 0.3387497
0.7586908 0.7413921 0.3374839 0.2639392 0.6035775
0.1591034 0.6130731 0.2592724 0.6423538 0.1354324
0.4268698 0.1857255 0.09483201 0.9065053 0.3469921
0.4053714 0.00132305 0.5392728 0.8212678 0.8789255
0.2061381 0.4711908 0.02811139 0.488783 0.1547469
0.3993253 0.7081967 0.8996685 0.9538167 0.03590693
0.8690118 0.1496426 0.8678723 0.4007978 0.6838349
0.5969118 0.6268709 0.8615307 0.7807884 0.1941132
0.1162163 0.5512366 0.07562235 0.1566442 0.2867175
0.4815057 0.4092358 0.1011999 0.6734059 0.7082565
0.02177759 0.424613 0.5491433 0.5772665 0.8565857
0.7441146 0.04887456 0.3920702 0.4801429 0.1700481
0.6516585 0.1123912 0.01121421 0.3548006 0.5244729
0.5115138 0.9156092 0.1356769 0.3435249 0.9358928
0.9128955 0.8947897 0.5510423 0.912475 0.2418769
0.4593979 0.882437 0.7058934 0.1120237 0.7005008
0.7686077 0.2610921 0.4619341 0.4245638 0.8404781
0.8169229 0.7896884 0.3613317 0.8710681 0.09710159
0.5191895 0.5692552 0.1054492 0.08884768 0.7914412
0.06557183 0.4706858 0.3943477 0.7994065 0.8062476
0.04794206 0.5366984 0.4818623 0.710479 0.8552137
0.2977876 0.08263263 0.01025335 0.2709378 0.6455783
0.3246457 0.8911392 0.8978567 0.9241171 0.9318992
0.1996973 0.7891195 0.6920498 0.0932284 0.519369
0.885421 0.3279734 0.6285831 0.2476721 0.952225
0.789611 0.001954562 0.7204093 0.0664778 0.1047
0.9419578 0.4868416 0.08233897 0.150567 0.2050163
0.9333021 0.1634435 0.05666886 0.5382669 0.6336606
0.5309115 0.7465818 0.6963638 0.5243943 0.5458134
0.3122217 0.1066366 0.6686998 0.09476404 0.8771956
0.8279329 0.3615286 0.6742606 0.7451885 0.7756771
0.8197901 0.8749571 0.7130778 0.3069976 0.4800186
0.3611794 0.3397455 0.7461268 0.6969218 0.3734979
0.7970385 0.3813557 0.512942 0.9559875 0.6505142
0.5764163 0.7257071 0.9342461 0.4702046 0.3188532
0.5249056 0.7141821 0.1312289 0.2069779 0.5401232
0.9950783 0.8886756 0.3210185 0.470868 0.2878806
0.1789451 0.9188403 0.652989 0.6237696 0.3785861
0.08897111 0.4258388 0.2050672 0.4595767 0.3561356
0.9230946 0.4983635 0.2031792 0.9124171 0.3638849
0.9525121 0.4685712 0.8742133 0.56416 0.9158173
0.7860062 0.3502059 0.02256466 0.1385952 0.6278341
0.1238104 0.325575 0.1745443 0.478182 0.7070234
0.3335405 0.7582306 0.7219748 0.5418417 0.4401165
0.01405296 0.8832317 0.1506971 0.153961 0.4144251
0.319345 0.9781176 0.9750696 0.8099784 0.7476924
0.1185496 0.6698696 0.6566668 0.2815543 0.5236592
0.2003537 0.08159543 0.07132762 0.8372287 0.8382683
0.8357758 0.7683575 0.6685364 0.7513501 0.7138724
0.9543067 0.4892686 0.2889645 0.6155514 0.5658485
0.3819294 0.734839 0.1290559 0.4953296 0.7107605
0.6780533 0.3862095 0.6599189 0.6021175 0.3940669
0.8643157 0.4653032 0.2674031 0.2905351 0.5532692
0.6382124 0.1943706 0.2344771 0.490898 0.635688
0.08809363 0.758155 0.2195225 0.1987962 0.52225
0.77412 0.4340351 0.6610247 0.4746671 0.07318594
0.3087345 0.982306 0.8259282 0.390265 0.4412882
0.7372518 0.4761766 0.4626135 0.8425747 0.8882464
0.5483735 0.345137 0.9631799 0.6665227 0.3320987
0.582918 0.2349803 0.4878844 0.06248654 0.6093873
0.4093649 0.8565141 0.09659224 0.5551407 0.154538
0.4130164 0.5244077 0.006614297 0.2521076 0.5146106
0.9027867 0.1128104 0.8683813 0.08816179 0.1604933
0.1235279 0.1122962 0.8456381 0.09095955 0.8554153
0.5303229 0.8488815 0.582348 0.4037677 0.42342
0.258174 0.4218901 0.3309895 0.3781935 0.468498
0.1456886 0.5477724 0.3581624 0.724787 0.8989766
0.6821911 0.2402019 0.7789692 0.2791314 0.2683496
0.2563043 0.2151035 0.1256873 0.4839578 0.7448739
0.1971823 0.66929 0.9547092 0.8988522 0.4613503
0.5584711 0.2510092 0.468065 0.3947895 0.05040536
0.6183024 0.9150008 0.5801697 0.1236859 0.5894495
0.1057507 0.8798588 0.2200953 0.971717 0.8489045
0.4497889 0.5914863 0.07126592 0.1599366 0.2167303
0.6102332 0.3903546 0.6012657 0.3141108 0.08675694
0.1891073 0.5734651 0.222652 0.3611269 0.4966838
0.957578 0.7087735 0.8760192 0.6079101 0.3905846
0.3182376 0.4586574 0.06585272 0.5020898 0.841023
0.9873994 0.841659 0.8778272 0.2619097 0.7709969
0.366149 0.07711651 0.5998557 0.9663871 0.08339193
0.5200611 0.2932902 0.2532197 0.2442379 0.3655539
0.03786657 0.3316494 0.8653612 0.6159507 0.6385146
0.961181 0.01353283 0.8183143 0.5750691 0.01316491
0.8175978 0.4251573 0.7431602 0.1728237 0.42197
0.3149587 0.03249376 0.6243819 0.4043128 0.7989633
0.9648346 0.5686684 0.7266546 0.3708904 0.4504877
0.8637171 0.9539743 0.009826708 0.06379866 0.5689625
0.1467524 0.1674633 0.9640521 0.4688117 0.9861025
0.3011239 0.02151189 0.4662038 0.08371793 0.7767171
0.9684442 0.292442 0.601233 0.9273295 0.6431365
0.3934283 0.8809656 0.3155373 0.7125151 0.1281886
0.7477605 0.5267457 0.8501422 0.6540328 0.9337312
0.7851112 0.009771718 0.7268439 0.7750074 0.6620133
0.1613677 0.6699416 0.6138935 0.9559789 0.5390873
0.1307919 0.3962066 0.244038 0.04253449 0.4561362
0.9296645 0.4426426 0.3550236 0.6623687 0.6649178
0.4787742 0.6812941 0.684253 0.4638851 0.03166479
0.7900118 0.008648608 5.339061e-05 0.2087063 0.6348415
0.09812342 0.4789205 0.1277019 0.8917978 0.5472313
0.5621933 0.4658767 0.3193042 0.1739327 0.3267411
0.3886548 0.1421622 0.5246975 0.3892404 0.4737901
0.7125454 0.9389169 0.5517209 0.01675154 0.8280231
0.02886349 0.005330269 0.5290429 0.01576841 0.07120887
0.1511572 0.9541882 0.05823141 0.7272567 0.6337809
0.06855404 0.9257297 0.4413034 0.670654 0.1517179
0.2735455 0.8831941 0.09519323 0.1881881 0.3867508
0.3609584 0.7709171 0.9406374 0.912689 0.5700856
0.7105164 0.9398749 0.01147925 0.8748052 0.9078909
0.05939937 0.5930416 0.5910084 0.2845099 0.4761887
0.2933393 0.8338186 0.1547012 0.7356038 0.2811046
0.2100297 0.9240369 0.2872649 0.7723838 0.8093179
0.4524993 0.8865918 0.9723156 0.824491 0.2906713
0.3034923 0.1726746 0.01915322 0.884915 0.8601775
0.3175441 0.9289752 0.1843878 0.6151014 0.8687824
0.2075788 0.08662753 0.7471194 0.9303099 0.2500691
0.8139213 0.2421898 0.9824936 0.09632487 0.4622354
0.947594 0.6544975 0.3909008 0.202795 0.4777552
0.3663434 0.6634563 0.1798965 0.4157544 0.2487224
0.8710274 0.3970894 0.8550847 0.08536522 0.6010633
0.7773426 0.3383526 0.9756799 0.7242085 0.2372162
0.5085183 0.4864845 0.7640396 0.05052098 0.7827524
0.5075803 0.940141 0.6739948 0.4296775 0.190272
0.2151531 0.8989376 0.1517703 0.3184536 0.1942944
0.4718144 0.04436777 0.0666005 0.1396803 0.7916372
0.4775266 0.2064673 0.7292805 0.2930473 0.3853489
0.4949981 0.00196504 0.2212471 0.2387361 0.3368411
0.03162109 0.5265799 0.1640439 0.5908069 0.622438
0.7732789 0.7450526 0.9672607 0.5242615 0.416933
0.1946003 0.1082004 0.5645356 0.4347022 0.7864811
0.1503798 0.8313532 0.1957279 0.3936541 0.1947018
0.3707866 0.8209207 0.7070094 0.4414062 0.5272742
0.2772775 0.4745937 0.9457482 0.9595521 0.7751356
0.400991 0.4872795 0.4100163 0.9674662 0.5401181
0.2920709 0.2503283 0.5784153 0.757701 0.1040383
0.8327468 0.5724059 0.6385479 0.3067237 0.3600773
0.3712063 0.2050316 0.3561863 0.4356738 0.278257
0.07033636 0.05948143 0.3435148 0.5711696 0.572573
0.4306372 0.07722506 0.1074563 0.5892842 0.08438577
0.3274049 0.9796171 0.6999089 0.6032523 0.7938481
0.6276048 0.8506323 0.650567 0.6581202 0.2063572
0.1185563 0.02854146 0.7892077 0.005272615 0.3581756
0.4684828 0.4076423 0.176075 0.7757636 0.2804343
0.99819 0.3383387 0.1571766 0.9087725 0.2582637
0.6975853 0.7638403 0.04620302 0.9196412 0.6745196
0 0.8103253 0.9888973 0.07842222 0.2649617
0.3902379 0.6687349 0.6909993 0.3324475 0.6611017
0.08850912 0.160299 0.6732213 0.3652974 0.7387864
0.05743805 0.5115306 0.8531202 0.7801893 0.6652633
0.5901703 0.07805721 0.4705656 0.1141858 0.6294222
0.3972203 0.1225674 0.5294305 0.8940721 0.04400366
0.5103353 0.8122266 0.4317783 0.3848098 0.7174453
0.3613953 0.3715776 0.4761848 0.05823351 0.6108828
0.2429494 0.4046669 0.6232423 0.9052184 0.7391347
0.5600118 0.1060678 0.06260646 0.211501 0.1649536
0.487326 0.4855189 0.609333 0.9378567 0.9704462
0.6348071 0.4482202 0.8419777 0.7600084 0.5344158
0.2733546 0.09964768 0.2462062 0.862116 0.2247521
0.6976269 0.3023745 0.6227219 0.1968774 0.8349639
0.0977173 0.8533613 0.1963904 0.3210585 0.1162921
0.3892421 0.05115742 0.1902444 0.9780429 0.566437
0.9672018 0.053041 0.7876008 0.9757598 0.8017312
0.4546843 0.9401284 0.7786413 0.7510463 0.6639572
0.1091573 0.9515097 0.1281214 0.231805 0.3717267
0.4039681 0.6531475 0.8113164 0.4270326 0.4358206
0.4037915 0.2494769 0.6507969 0.962155 0.7226442
0.2306562 0.3436462 0.1837198 0.4694748 0.7532343
0.2483834 0.7974042 0.8873217 0.2345983 0.5007334
0.7024368 0.9818699 0.009468501 0.9080188 0.142527
0.3236884 0.6342355 0.1825538 0.5624786 0.1761472
0.04041221 0.07635397 0.8045663 0.2475701 0.5144836
0.03232255 0.6941427 0.2252495 0.5740053 0.8181745
0.4336642 0.6057211 0.05031038 0.7457657 0.3885501
0.3491569 0.798407 0.6836329 0.9725125 0.3402784
0.3227752 0.07349868 0.5983589 0.4627963 0.3634948
0.157279 0.1244242 0.4151656 0.6264761 0.002470174
0.4532741 0.146709 0.7299708 0.9455927 0.9935522
0.5541285 0.3647655 0.1472484 0.2621529 0.5084722
0.4561389 0.7154707 0.3643699 0.07698057 0.104024
0.6263525 0.354681 0.7886102 0.8594589 0.8796076
0.443322 0.05813714 0.0423915 0.05691785 0.305872
0.9663354 0.6012547 0.6334786 0.7240153 0.2665004
0.164705 0.5107715 0.6133631 0.9021223 0.4853318
0.1510281 0.7557801 0.3310261 0.4296873 0.2181257
0.2960867 0.6154369 0.2402682 1 0.08208516
0.1396926 0.4910677 0.711955 0.4869352 0.6950764
0.04947661 0.604622 0.9854772 0.3171376 0.2818784
0.1626779 0.8591531 0.9934176 0.01696882 0.9955822
0.975557 0.01539471 0.9505079 0.6488943 0.7183953
0.5098739 0.5002032 0.9565864 0.6226671 0.1991862
0.513113 0.7529274 0.0395073 0.7118568 0.03424782
0.6784117 0.02306699 0.8793705 0.8891948 0.7760498
0.3026251 0.4048861 0.8058686 0.2885432 0.04884785
0.4157863 0.4717996 0.3328353 0.9196762 0.442485
0.4390405 0.3945452 0.2245917 0.7536235 0.8700561
0.9000305 0.5613516 0.7614602 0.6309892 0.757553
0.2729873 0.8300313 0.4105045 0.04984805 0.9540623
0.5698699 0.8335524 0.3024472 0.7262267 0.7442625
0.2921033 0.853522 0.1022817 0.7332568 0.07300475
0.4793201 0.5486098 0.7565179 0.3317159 0.5211214
0.9904618 0.6842574 0.6346636 0.1985785 0.6282646
0.1202654 0.3511421 0.9155954 0.4816346 0.527189
0.25718 0.5160759 0.1771095 0.6925571 0.4564965
0.6147473 0.5810093 0.6758865 0.3507505 0.5886705
0.4596682 0.022827 0.5087714 0.3513633 0.7829757
0.2889295 0.01542783 0.6773431 0.8417756 0.6263977
0.5508979 0.7178298 0.05550605 0.9774501 0.3999989
0.3482335 0.6392299 0.9454502 0.8485078 0.7610205
0.7173766 0.1842365 0.09813345 0.2624393 0.2251688
0.6395313 0.4702577 0.06339931 0.6694532 0.4346255
0.8049798 0.6700603 0.01257847 0.7945769 0.7021267
0.7225177 0.03081186 0.2780672 0.2303067 0.368403
0.06432258 0.04611662 0.7170937 0.8021659 0.8608219
0.7373912 0.4110347 0.699009 0.569333 0.739926
0.4148564 0.8672903 0.2210381 0.6339164 0.2788978
0.7367792 0.3449673 0.1562069 0.837442 0.7415708
0.03139692 0.9211348 0.2444535 0.7475381 0.7308495
0.4996206 0.9575563 0.7861619 0.2875164 0.1233107
0.6759367 0.03100892 0.4594384 0.1701502 0.3171934
0.2686996 0.5821487 0.7028988 0.2502843 0.7717568
0.1047765 0.855365 0.2195759 0.2596677 0.3256379
0.3541641 0.344715 0.1533399 0.3345843 0.8049861
0.7222947 0.133958 0.9502632 0.3549602 0.7909447
0.9969744 0.6080987 0.1489235 0.3954552 0.4592886
0.9794801 0.5734001 0.297584 0.6430546 0.1503063
0.8048039 0.7052497 0.08129307 0.1992036 0.5663202
0.7476173 0.6948951 0.6919416 0.9989816 0.6682995
0.5584144 0.3197329 0.5285608 0.01603976 0.4604662
0.9291684 0.05091606 0.0779232 0.393953 0.04959021
0.2997226 0.9464913 0.6696508 0.5037832 0.46998
0.1345895 0.8589057 0.04129205 0.7806029 0.396716
0.2003815 0.7759331 0.7432917 0.6330995 0.04771959
0.3583483 0.2421293 0.7777987 0.9753591 0.8483585
0.8926504 0.01012981 0.1583163 0.4264211 0.8325475
0.5032545 0.8063926 0.07740539 0.4455861 0.6357268
0.07700953 0.9486579 0.2519056 0.945338 0.3244224
0.346778 0.4772686 0.1064685 0.6339983 0.6058616
0.645041 0.006858038 0.8143294 0.7548576 0.1639423
0.03714226 0.5892838 0.8131378 0.5062824 0.4357261
0.5408364 0.5065484 0.4234676 0.5313921 0.378278
0.8381681 0.2377804 0.8788036 0.2309927 0.7212006
0.8530334 0.7189769 0.8482306 0.6754616 0.4256243
0.2383327 0.4573804 0.2414541 0.7171383 0.6061935
0.8213963 0.6095523 0.9867095 0.329275 0.1163616
