0.4251428 0.5832241 0.478444 0.4147791 0.5015114
0.3961956 0.6703737 0.5791747 0.9200513 0.2477274
0.08372396 0.1895465 0.2175301 0.8885037 0.03743354
0.2461527 0.5271615 0.05338939 0.9938938 0.5077713
0.7531383 0.5982377 0.009118798 0.4975695 0.3217626
0.08159288 0.6845991 0.8287857 0.997977 0.9815419
0.5667511 0.03647882 0.8688918 0.7930877 0.8480429
0.4255298 0.2903789 0.9942749 0.8717621 0.6702149
0.9548902 0.5930882 0.348904 0.5892722 0.2384675
0.5486659 0.6378024 0.5065299 0.3866906 0.3622432
0.9622305 0.7912204 0.7737745 0.8614244 0.1492007
0.1410898 0.9255221 0.9366225 0.5745839 0.6891285
0.1877016 0.8532584 0.9095829 0.6157764 0.6823113
0.2695247 0.9800811 0.7044026 0.2116858 0.8457246
0.5563527 0.2560027 0.7773473 0.4505447 0.3193997
0.6139556 0.558285 0.1922019 0.5030634 0.8525005
0.7814102 0.7386364 0.5948592 0.198026 0.3135669
0.0179517 0.6966252 0.7797869 0.9933547 0.5818849
0.6802912 0.8000571 0.4987975 0.6314158 0.4152483
0.4830604 0.9820688 0.6587671 0.39121 0.8790008
0.4244356 0.9504611 0.9258638 0.5883896 0.3113996
0.3869409 0.2812757 0.4300852 0.01974827 0.2551007
0.4921203 0.778141 0.8776179 0.9303024 0.123376
0.6800166 0.3437886 0.5675806 0.6356332 0.8582712
0.3383756 0.07582548 0.6785023 0.07364978 0.1854371
0.2713958 0.1317615 0.3875106 0.9322124 0.8987713
0.3142048 0.009910644 0.1317132 0.9251852 0.6474865
0.9380054 0.9069489 0.3956239 0.298991 0.7160241
0.6437179 0.2341074 0.2963245 0.3405279 0.4657065
0.714172 0.4708781 0.6124121 0.5579788 0.2124669
0.7185141 0.6802126 0.8976926 0.8134486 0.7582806
0.7486893 0.8427742 0.2429587 0.1152128 0.8063251
0.4539643 0.5838059 0.03407126 0.4184952 0.784183
0.7253737 0.8963197 0.3438994 0.1878473 0.3531675
0.7049763 0.4717587 0.1301098 0.7952026 0.8989458
0.7552604 0.07625056 0.2384567 0.9481287 0.793649
0.5440958 0.642479 0.2844614 0.2144093 0.8484994
0.1314925 0.6364111 0.1060622 0.04322481 0.387664
0.08355739 0.1552287 0.440357 0.5293948 0.003145844
0.6733294 0.9034066 0.2657604 0.3075218 0.0675068
0.01443111 0.1080308 0.6549714 0.5280638 0.1834143
0.3708863 0.5589523 0.3523594 0.07184449 0.2109859
0.405344 0.9496283 0.108013 0.5350867 0.5248784
0.9283102 0.4134807 0.1137073 0.598485 0.05689664
0.5982111 0.7835405 0.3062901 0.676828 0.2200944
0.6379976 0.8570373 0.7332434 0.3675923 0.5074701
0.9575911 0.9072235 0.2864376 0.3114674 0.152353
0.4484541 0.7740789 0.6445764 0.5744405 0.6152777
0.7667435 0.6220162 0.3634046 0.7271058 0.454404
0.5808033 0.09446115 0.6891013 0.6965808 0.7044868
0.7821052 0.9821797 0.6931038 0.5024481 0.2825433
0.5354837 0.3885524 0.1025868 0.8518647 0.6982703
0.2681301 0.5271026 0.8576971 0.653329 0.7611929
0.2539113 0.3731899 0.183804 0.8752518 0.3945017
0.5165476 0.6204924 0.5632585 0.5808739 0.317637
0.2950226 0.4272648 0.03970233 0.4541755 0.4406654
0.9560857 0.7068229 0.02776587 0.1187025 0.9837857
0.07177358 0.2486069 0.4850805 0.3957832 0.7950248
0.1640197 0.522358 0.6093097 0.1963492 0.5986491
0.4211893 0.0479088 0.681873 0.5144899 0.5542685
0.167967 0.2115682 0.4456278 0.9240701 0.05133498
0.4321509 0.4411381 0.7537899 0.7193506 0.1007579
0.9463939 0.9259102 0.919707 0.7476405 0.6961755
0.2628375 0.4018866 0.6033034 0.1720067 0.5619706
0.6535221 0.6364727 0.8947819 0.7030227 0.3932047
0.2533653 0.6356446 0.9843596 0.3865209 0.2662582
0.2568973 0.773883 0.2497259 0.4011255 0.7858255
0.284639 0.3050599 0.9339975 0.3998312 0.1591264
0.7309091 0.2495553 0.4476821 0.4235544 0.9042895
0.7467482 0.7287891 0.4493429 0.3755881 0.6048577
0.3733895 0.5620753 0.3474545 0.6285128 0.7294789
0.1727294 0.6303739 0.8268394 0.6180941 0.3506257
0.6792495 0.1805977 0.5629445 0.3271822 0.7177046
0.9939608 0.07531648 0.2072111 0.6212404 0.396624
0.8984128 0.5976985 0.4934304 0.7427124 0.1692923
0.3860314 0.1488487 0.293629 0.7169317 0.0625533
0.8668386 0.2596673 0.5511999 0.197999 0.3929297
0.3339086 0.7306466 0.7005032 0.7940463 0.7005015
0.1345122 0.7129462 0.5844562 0.6593969 0.2824162
0.9211072 0.2609574 0.9147762 0.9289103 0.024013
0.9487767 0.5779736 0.3512611 0.8215734 0.6028602
0.7848321 0.1945652 0.7544793 0.1633983 0.1627872
0.7468748 0.8946511 0.7524997 0.3887283 0.3202309
0.6434658 0.5426112 0.1463135 0.2217513 0.2895058
0.642503 0.797672 0.7369335 0.3198412 0.7805978
0.8605401 0.1371258 0.8246051 0.2531316 0.7340614
0.3637498 0.5265576 0.7863072 0.20444 0.9898909
0.2653873 0.8456126 0.4200209 0.05217921 0.2513179
0.5402007 0.2425417 0.2192552 0.3199281 0.08713408
0.04287639 0.2391063 0.7512271 0.9097091 0.1618991
0.7565846 0.4477413 0.5243475 0.8141868 0.8017996
0.5806107 0.8553293 0.2855321 0.8051244 0.4117375
0.9229609 0.9907483 0.3117696 0.6515407 0.3220535
0.3006447 0.1387823 0.8819966 0.8365431 0.3363747
0.3559618 0.4103606 0.27301 0.02265611 0.9467226
0.03334828 0.9954911 0.7112771 0.09978548 0
0.404586 0.4735001 0.8306233 0.1454773 0.02555378
0.7299577 0.3390993 0.1277633 0.6922884 0.5601016
0.5664954 0.7031738 0.4913781 0.9946564 0.4175754
0.4079838 0.9580314 0.5753724 0.334785 0.2065708
0.3189493 0.7153216 0.9970231 0.7373594 0.1630806
0.04725617 0.963065 0.1966416 0.5548084 0.4270049
0.137884 0.5036039 0.9001438 0.5696673 0.9572125
0.5625651 0.7431005 0.4699006 0.2250534 0.9476607
0.8162945 0.2123253 0.2912087 0.2010656 0.542579
0.6052259 0.5361542 0.3381529 0.8235582 0.09201348
0.003563539 0.2942802 0.5947437 0.448779 0.7537854
0.7583271 0.4612609 0.9174034 0.7147662 0.4821296
0.4056615 0.1434651 0.7649511 0.3178784 0.09085107
0.2432294 0.002790997 0.9144515 0.8065011 0.52664
0.1070845 0.6860889 0.8389775 0.2436307 0.7781913
0.2263517 0.2462445 0.1057022 0.4864387 0.425414
0.6880394 0.1684404 0.6741217 0.1476566 0.5924816
0.8927834 0.7452821 0.1324239 0.8559969 0.3000139
0.4112762 0.8544689 0.792053 0.2744838 0.8775284
0.803303 0.6970807 0.6595989 0.7166085 0.1444946
0.8607896 0.4074311 0.8667318 0.3498034 0.4344902
0.823239 0.9754167 0.4465664 0.2764005 0.8935362
0.3061176 0.742215 0.04751895 0.4241583 0.9447516
0.7722109 0.9200574 0.7025122 0.7343332 0.7054224
0.6935635 0.03410972 0.5162979 0.5029375 0.604876
0.3671915 0.1485989 0.06780829 0.6454272 0.9928808
0.9888838 0.5201811 0.08071535 0.9794646 0.9319506
0.3383417 0.3769151 0.1932046 0.3519145 0.6964798
0.6140782 0.5396458 0.2706038 0.5255801 0.8621133
0.6496114 0.7035078 0.02622953 0.7518939 0.4543555
0.18639 0.1219667 0.240771 0.6937694 0.7561147
0.9994119 0.597083 0.09354382 0.3593729 0.03654753
0.8940421 0.6649461 0.2092563 0.7372909 0.7317097
0.02410758 0.04836818 0.1844308 0.8088285 0.9644385
0.2000331 0.2840736 0.6062834 0.8526701 0.7411577
0.8906486 0.7779664 0.8983296 0.5511883 0.9937211
0.5695044 0.7279824 0.7793824 0.7059017 0.01606763
0.5474759 0.9765152 0.06257625 0.115241 0.7509461
0.6838375 0.6594853 0.2530425 0.5193798 0.6819714
0.02429567 0.9969983 0.6381679 0.3978673 0.5444287
0.974007 0.7667739 0.7188761 0.2871376 0.6010276
0.06300795 0.9456433 0.09010349 0.7736614 0.2550763
0.7591179 0.07949345 0.4001024 0.8196589 0.3589928
0.1580754 0.3145865 0.9675142 0.9934246 0.382691
0.1392233 0.1318555 0.2261943 0.1898185 0.5501254
0.5689844 0.09394997 0.2128435 0.4931155 0.4193674
0.7129029 0.3248439 0.05558586 0.6524482 0.9314319
0.8782045 0.06605428 0.01752956 0.6718615 0.9890732
0.05230754 0.6945011 0.06356871 0.6687212 0.5939005
0.7900559 0.5504078 0.77806 0.3876242 0.1083849
0.9979334 0.564473 0.05855908 0.3925258 0.9540996
0.5525819 0.1488346 0.6876867 0.2913109 0.1621804
0.01277424 0.2807181 0.5431317 0.5339122 0.9566987
0.3629524 0.6654372 0.1400163 0.4779601 0.6521263
0.6652645 0.3073203 0.03934885 0.8499095 0.8966532
0.4653324 0.4190364 0.04785217 0.9001852 0.8643783
0.5829808 0.9981174 0.4095423 0.00246156 0.5530062
0.9944425 0.3272317 0.06618243 0.1968765 0.486407
0.2876208 0.5406153 0.8233975 0.3835288 0.6627074
0.3981577 0.905653 0.3413473 0.3143754 0.5978449
0.5845366 0.5650455 0.9610104 0.1552032 0.2469651
0.3074952 0.6974582 0.1538213 0.6252231 0.322921
0.4645851 0.3007441 0.4551187 0.8469832 0.1006763
0.4081745 0.13869 0.01388186 0.5366962 0.02718026
0.8683562 0.7339437 0.9884574 0.01534781 0.2807813
0.3393184 0.04626049 0.7269032 0.5661397 0.9727374
0.1778611 0.7221376 0.9147928 0.4473784 0.18322
0.2441393 0.6280413 0.485131 0.7713578 0.3549558
0.3804305 0.6694579 0.6570886 0.675767 0.5688295
0.6476994 0.8122296 0.6383776 0.7075399 0.6193425
0.9130551 0.04737992 0.5434791 0.2584273 0.9095598
0.8314823 0.4840066 0.2718217 0.2797417 0.8698442
0.5802621 0.4678745 0.9066818 0.105813 0.05642372
0.3434897 0.5844436 0.2234971 0.96035 0.8330171
0.3049459 0.7050986 0.9325315 0.1000839 0.6661284
0.8782248 0.8886984 0.3383034 0.1365256 0.948771
0.3703975 0.1107942 0.08780893 0.8430533 0.1723161
0.5452054 0.9270251 0.6532535 0.5466922 0.137117
0.5197089 0.1206711 0.1731104 0.9862164 0.1771099
0.1840489 0.4249395 0.7183425 0.3744534 0.126767
0.7257781 0.2743639 0.9424667 0.3006342 0.23488
0.09300402 0.729269 0.7701524 0.1925081 0.3840972
0.468777 0.5141148 0.9834125 0.6906147 0.8217864
0.2620094 0.1426431 0.7168901 0.9968325 0.918002
0.5717704 1 0.2534924 0.4529835 0.5668899
0.7387543 0.2285251 0.3655104 0.6218294 0.03640012
0.0777982 0.2164024 0.9886329 0.00880465 0.3803119
0.2639053 0.7153164 0.3658549 0.797391 0.6371693
0.4010062 0.6810422 0.9143087 0.01005188 0.2326162
0.4987023 0.5811128 0.7918345 0.02058712 0.2030079
0.02470658 0.8155697 0.05697562 0.1939092 0.4954524
0.131586 0.9542451 0.09310008 0.6609038 0.646162
0.1955719 0.3245375 0.4359994 0.9454651 0.8098246
0.9927023 0.5110948 0.857615 0.25689 0.07044951
0.09668258 0.2775431 0.5773497 0.6414009 0.4217755
0.3997366 0.6846555 0.8569571 0.4438198 0.9921905
0.9760282 0.0124861 0.56103 0.7580036 0.07300454
0.5198012 0.8040437 0.8903813 0.4718581 0.02624927
0.3745633 0.2534192 0.06651933 0.274321 0.7723543
0.5023598 0.7343158 0.3871423 0.9147563 0.0458515
0.1114082 0.2542481 0.5938401 0.09030026 0.8266951
0.7618512 0.3767689 0.695944 0.1299486 0.8120478
0.3164925 0.7977496 0.06223602 0.4200883 0.9076599
0.8048487 0.3612041 0.4411752 0.9777666 0.5937246
0.8680952 0.02429422 0.6849823 0.3753644 0.5285909
0.460648 0.5955853 0.1185936 0.1832904 0.008240565
0.2315781 0.8700514 0.4795094 0.7198495 0.690767
0.6830523 0.03820791 0.958484 0.8369241 0.8097462
0.1624536 0.323472 0.5688526 0.8563024 0.4554972
0.9369157 0.9633476 0.1819938 0.0407023 0.717133
0.1555838 0.2707204 0.1028102 0.200351 0.7219384
0.4127194 0.8747779 0.3090827 0.06188033 0.6542516
0.02262433 0.5341039 0.3959661 0.1261321 0.4819791
0.01006823 0.8135875 0.7408926 0.5533743 0.9713227
0.6688491 0.9870927 0.3457715 0.8295094 0.3971871
0.7600187 0.6605655 0.430021 0.2561916 0.5751958
0.4427693 0.06215882 0.5841698 0.2976436 0.4837538
0.7010993 0.1412137 0.367689 0.7885021 0.6998875
0.3366205 0.3541197 0.8806968 0.4475859 0.05280299
0.3633612 0.6666348 0.6778972 0.156637 0.2545244
0.699234 0.2763697 0.5745903 0.2370857 0.4983939
0.7100852 0.197515 0.4002611 0.2703164 0.3961924
0.5613922 0.3462326 0.7566332 0.7022667 0.4878727
0.186592 0.1408652 0.09145571 0.4481669 0.7014903
0.01020074 0.09662063 0.5760886 0.9983891 0.6959312
0.2198239 0.462933 0.6932186 0.3905246 0.8866516
0.05157781 0.3023982 0.2711271 0.6775894 0.6311121
0.5780321 0.4177319 0.6315826 0.5793556 0.1878363
0.908525 0.2583824 0.8476134 0.423979 0.1346103
0.2406628 0.1561837 0.2249705 0.608634 0.2849285
0.9941818 0.6910428 0.4289731 0.6191495 0.189564
0.00693004 0.07646801 0.7694489 0.6300419 0.9330149
0.08838539 0.2711095 0.3618343 0.9732704 0.3922173
0.09682691 0.6812071 0.7518512 0.3736938 0.5414975
0.614978 0.5497901 0.7233939 0.6858784 0.3050245
0.3658582 0.7240583 0.02704619 0.6565518 0.834657
0.4497108 0.543781 0.4320244 0.03059055 0.0846104
0.3362319 0.639072 0.7390034 0.8825352 0.1716859
0.8434156 0.4394793 0.2764179 0.2202511 0.8741048
0.7661487 0.2205787 0.2409497 0.1986737 0.1924458
0.6477369 0.4174443 0.03782311 0.6861856 0.06240436
0.0612647 0.5839161 0.8678067 0.100456 0.259129
0.6635253 0.3626578 0.04680473 0.1750162 0.2303716
0.2304788 0.9493305 0.1083914 0.7493047 0.04594632
0.3821547 0.3001353 0.6518928 0.0282278 0.4884515
0.05720923 0.2697794 0.3943234 0.1314251 0.2202227
0.4017693 0.1669126 0.6052884 0.8732007 0.8113993
0.552476 0.7240007 0.1556736 0.5420418 0.1795722
0.5639755 0.6290851 0.4461591 0.4832759 0.2162179
0.1280456 0.9791963 0.1338197 0.5637945 0.522487
0.7855173 0.4347188 0.3130135 0.4315116 0.2341419
0.9842478 0.08444853 0.7659929 0.513941 0.9522099
0.39736 0.2851077 0.4263524 0.1710071 0.5826553
0.2427226 0.7119274 0.5829204 0.5257924 0.2007502
