0.1214442 0.9038261 0.8938968 0.2719443 0.4328359
0.2554555 0.8072451 0.3563988 0.1490311 0.6816064
0.207288 0.07724693 0.8664949 0.1784085 0.1001578
0.01129848 0.08841978 0.9829496 0.1299831 0.08780648
0.9009706 0.759835 0.9994926 0.1634172 0.603588
0.53944 0.183418 0.07770957 0.5851248 0.8432665
0.832833 0.4884248 0.4669545 0.01159612 0.2438077
0.6275315 0.9562495 0.2717387 0.3132049 0.1992984
0.001848953 0.6339264 0.3507262 0.8888792 0.08898187
0.7091855 0.04825297 0.3483612 0.4710667 0.8273621
0.09803987 0.6675639 0.5987285 0.5398635 0.7590639
0.8855154 0.4946533 0.6771541 0.1487927 0.08314027
0.6802654 0.9435748 0.01217788 0.5606789 0.5745961
0.8497457 0.8517073 0.3781104 0.9552832 0.009034211
0.8291303 0.9998661 0.2718599 0.6491252 0.7482593
0.4805822 0.4774349 0.9035661 0.6378828 0.5722284
0.6986996 0.5382897 0.5228552 0.837895 0.9962387
0.7344323 0.2457278 0.07291763 0.6679366 0.08431421
0.9663321 0.9920861 0.2613778 0.5569872 0.3500447
0.550159 0.1099813 0.07177937 0.4576442 0.02915669
0.9423907 0.3003536 0.3565291 0.5210318 0.5333228
0.08946076 0.5784014 0.9194302 0.1371087 0.8137766
0.2897092 0.6219384 0.1511117 0.9605221 0.06790414
0.5588636 0.9876957 0.1225119 0.3476406 0.9243623
0.2821982 0.6423018 0.3868458 0.4085441 0.3963594
0.9814476 0.04035674 0.1887043 0.8424805 0.6849339
0.4873318 0.5942775 0.3075254 0.3372251 0.1234443
0.5540515 0.06600175 0.3429436 0.5520526 0.3995062
0.2740409 0.01220896 0.8821054 0.9614748 0.5254653
0.8836394 0.1186461 0.383579 0.2141036 0.9826451
0.180644 0.1255156 0.9642134 0.8805045 0.6270151
0.04498953 0.1019536 0.07060925 0.2194304 0.4319404
0.006623094 0.893474 0.439531 0.2110779 0.9250468
0.464252 0.6642761 0.5598757 0.4316497 0.8923771
0.08979074 0.1543596 0.5487428 0.7814501 0.3952597
0.2010006 0.7266216 0.7660605 0.07498504 0.1783521
0.2516611 0.7828682 0.2423289 0.06322685 0.0652738
0.4126695 0.858277 0.2804647 0.261921 0.06539622
0.9991685 0.4120784 0.6891437 0.2257641 0.3782104
0.8768028 0.8537754 0.8961048 0.939335 0.730152
0.01688498 0.2120441 0.281225 0.2957255 0.8183088
0.3958653 0.8265961 0.9623768 0.06056108 0.5820003
0.4822736 0.8170146 0.02188346 0.6187453 0.1032903
0.5755854 0.006913656 0.9556297 0.1707641 0.3684881
0.9764657 0.8939715 0.5048694 0.4785711 0.997634
0.5120561 0.618566 0.9834859 0.5415006 0.1483206
0.5611306 0.4302729 0.7074786 0.9060802 0.009400869
0.7730462 0.6584086 0.392213 0.603884 0.1478721
0.07487851 0.4305685 0.407549 0.6867503 0.4852394
0.2089544 0.6238084 0.8300575 0.4933414 0.1718333
0.5755369 0.3038688 0.6738409 0.1154358 0.1459987
0.8818992 0.244589 0.6921271 0.07496568 0.8878698
0.2174782 0.8468626 0.5800237 0.1100426 0.6683656
0.8934903 0.5611679 0.5534276 0.2003147 0.4332368
0.2254155 0.1466163 0.007811942 0.04805628 0.03367785
0.1092288 0.216491 0.906724 0.03575444 0.3447678
0.7401078 0.4287553 0.6547019 0.008468859 0.8689998
0.6621194 0.402861 0.2302648 0.1342998 0.4818123
0.5513176 0.2011755 0.9183762 0.2833933 0.965078
0.2184137 0.1741277 0.04808621 0.6960854 0.3758447
0.5199734 0.492163 0.1231167 0.1971021 0.8063262
0.8779275 0.9231084 0.4914003 0.25837 0.2537811
0.1820485 0.3235566 0.1888565 0.4526772 0.4362183
0.1552826 0.07527158 0.001005531 0.514185 0.9263237
0.9563956 0.7184055 0.04491789 0.3783679 0.670528
0.9229604 0.6515958 0.5726087 0.6684507 0.5911586
0.8435246 0.5966541 0.4037497 0.1196029 0.2713595
0.4448319 0.7730448 0.3359868 0.3954672 0.3602831
0.7687374 0.7949022 0.7105813 0.6053268 0.4088795
0.3602513 0.3297389 0.1199487 0.7878327 0.9956634
0.5955622 0.1702138 0.6126575 0.3973417 0.4901657
0.3340243 0.5126786 0.4903524 0.1332843 0.9156921
0.6991301 0.0707609 0.7149389 0.1003026 0.07015633
0.6057891 0.2208544 0.9266402 0.6360274 0.1391797
0.3606694 0.03191647 0.2976138 0.138601 0.35935
0.8395861 0.655326 0.262808 0.3173159 0.2047058
0.8227217 0.2488287 0.3282354 0.981952 0.09113452
0.0148406 0.04833787 0.5564702 0.6118711 0.3967864
0.001925955 0.5046691 0.9597733 0.2864947 0.1016107
0.4600919 0.8439251 0.4045966 0.4978092 0.1334379
0.7682656 0.09317384 0.8506204 0.7298622 0.6519689
0.8388851 0.9043302 0.2726225 0.2328384 0.03648194
0.2299659 0.6198918 0.1490093 0.2534624 0.3959252
0.9661598 0.4892294 0.3694223 0.5325991 0.6865892
0.1104334 0.4012483 0.8907951 0.2253737 0.7769543
0.3476943 0.0951706 0.5694758 0.8711223 0.6882632
0.2267147 0.7935141 0.899985 0.6725489 0.8375734
0.2066858 0.7856211 0.5886917 0.8259696 0.1703146
0.6613102 0.2338263 0.26615 0.5493231 0.1823785
0.05071889 0.3073259 0.8552851 0.684591 0.789982
0.4771499 0.5994587 0.7771078 0.6607559 0.1554886
0.6402034 0.084462 0.6909902 0.9209047 0.5625351
0.5506009 0.9889322 0.4558276 0.9841973 0.9838789
0.5924816 0.9442311 0.673714 0.2173983 0.844779
0.5079503 0.8371992 0.05070794 0.2701003 0.1403255
0.7117922 0.7287767 0.02979322 0.2034234 0.8387149
0.2725178 0.05053891 0.4520886 0.6689276 1
0.9650171 0.6768038 0.5085434 0.8757853 0.9405972
0.1775955 0.8751609 0.70524 0.9460265 0.3093586
0.1363233 0.9435721 0.6704699 0.9541536 0.4355309
0.1680305 0.7766355 0.9214413 0.6339152 0.6980485
0.7621436 0.03811545 0.3109791 0.8832411 0.5195667
0.799462 0.2725513 0.6450947 0.6608113 0.5482047
0.6076497 0.7483363 0.8430563 0.2016278 0.1771955
0.8527352 0.7775758 0.6819746 0.6840162 0.6692008
0.3546453 0.8380051 0.6817842 0.6899665 0.7509867
0.2748085 0.1737938 0.1381996 0.5350039 0.8299596
0.6104002 0.2074354 0.7835149 0.0304172 0.501945
0.672967 0.82965 0.7339934 0.6145233 0.5656942
0.6454878 0.4550814 0.6876296 0.7441457 0.2297181
0.1821401 0.78916 0.9493765 0.1324952 0.9052663
0.1822526 0.7440584 0.8659744 0.5576993 0.4508115
0.5162474 0.3089231 0.9586965 0.2119811 0.9553549
0.09007316 0.7433794 0.1528627 0.9274318 0.2570802
0.7752812 0.4410705 0.05997877 0.3551881 0.6710476
0.6845421 0.9078367 0.9388161 0.241566 0.7698485
0.5792134 0.9284397 0.2619813 0.1605138 0.7771139
0.7430487 0.4685808 0.4160414 0.02880149 0.865162
0.3124434 0.1724768 0.9551616 0.2403655 0.3457276
0.7380432 0.1365604 0.405017 0.9593424 0.7803085
0.9695778 0.4304816 0.8063695 0.295842 0.3055394
0.04084613 0.2825677 0.1130867 0.275541 0.3391672
0.9608389 0.527364 0.6591191 0.7931582 0.9493058
0.2722496 0.2594497 0.2415109 0.7822639 0.02032478
0.8847138 0.5989349 0.7588852 0.8204718 0.9815131
0.9583707 0.6670912 0.09273526 0.6706078 0.0785862
0.3129124 0.3195331 0.6339385 0.7735494 0.08948885
0.2136146 0.8055533 0.4342919 0.1497474 0.9727225
0.9327309 0.9849165 0.4294034 0.4540406 0.8251652
0.23733 0.7938868 0.3372121 0.6081324 0.4112548
0.92636 0.3458281 0.7257739 0.316723 0.7460336
0.828627 0.1911881 0.2459884 0.02454091 0.9643823
0.01406904 0.4011893 0.7402561 0.1112637 0.2629482
0.3991441 0.3585151 0.1871276 0.4511909 0.7273713
0.6851689 0.7768605 0.3629905 0.4351848 0.2630666
0.9627046 0.5751309 0.1438993 0.4304188 0.4837876
0.2129276 0.8821343 0.5960862 0.1192174 0.2943991
0.2648083 0.1846463 0.1541942 0.3463864 0.8106584
0.03129023 0.59119 0.9887523 0.6227357 0.274335
0.06492648 0.4749887 0.8616571 0.2921023 0.3021156
0.9190298 0.6784908 0.6952544 0.7263091 0.6259099
0.8362596 0.8736001 0.08572373 0.5171718 0.9217355
0.6644694 0.7134197 0.3374847 0.7058062 0.590206
0.9894791 0.2400333 0.3765226 0.5820252 0.3711811
0.1417451 0.3570329 0.7237246 0.8571651 0.6537993
0.04826802 0.6224879 0.04028812 0.1439079 0.7620297
0.5751617 0.2205731 0.8073197 0.772537 0.421572
0.6073137 0.8665107 0.8310343 0.1616334 0.7199204
0.3693613 0.3386254 0.6831933 0.914117 0.8362329
0.05723901 0.1562057 0.3102735 0.6935309 0.4354422
0.09187245 0.1702806 0.9632377 0.5468302 0.1983405
0.6511096 0.3262551 0.6724846 0.5351669 0.08142016
0.006713712 0.8708112 0.8003426 0.4213248 0.4625609
0.7697884 0.7864459 0.8472303 0.6739618 0.6140077
0.6808329 0.4235961 0.06619168 0.06096247 0.6270743
0.7038672 0.6665096 0.3828313 0.6609226 0.7078391
0.8786561 0.5420565 0.7090506 0.4490731 0.6836559
0.5115978 0.07833605 0.9029379 0.6156026 0.6353549
0.08486532 0.7207546 0.245388 0.3439285 0.2568701
0.2992497 0.5076953 0.1219121 0.4224935 0.5795227
0.08740738 0.4956764 0.2481268 0.9416074 0.02464849
0.520206 0.7716903 0.5474692 0.7496442 0.757973
0.9184536 0.4441042 0.2295152 0.6649925 0.02636692
0.6730157 0.8878756 0.7044639 0.7779008 0.3898735
0.8238028 0.8370209 0.8211528 0.3115182 0.1427716
0.9460886 0.4074661 0.3199698 0.9853471 0.9328863
0.521834 0.957513 0.947607 0.2691878 0.2966337
0.05039653 0.04808314 0.8357673 0.6769238 0.01484564
0.3519862 0.8817889 0.05313131 0.1539951 0.3642139
0.2540859 0.642899 0.00228322 0.2154699 0.8613747
0.4682417 0.4131526 0.5796238 0.4521761 0.6401325
0.8222109 0.03064656 0.5189823 0.5020295 0.7768603
0.4480441 0.9393957 0.6599605 0.839043 0.928614
0.3757509 0.6409899 0.7750213 0.7582734 0.2677979
0.1997327 0.6945731 0.5470149 0.4539912 0.2675522
0.1813439 0.673084 0.1415516 0.6835067 0.4796114
0.7993936 0.8958215 0.5324063 0.346514 0.3271559
0.3185177 0.5131299 0.5868541 0.08881578 0.05161986
0.3132183 0.4154938 0.08264912 0.9404736 0.3139813
0.8109061 0.7937031 0.8949391 0.2870517 0.172992
0.8147109 0.6955973 0.1074333 0.3414244 0.8905603
0.6331223 0.4180825 0.9978689 0.4644238 0.7870631
0.352976 0.2656328 0.6839409 0.1547731 0.2807968
0.7363761 0.8003159 0.7802638 0.463998 0.7794925
0.8937055 0.7415554 0.05780843 0.7544703 0.6226075
0.05524088 0.8069666 0.01302714 0.9999955 0.5955662
0.8423295 0.1917931 0.6004351 0.2004813 0.2206675
0.9781928 0.1553324 0.8436359 0.1670841 0.6025704
0.5103754 0.1524094 0.7611073 0.5624872 0.1303116
0.7629312 0.5810561 0.3861843 0.3549192 0.9671809
0.7170621 0.5344799 0.01318709 0.9907328 0.1912213
0.7328157 0.4115764 0.1140816 0.8558367 0.03388046
0.3171693 0.6898211 0.9445868 0.6280449 0.9042824
0.01577513 0.3597153 0.01505611 0.8040571 0.6013856
0.5891457 0.4415483 0.3245005 0.2072065 0.8508584
0.1392972 0.7054688 0.5533082 0.4675665 0.5430718
0.2176346 0.8324566 0.104901 0.9083616 0.02203559
0.7119781 0.4335585 0.9966805 0.3455261 0.0642982
0.08757544 0.9084506 0.7145854 0.5901745 0.3561034
0.095633 0.497176 0.4236656 0.3453128 0.1998616
0.3791048 0.6461017 0.9741549 0.04596966 0.5262906
0.2928894 0.6767244 0.6139439 0.3000177 0.07808742
0.9854785 0.2053089 0.2263279 0.4073185 0.3028414
0.107953 0.8338718 0.3440373 0.5983708 0.521405
0.564829 0.3643439 0.3727643 0.91115 0.3477368
0.1637735 0.7320542 0.3868066 0.1691828 0.3797125
0.4916196 0.5936951 0.3152 0.8332139 0.1192259
0.990333 0.9562676 0.2731631 0.1221409 0.439647
0.02545913 0.9239797 0.5978366 0.8849579 0.01142348
0.5576858 0.297724 0.4255586 0.3475344 0.6581182
0.2618195 0.8046382 0.4732448 0.7491495 0.04653036
0.4451102 0.3874363 0.8954239 0.1061754 0.3056551
0.1379202 0.2421218 0.08355776 0.9667709 0.4594863
0.3629221 0.4929532 0.6396888 0.1118624 0.6978265
0.248708 0.6432649 0.6746799 0.2883729 0.9413001
0.9389883 0.5472693 0.6475612 0.7432801 0.438802
0.1092248 0.6770944 0.7523157 0.6494173 0.6724079
0.8477636 0.4684293 0.6784272 0.4375685 0.2443563
0.02746786 0.6450849 0.03445041 0.1941595 0.02658308
0.5125601 0.8171951 0.6135587 0.2829737 0.2503951
0.6492086 0.02395079 0.03025018 0.9580005 0.5110443
0.783344 0.4037265 0.1003819 0.4382488 0.8803871
0.204414 0.7585046 0.9320838 0.6753719 0.9302045
0.1684384 0.2209342 0.0302277 0.2446908 0.3692949
0.4802551 0.7918225 0.3926626 0.05406387 0.4763563
0.2224257 0.3567581 0.1470005 0.6352154 0.47097
0.3289997 0.95628 0.6039124 0.3217986 0.614898
0.9225122 0.6378419 0.2438169 0.1677896 0.4978272
0.63387 0.1116211 0.05934803 0.4944053 0.1543059
0.6225596 0.4946044 0.7516919 0.8498692 0.4790851
0.1807512 0.1679534 0.8267573 0.982776 0.7617354
0.9404387 0.6557936 0.05746789 0.9773433 0.569101
0.5392778 0.2771597 0.9075371 0.09741922 0.3253395
0.2835818 0.7139527 0.9398905 0.595301 0.500013
0.3121433 0.6284772 0.7943594 0.712483 0.1717131
0.08421823 0.4046934 0.4605938 0.277687 0.5249121
0.4550932 0.5816828 0.5816573 0.4694648 0.1290658
0.9521863 0.1410931 0.3066524 0.08526032 0.9380992
0.2596284 0.1842268 0.9377879 0.01494802 0.7129
0.5811486 0.06631015 0.9115116 0.8366761 0.8366726
0.7864855 0.9470877 0.7635469 0.05031357 0.1067854
0.634609 0.5229762 0.660467 0.9568857 0.792667
0.1281847 0.2868226 0.5331614 0.9908717 0.4625328
0.2520868 0.5571446 0.7745405 0.9871173 0.1556295
0.2396174 0.007845393 0.5920568 0.1691268 0.03671974
0.3713372 0.5703757 0.7443318 0.6075966 0.8159775
0.06059713 0.1030122 0.7943616 0 0.4323273
0.942607 0.4820378 0.2325447 0.2138311 0.6533438
0.2099987 0.6642048 0.2402963 0.2265829 0.2468436
0.2993729 0.5061585 0.225004 0.2747346 0.7829522
