0.4821326 0.5649278 0.8645792 0.4821629 0.1236606
0.4963588 0.9423396 0.1760567 0.3850749 0.03875439
0.6604476 0.3868041 0.8346356 0.676586 0.9783815
0.1529354 0.3755417 0.02473339 0.8702256 0.4850737
0.3469754 0.1902462 0.5305364 0.6837883 0.6742848
0.6456552 0.5115656 0.6859827 0.2277122 0.2517347
0.9946963 0.9820317 0.4661046 0.5469281 0.8419413
0.2437344 0.4180331 0.3469516 0.5456685 0.9434826
0.7848653 0.8404167 0.7514519 0.3130224 0.5043883
0.7398666 0.04001606 0.1835213 0.8402721 0.735865
0.01443818 0.06436479 0.7291926 0.5102984 0.1637717
0.0568068 0.1335071 0.3266296 0.2321501 0.05086406
0.735578 0.8346678 0.2973337 0.8115603 0.0192346
0.9461185 0.4000765 0.06131258 0.2627416 0.5327847
0.1566 0.5294263 0.9811383 0.3944011 0.03763436
0.4364796 0.5592101 0.03776073 0.7583942 0.4997171
0.9027653 0.1532079 0.3077385 0.8375316 0.06793127
0.7984025 0.6569579 0.5518042 0.01104905 0.1640262
0.04724341 0.07647441 0.9842624 0.07364828 0.4026315
0.5397011 0.6068642 0.8605869 0.114233 0.9605549
0.7959599 0.04978338 0.2949851 0.6972422 0.7146416
0.7780323 0.5324734 0.3545887 0.04662728 0.8259923
0.01902328 0.3036947 0.5188911 0.07362914 0.5117511
0.8394049 0.9475549 0.3405466 0.7516046 0.4430281
0.7414255 0.2227324 0.3604397 0.6748829 0.7608834
0.4289435 0.4199765 0.1517085 0.08947118 0.6870772
0.269527 0.801064 0.4259134 0.3877293 0.4678003
0.7574572 0.8915054 0.1925427 0.5027349 0.7202953
0.0103954 0.4620356 0.8285328 0.909138 0.05083153
0.1863643 0.9722846 0.8850188 0.5668863 0.3234441
0.757718 0.7645548 0.8956043 0.3436629 0.2395026
0.2544211 0.2916597 0.9731779 0.1986492 0.6378448
0.07367901 0.6111404 0.7507224 0.9887019 0.6918357
0.989963 0.831076 0.8710425 0.6304152 0.7155027
0.8778464 0.3621196 0.1137069 0.9365878 0.765405
0.5438582 0.4708131 0.4840564 0.1548594 0.7994546
0.396895 0.2671895 0.3960227 0.2642246 0.2004227
0.790949 0.8488828 0.4194178 0.9778511 0.2378973
0.1507025 0.07222105 0.2675118 0.3349181 0.07092652
0.7033982 0.6813905 0.4615974 0.07621247 0.9146693
0.2624563 0.8216516 0.5423205 0.05117968 0.5355704
0.9618654 0.140383 0.7263402 0.09993893 0.2788386
0.8947661 0.16321 0.9106089 0.08548084 0.3065939
0.186536 0.4299131 0.7895838 0.1006028 0.06473164
0.7677741 0.544702 0.1978944 0.1759441 0.5390578
0.4103952 0.9992138 0.2008842 0.3752885 0.2248059
0.2350176 0.5260429 0.5849113 0.8644467 0.5585353
0.1262511 0.9385838 0.992137 0.8026079 0.6567455
0.2260223 0.5002162 0.5683364 0.7495283 0.6354156
0.9516608 0.5857634 0.6698631 0.006084133 0.1151059
0.2154343 0.634292 0.7121326 0.8097934 0.7690408
0.5479718 0.1478428 0.7009813 0.1091702 0.03825847
0.2044015 0.7878515 0.7584994 0.8897744 0.870968
0.9336117 0.225748 0.1785858 0.3886922 0.8679132
0.7021937 0.7899097 0.4361156 0.01912138 0.8544774
0.2332225 0.05859343 0.490136 0.4463603 0.1470753
0.8234128 0.7002694 0.5745406 0.1942283 0.1798323
0.9569733 0.4946607 0.6055445 0.6902639 0.6842456
0.1951346 0.4382695 0.2508028 0.5297775 0.5074343
0.527636 0.8140001 0.9209682 0.6287442 0.05211118
0.7755951 0.925761 0.2970263 0.6940037 0.9070448
0.7794184 0.4504324 0.720356 0.8092126 0.3605193
0.2816827 0.8326987 0.4005912 0.1890738 0.4345928
0.704099 0.9505944 0.06901466 0.9154343 0.9012585
0.6573728 0.4256861 0.8813495 0.6361046 0.3378142
0.2435109 0.422419 0.4941812 0.9473231 0.9364063
0.958784 0.42588 0.6665004 0.06122699 0.7065069
0.8850623 0.7819693 0.6636024 0.7220134 0.6596569
0.5823979 0.08378452 0.4825199 0.9636758 0.7575778
0.04736924 0.9677103 0.7209629 0.4284172 0.334823
0.3270358 0.3099573 0.1113517 0.2582425 0.25308
0.1037677 0.511175 0.3542783 0.5313936 0.4825997
0.1160665 0.02138384 0.7187876 0.6669875 0.7954941
0.01828364 0.001529025 0.5077659 0.5445407 0.1466263
0.52099 0.5951058 0.7913858 0.6292845 0.05456604
0.660096 0.4691122 0.7030585 0.277486 0.9050708
0.4465384 0.5685034 0.0849364 0.7053715 0.2967114
0.4833387 0.9465133 0.7667373 0.734129 0.1863053
0.07157816 0.2102026 0.3581499 0.1185115 0.588101
0.752258 0.6354283 0.7382719 0.6741604 0.3591278
0.679836 0.3724502 0.9569305 0.9542363 0.9849047
0.4076526 0.9922724 0.8712191 0.3095014 0.5369155
0.7502703 0.9913392 0.3670227 0.9652489 0.04663445
0.6013595 0.3704197 0.8149779 0.314565 0.7345583
0.2021252 0.2288682 0.1091487 0.02091485 0.4204793
0.2713776 0.5869021 0.8583219 0.07881617 0.6457194
0.8198877 0.5453705 0.4977586 0.05286334 0.603269
0.7649442 0.9677953 0.9696602 0.1137614 0.6333071
0.5174314 0.7333794 0.2104401 0.8701561 0.8502822
0.5881626 0.6159433 0.5374446 0.9548687 0.7065149
0.2633894 0.9886817 0.6124637 0.4956235 0.5751137
0.6805962 0.3567678 0.5833058 0.9904973 0.1269909
0.7065873 0.7837919 0.931603 0.6165377 0.2834408
0.8042162 0.791789 0.5755114 0.2712908 0.84725
0.7586425 0.1441276 0.5964374 0.761957 0.3429334
0.3942419 0.455227 0.03932309 0.213188 0.8013134
0.2155987 0.4998154 0.4919223 0.8644029 0.1157052
0.2934862 0.7819533 0.4696486 0.3992059 0.1561725
0.1321285 0.9552639 0.3066115 0.8270773 0.9885049
0.6593804 0.210805 0.7481858 0.6598435 0.8025671
0.6275127 0.1443902 0.1000196 0.8173727 0.5899934
0.5870435 0.8864654 0.3713439 0.7002793 0.09607996
0.781678 0.1463967 0.03391416 0.6660387 0.9295224
0.7292948 0.1861138 0.8139643 0.6273336 0.7483484
0.2469255 0.6561632 0.7802212 0.1321377 0.2068413
0.01676703 0.09036875 0.2321538 0.8378404 0.4069932
0.7974811 0.1650414 0.9662688 0.2757325 0.5184383
0.7379776 0.5807531 0.5099713 0.7572963 0.6965184
0.4498371 0.991337 0.5809844 0.1154116 0.177107
0.6657924 0.7696837 0.5137839 0.2313757 0.444664
0.05309519 0.8784152 0.5823014 0.313646 0.8230794
0.4370084 0.232925 0.2303626 0.1369542 0.5151313
0.9816853 0.6514594 0.003178856 0.701846 0.652737
0.4195013 0.6540876 0.3043499 0.1266996 0.971942
0.1505472 0.8725189 0.886004 0.2529291 0.6613078
0.8490619 0.8349459 0.07253292 0.8134452 0.3245677
0.7004869 0.08306522 0.01801007 0.8619371 0.6882124
0.05326489 0.5249952 0.2876458 0.6489644 0.5573886
0.004887133 0.7981747 0.7053408 0.09141445 0.2096797
0.7571405 0.6380491 0.4503143 0.09133613 0.3176908
0.1217918 0.3505073 0.9861477 0.234701 0.5319253
0.6921818 0.6136866 0.7461053 0.04892292 0.08052738
0.9462776 0.7173023 0.4407324 0.4847955 0.4054523
0.951902 0.5448069 0.9558418 0.1792536 0.3497992
0.3795839 0.4094664 0.8641533 0.4156891 0.128718
0.2670214 0.6496076 0.7520181 0.6162295 0.6263828
0.2050691 0.9696793 0.4708787 0.03777949 0.9782532
0.07356428 0.7384448 0.3320787 0.4343616 0.03222913
0.3320095 0.09219332 0.9144546 0.05447515 0.09181866
0.8526938 0.1249603 0.7804176 0.316055 0.5605396
0.8924978 0.838767 0.550603 0.7056204 0.1294842
0.6202991 0.4193866 0.6152423 0.09086573 0.7460997
0.1215012 0.706061 0.4956926 0.3706216 0.7264914
0.3693224 0.3483139 0.8715504 0.6458781 0.5601329
0.6418196 0.3682708 0.3007493 0.4079722 0.8432532
0.5590002 0.2875711 0.6140735 0.4344408 0.2646326
0.06339756 0.08579279 0.595105 0.913777 0.04551014
0.8246028 0.01356297 0.1343225 0.4884023 0.4359325
0.2674043 0.9664863 0.9426575 0.2000958 0.5328842
0.003021948 0.5414912 0.09647284 0.3180343 0.6055901
0.261065 0.1107412 0.3022346 0.3366622 0.1574253
0.07514925 0.1656376 0.09004049 0.5421125 0.5053894
0.130291 0.5191794 0.8246677 0.308733 0.5380221
0.5235671 0.6607506 0.3394486 0.03330445 0.311455
0.6221411 0.1628545 0.5727909 0.4540504 0.0867932
0.9557419 0.4801455 0.7122287 0.05707826 0.4985374
0.5921541 0.268228 0.5920391 0.09758113 0.8196443
0.03397932 0.6925266 0.9528339 0.9807505 0.9952185
0.5908622 0.1360059 0.1208112 0.3610818 0.5383585
0.4286097 0.8310333 0.4371719 0.1927349 0.9752101
0.6107899 0.204704 0.3166795 0.1265674 0.2030733
0.01766028 0.130973 0.8359244 0.8154049 0.1850754
0.3806533 0.1365258 0.1542606 0.6521305 0.7366136
0.1971092 0.4231624 0.2369295 0.8257004 0.3424522
0.99793 0.2727161 0.7805568 0.6766733 0.5652005
0.7414286 0.489364 0.834955 0.1783239 0.4406634
0.4232521 0.7612515 0.4493144 0.8611095 0.5113034
0.7127053 0.1358841 0.6094836 0.551193 0.08586013
0.8310699 0.8513093 0.9131145 0.9784348 0.1643838
0.2988773 0.2813821 0.1801354 0.1100831 0.03993173
0.221178 0.4688546 0.2925185 0.1953193 0.8944216
0.02882421 0.2219921 0.8253208 0.1395196 0.6739594
0.2413606 0.403652 0.7618581 0.1486197 0.5877432
0.04672222 0.6629272 0.5314459 0.4851118 0.202825
0.1991882 0.216321 0.1424153 0.3904168 0.9464714
0.324391 0.8709449 0.793358 0.7132586 0.6808886
0.5448316 0.435142 0.0852737 0.8562682 0.4564656
0.5423335 0.7408768 0.106292 0.2054528 0.9810426
0.7778922 0.06573516 0.7713979 0.1231883 0.7356468
0.7397929 0.368019 0.5196493 0.229617 0.4343131
0.02308099 0.2551435 0.604226 0.435873 0.3138161
0.9853701 0.7622735 0.09193352 0.6019728 0.2711589
0.7273484 0.06896833 0.2080672 0.5451492 0.6689566
0.02289526 0.6424263 0.6325605 0.06311732 0.1736516
0.7416911 0.2443254 0.8559054 0.4574124 0.7315601
0.383612 0.6665473 0.2247933 0.08564102 0.3400394
0.2217477 0.7487722 0.8642778 0.963956 0.4900684
0.1030924 0.2059896 0.9185979 0.9359671 0.3632664
0.2323855 0.8555397 0.4808152 0.5938273 0.1250625
0.8225992 0.7634084 0.8187693 0.9326131 0.843262
0.7034404 0.4139642 0.2227889 0.1138727 0.5484231
0.5194154 0.03684224 0.4110474 0.159515 0.5312529
0.6086324 1 0.58619 0.679328 0.1675983
0.6829198 0.3792233 0.4056791 0.1170938 0.7432495
0.8460699 0.3375637 0.8316593 0.1836111 0.4574994
0.08821847 0.3481657 0.851352 0.05064235 0.9182703
0.02908666 0.9336859 0.3474676 0.7480145 0.6432312
0.2495808 0.3685954 0.3377847 0.8736503 0.7952276
0.2078056 0.3592555 0.6226635 0.7436968 0.9309439
0.9187041 0.6235549 0.8497221 0.09443356 0.7393563
0.4617426 0.3396956 0.5094344 0.7156703 0.7254163
0.5735912 0.7959467 0.8871733 0.06207328 0.1787718
0.3557444 0.2337259 0.05486314 0.4056342 0.7219131
0.9188318 0.9050318 0.2832864 0.3966685 0.5158245
0.8517765 0.4732425 0.8345878 0.9913246 0.410719
0.3131974 0.4340242 0.6840537 0.02171167 0.4536778
0.07601366 0.4995371 0.6964733 0.6407985 0.9341345
0.1092742 0.8157777 0.6291262 0.9431313 0.1870945
0.625993 0.3613516 0.1095732 0.6652665 0.07087222
0.4399173 0.719744 0.898528 0.1949297 0.5752234
0.8213579 0.4995983 0.112059 0.08944169 0.3592194
0.8914867 0.4873743 0.1255525 0.1615788 0.6448779
0.2553489 0.3455105 0.9467584 0.1656132 0.783819
0.08894157 0.3710476 0.5224544 0.6656584 0.5474042
0.5580773 0.7933042 0.8999182 0.735241 0.7401077
0.3898791 0.6602212 0.6317745 0.4525071 0.5406585
0.1420596 0.2569399 0.4156948 0.03136707 0.3093625
0.8020203 0.7879808 0.9116101 0.3562753 0.6629643
0.5095501 0.5027493 0.3022417 0.8256342 0.9237237
0.02814406 0.2263432 0.2131088 0.3585139 0.5226054
0.9062841 0.5063353 0.6270507 0.396627 0.0628836
0.2148247 0.6794699 0.4254167 0.7154583 0.7121034
0.6913137 0.2145524 0.7505386 0.6251979 0.410865
0.6550376 0.1526742 0.9688746 0.9816471 0.621586
0.5493777 0.5640521 0.3262079 0.8571328 0.9751486
0.3872776 0.7295322 0.9420873 0.2457738 0.2051791
0.9703471 0.394014 0.4068708 0.1675842 0.3778176
0.9627117 0.5690578 0.5625957 0.2988592 0.6791966
0.8533201 0.2459554 0.06913353 0.3244073 0.4065216
0.2523557 0.8640012 0.4090273 0.4144015 0.3648433
0.6889029 0.5714478 0.7702181 0.5575509 0.1394591
0.9953227 0.6251225 0.6649127 0.1070511 0.9856484
0.2477785 0.262457 0.8945944 0.5228993 0.3457529
0.6893499 0.2777964 0.8929725 0.3673324 0.4240309
0.7572521 0.8066039 0.4728279 0.470336 0.317939
0.9794454 0.1742854 0.4545268 0.92458 0.4933146
0.6167058 0.8354431 0.8330678 0.06477551 0.3589003
0.9072059 0.6621475 0.6097569 0.07530122 0.6517591
0.7745173 0.7653904 0.4158176 0.03580538 0.2417133
0.6933382 0.5980141 0.07563886 0.8837493 0.8390475
0.6096691 0.4209849 0.8587406 0.4687262 0.6576325
0.07773758 0.3000883 0.3291368 0.6121383 0.1014409
0.3138696 0.5499748 0.8878838 0.366485 0.1050192
0.770599 0.8393595 0.4269764 0.7174664 0.9063374
0.8463843 0.8635565 0.2138034 0.3139155 0.5493749
0.3967668 0.07974338 0.7731804 0.5727698 0.1903097
0.5215523 0.02387787 0.4082499 0.9309363 0.2031141
0.8104423 0.4027713 0.5422705 0.5764841 0.7227321
0.2276515 0.000195062 0.1282481 0.6955336 0.9298318
0.2249844 0.4879681 0.0853135 0.8460957 0.7542975
0.08730935 0.9584255 0.6740775 0.6089021 0.8899937
0.8601929 0.8941323 0.4984281 0.1416766 0.6869675
0.08605863 0.120137 0.9493248 0.04189425 0.2493249
0.9534745 0.4620534 0.3034975 0.4862796 0.9034415
0.3910911 0.3085845 0.1031617 0.4699768 0.5180961
0.3320025 0.7848482 0.1080943 0.6420239 0.5686944
0.4883714 0.6805075 0.2048053 0.8375821 0.9477838
0.9747589 0.5446224 0.5831275 0.2851699 0.4776688
0.9117025 0.6230139 0.8331929 0.5082424 0.02182439
0.3312248 0.1394913 0.500756 0.05184145 0
