0.9127399 0.9914746 0.8782947 0.8334932 0.9438238
0.4768609 0.1425633 0.1616483 0.8955744 0.8300964
0.882043 0.6546862 0.8537925 0.2176073 0.5099501
0.02509295 0.0672355 0.9136133 0.5192404 0.9233231
0.3088012 0.5693833 0.41352 0.07601826 0.3774668
0.2338263 0.5546037 0.491519 0.739474 0.004556245
0.2586563 0.6780876 0.9251611 0.3022579 0.8068087
0.8896633 0.5522655 0.9203744 0.8062756 0.2964968
0.4087759 0.7333233 0.1305986 0.2342157 0.371232
0.5057602 0.9522843 0.9964463 0.7723741 0.6120098
0.6799444 0.696009 0.7069962 0.1041601 0.9444186
0.3460098 0.4991124 0.09068503 0.4100658 0.2366511
0.815231 0.4145702 0.1516872 0.3187951 0.1541753
0.3728877 0.3383281 0.7678944 0.1011051 0.6138589
0.1256907 0.1690064 0.8856894 0.7127188 0.04448283
0.3669944 0.5901594 0.0859387 0.6336652 0.7442166
0.1447861 0.1555809 0.9013919 0.2196135 0.7798978
0.4688149 0.07923672 0.5284632 0.5209144 0.407183
0.5909837 0.06587455 0.6349909 0.5375794 0.8263519
0.1892005 0.3239121 0.6511172 0.4303151 0.4767704
0.07596144 0.696926 0.6097985 0.7401165 0.3992577
0.6148374 0.09497099 0.7420533 0.1457856 0.1700815
0.9212342 0.9414142 0.5812101 0.04389797 0.3443448
0.09709605 0.7530473 0.1640427 0.2824414 0.7246982
0.4056719 0.23572 0.9871521 0.1202647 0.2112482
0.9223814 0.4760307 0.9365223 0.8055839 0.5537271
0.9006375 0.8285691 0.1454134 0.692216 0.5649459
0.1979226 0.4496663 0.5039649 0.5552277 0.7246304
0.7432794 0.9385676 0.7316259 0.3833168 0.262346
0.7955603 0.8249057 0.8192659 0.2053922 0.09103583
0.2088282 0.2176308 0.1540377 0.4492252 0.646387
0.4792692 0.4327482 0.3735619 0.3757137 0.9630205
0.7306676 0.7786136 0.7779539 0.5485195 0.3133305
0.3265566 0.6218139 0.5822542 0.3546975 0.1345416
0.6413623 0.7934664 0.1025956 0.1474756 0.2849555
0.06155641 0.03893264 0.2307889 0.9336036 0.0111563
0.1928917 0.407379 0.8563007 0.6155634 0.7020392
0.6137694 0.2399782 0.5207522 0.8452635 0.3075181
0.3421406 0.3570226 0.2531269 0.5613298 0.1041316
0.7751981 0.5956593 0.8219026 0.8897545 0.4591458
0.9359888 0.5684528 0.9382712 0.4319108 0.7228013
0.5873987 0.4657183 0.4177329 0.969977 0.5194242
0.5983913 0.9289835 0.2902603 0.189767 0.2836139
0.3035967 0.6305809 0.9792074 0.2150928 0.3928369
0.6744136 0.3080761 0.9379905 0.6313624 0.6000321
0.7695225 0.5996722 0.4739352 0.7320261 0.02275384
0.5978682 0.05859359 0.9992201 0.7244076 0.1042234
0.1513265 0.7109288 0.9931727 0.2623773 0.1455549
0.5844432 0.03673887 0.6501082 0.2968965 0.9145385
0.8664006 0.4119727 0.9349004 0.3049842 0.4181553
0.4815235 0.4070595 0.2191367 0.5288586 0.5645152
0.2295372 0.3839654 0.3035842 0.8385395 0.6574544
0.2869624 0.1092676 0.2318794 0.01641035 0.6080333
0.9953295 0.6385404 0.2749221 0.4236642 0.02431017
0.331407 0.9492656 0.1827411 0.7409577 0.3378579
0.2327479 0.9986553 0 0.1276732 0.4250204
0.9924711 0.2773834 0.06790954 0.4361666 0.247123
0.2309257 0.0411143 0.7888772 0.01313901 0.1948093
0.5465019 0.02707479 0.1881418 0.8792042 0.2470286
0.3789069 0.7999294 0.6595248 0.5779362 0.09604055
0.8554359 0.9351586 0.1338849 0.8613513 0.8751022
0.7646308 0.05347643 0.5902863 0.6504918 0.4645893
0.5798194 0.3318865 0.9741373 0.2178413 0.8027468
0.1099004 0.5962959 0.6720809 0.1457991 0.9731925
0.583497 0.6145288 0.9820232 0.4972023 0.3556322
0.02751692 0.2276226 0.6735441 0.6150127 0.06555359
0.933169 0.3714611 0.8636775 0.3731897 0.08478321
0.009367384 0.6794498 0.3397733 0.8026293 0.6995083
0.8017802 0.6694709 0.9085312 0.04333232 0.5167913
0.6967873 0.8307314 0.5067947 0.9647374 0.3242394
0.7250891 0.3918413 0.5451836 0.3179054 0.4914401
0.03353982 0.7444616 0.7307343 0.5582082 0.008543472
0.04814256 0.6393751 0.2123371 0.6421757 0.4834769
0.415716 0.6271511 0.9351333 0.7913495 0.0299648
0.5099557 0.9849479 0.7947929 0.5798503 0.7215322
0.369932 0.7756258 0.2885214 0.7733327 0.1124545
0.5998707 0.1021458 0.3271531 0.8942591 0.9340881
0.7495112 0.08214335 0.9589908 0.333452 0.9457837
0.3423947 0.8079938 0.8711331 0.1918039 0.3048819
0.7751931 0.1579164 0.8745905 0.7012495 0.1405279
0.2871638 0.1818606 0.7505695 0.746037 0.4081422
0.3470793 0.5589559 0.9715521 0.8053703 0.1623756
0.0127819 0.6001283 0.2456303 0.5737852 0.6251
0.5026122 0.5025625 0.2912751 0.2344115 0.9024282
0.3491204 0.5203124 0.9454761 0.0750918 0.9330495
0.3265735 0.7416606 0.04051958 0.3534727 0.7915859
0.4779546 0.6433488 0.5240127 0.4655782 0.5299882
0.1191695 0.1096648 0.4075358 0.935677 0.2046667
0.9414006 0.1973456 0.2199629 0.6561159 0.3472406
0.5816607 0.3007152 0.6581937 0.5505853 0.6821061
0.9682819 0.3287724 0.6001941 0.6572871 0.5336492
0.6713198 0.03005432 0.6624614 0.2615958 0.8026554
0.1420113 0.1852767 0.3927695 0.04792009 0.1283696
0.3556278 0.07944731 0.1642717 0.2558981 0.1895904
0.2218536 0.1471568 0.1495951 0.4955449 0.9185835
0.5712313 0.5192668 0.6216853 0.5231557 0.6014537
0.548379 0.230112 0.4045661 0.1777827 0.07838734
0.5126108 0.5685341 0.003510669 0.3870387 0.7100043
0.6959554 0.3747596 0.1492432 0.1215743 0.998942
0.8141619 0.7973017 0.6440911 0.2663171 0.1405158
0.346779 0.248561 0.849857 0.7900094 0.2245208
0.8679251 0.1429705 0.8258988 0.6968431 0.01304502
0.9351598 0.9781506 0.1205814 0.7213058 0.6568227
0.3312459 0.09278048 0.809984 0.2146503 0.9592137
0.002865732 0.5522026 0.3819962 0.4111526 0.9329773
0.6718457 0.5245155 0.09043345 0.3563305 0.6257927
0.4852539 0.4703904 0.09215319 0.01260394 0.8313018
0.4333529 0.9471743 0.7595699 0.6832847 0.7161794
0.1787625 0.1235873 0.2106475 0.03012941 0.760631
0.9659022 0.1461573 0.7342069 0.8527223 0.4899524
0.2566928 0.8545751 0.9820066 0.2262729 0.8990394
0.5294043 0.9369194 0.1924238 0.9719963 0.7543487
0.8283571 0.9241852 0.7477302 0.2028028 0.9656779
0.9558727 0.868608 0.8591866 0.4971403 0.3202555
0.46292 0.3136026 0.2084564 0.03448112 0.1825948
0.7687235 0.8588752 0.177956 0.3518816 0.8806853
0.6357831 0.2553138 0.6803838 0.3998182 0.863592
0.496486 0.1046113 0.6954561 0.6925933 0.2460063
0.1137907 0.5485544 0.8496926 0.03852697 0.8122193
0.4511417 0.7510637 0.04689208 0.937199 0.05974788
0.9006329 0.948612 0.283539 0.9351804 0.2152564
0.666697 0.1374007 0.5482096 0.3643983 0.4024844
0.6766171 0.1514021 0.3256595 0.3189572 0.0712718
0.4336295 0.3174946 0.7915528 0.6983877 0.1120928
0.6825434 0.267613 0.2736074 0.9523218 0.5845499
0.7090478 0.6764399 0.8061884 0.7684807 0.6971921
0.6713175 0.3863721 0.4118862 0.03867154 0.694367
0.496003 0.6789658 0.05258493 0.797172 0.5453377
0.4465628 0.34296 0.3351632 0.4157656 0.8458401
0.5651675 0.8669727 0.3538329 0.6651225 0.637752
0.4153149 0.04317959 0.1494872 0.9111505 0.2319761
0.3635275 0.9892977 0.7847647 0.8335514 0.2226237
0.8661584 0.4073787 0.378204 0.3925824 0.8535042
0.7580443 0.3417328 0.02578308 0.4038595 0.8082998
0.6696935 0.5208567 0.589413 0.5044493 0.8246138
0.5277042 0.6563123 0.8273955 0.4707346 0.3377062
0.07416397 0.7796988 0.03517422 0.2957291 0.8057616
0.52347 0.4916952 0.7124072 0.1876306 0.1036436
0.3405061 0.5831167 0.8918108 0.4736937 0.2754973
0.7507177 0.3338561 0.9566026 0.9672953 0.8547394
0.6504633 0.8952603 0.8669606 0.7520664 0.2468853
0.3894028 0.8105236 0.3283617 0.3743518 0.7856457
0.7412879 0.4871277 0.6737486 0.327296 0.1744424
0.8756312 0.2221858 0.7214701 0.7444547 0.3317458
0.4029817 0.8305839 0.2413592 0.2018008 0.9520891
0.5735654 0.9657632 0.5709492 0.2693984 0.08449834
0.9009549 0.2461392 0.3856465 0.1574255 0.7375086
0.02044553 0.1674385 0.1688609 0.9848415 0.248132
0.8872294 0.5009398 0.5911369 0.6908198 0.977945
0.02485762 0.8381895 0.2906095 0.1052693 0.6554582
0.934863 1 0.9101455 0.8792497 0.7710021
0.3855061 0.973369 0.3687001 0.7320207 0.8413529
0.6098087 0.2131585 0.4900665 0.3453656 0.04038089
0.9111971 0.03043385 0.4111186 0.9043936 0.4879536
0.516415 0.3615608 0.5985209 0.8104084 0.7453397
0.2865926 0.1924463 0.5798176 0.9713863 0.1796883
0.773105 0.004698523 0.8720875 0.9113292 0.6059378
0.4365841 0.6578105 0.3934913 0.01428924 0.2000297
0.3762273 0.6156451 0.2325351 0.1530381 0.3053475
0.7435119 0.2187437 0.08855077 0.5758973 0.8831733
0.1926014 0.9147514 0.2325606 0.4268664 0.6257519
0.3363489 0.9659613 0.6194291 0.7367788 0.3039476
0.7759679 0.862946 0.08421467 0.6337348 0.08609924
0.8141531 0.9785871 0.2708101 0.1868509 0.7173058
0.02401161 0.6377408 0.8472387 0.803467 0.9249146
0.1722173 0.03733445 0.9946627 0.07126795 0.4171514
0.05020674 0.7884562 0.7948876 0.5718548 0.5374885
0.8543305 0.8244507 0.957204 0.5676968 0.1207527
0.1751786 0.1098816 0.6744863 0.6178561 0.3482421
0.5880662 0.828113 0.3388978 0.4815559 0.4319674
0.1019513 0.6933862 0.9086499 0.1542598 0.6817928
0.52055 0.8373839 0.3853241 0.1169993 0.7029935
0.1945371 0.8807319 0.5543209 0.381643 0.8529469
0.9515708 0.4884188 0.7588996 0.3222684 0.4389168
0.06008541 0.5664765 0.4670816 0.8152395 0.5634327
0.5889055 0.9068882 0.7800197 0.5875586 0.4721387
0.4151692 0.1038005 0.5459458 0.9855612 0.7543845
0.1668625 0.5747698 0.5149016 0.5884351 0.6847958
0.2909698 0.4333726 0.4655873 0.7286806 0.2736907
0.4563967 0.9677664 0.3257115 0.3472451 0.9547627
0.2898404 0.9649 0.3715448 0.613825 0.2449736
0.1857663 0.8232188 0.5458949 0.5690375 0.6998566
0.5369402 0.9138723 0.3464907 0.7702973 0.07590692
0.3110644 0.715391 0.8141971 0.8232022 0.09366417
0.9710205 0.02223406 0.6337246 0.07087174 0.3682635
0.9698348 0.02989345 0.01547986 0.7183216 0.9492045
0.5614798 0.2247003 0.4772621 0.2787502 0.7109992
0.1360998 0.7405206 0.4725787 0.3114533 0.2010186
0.1277123 0.5143686 0.2670384 0.9703568 0.9187181
0.1454413 0.5073509 0.9898059 0.06312975 0.9556343
0.9657695 0.6737944 0.2735916 0.05774795 0.5077848
0.01790582 0.462509 0.6540276 0.6882284 0.9072803
0.07166422 0.5743857 0.9564402 0.9984633 0.3163862
0.9370264 0.6897988 0.2436927 0.07837875 0.1066415
0.9195549 0.05616097 0.8440961 0.6465523 0.1718341
0.9326459 0.5354042 0.8457876 0.4777242 0.0600539
0.6850902 0.3519243 0.9679795 0.5595382 0.8024422
0.05388907 0.6558943 0.2899322 0.4596939 0.2081276
0.5364467 0.01357127 0.2680767 0.9715718 0.2745166
0.6894728 0.6588184 0.6359762 0.3088453 0.6030014
0.1601766 0.4809566 0.1032515 0.07663081 0.8683931
0.4520619 0.8123882 0.8234511 0.1748714 0.01867631
0.6716144 0.2305411 0.3073173 0.1363556 0.8679103
0.3132816 0.7602026 0.7366734 0.9878075 0.1317747
0.00341822 0.2990946 0.09708224 0.7053721 0.2288509
0.2755255 0.04388082 0.06665938 0.8781367 0.8594233
0.6600889 0.3116177 0.7118859 0.6469514 0.4116276
0.9693663 0.2001524 0.3052058 0.6074798 0.2427416
0.6669518 0.6199995 0.09445592 0.5045545 0.870582
0.1636616 0.7329486 0.8980387 0.5029349 0.8630937
0.001470981 0.6698371 0.5584118 0.8653429 0.9788168
0.0723402 0.1903003 0.6428059 0.6726308 0.07311908
0.5681156 0.7188877 0.6779761 0.6306853 0.9529499
0.01009216 0.5864193 0.8361186 0.8601324 0.7255181
0.1621511 0.1049646 0.4419161 0.5780187 0.554928
0.5785617 0.3707343 0.9429556 0.1489712 0.1811276
0.1753158 0.1701655 0.5901617 0.2966196 0.3599929
0.3962394 0.09463375 0.114815 0.4720992 0.4589454
0.9121833 0.2723769 0.06412806 0.05374784 0.1579216
0.2732939 0.6601842 0.9114026 0.9557507 0.9761686
0.07553779 0.4192391 0.3056299 0.003167103 0.4062203
0.8918184 0.2737845 0.2412644 0.9254953 0.8513443
0.6185316 0.9567317 0.8543163 0.2049859 0.9402915
0.3570461 0.3051833 0.134241 0.7048188 0.5452714
0.5017275 0.5575795 0.8758188 0.3643993 0.534433
0.7232731 0.2724365 0.5148044 0.5876215 0.1282237
0.7308611 0.9332223 0.7025514 0.1782085 0.8992107
0.5811044 0.07662645 0.3172168 0.8334123 0.2561548
0.6208227 0.9276866 0.6067169 0.4946224 0.8515414
0.7670258 0.06245104 0.18674 0.9458927 0.8340455
0.2095595 0.7798252 0.1906315 0.3997476 0.7135712
0.08355386 0.9360509 0.3958903 0.6757031 0.05299638
0.1542718 0.624853 0.5402265 0.5664496 0.1317731
0.3297302 0.5114655 0.2413554 0.270212 0.4352049
0.9794837 0.06828263 0.0695217 0.1345021 0.8360269
0.2672239 0.9670451 0.6766327 0.597836 0.08616967
0.6934169 0.1145105 0.9406801 0.3232574 0.7566401
0.5060585 0.7056027 0.2974776 0.2331474 0.7225962
0.3817797 0.1143803 0.4410793 0.3905034 0.7904832
0.8621107 0.4809371 0.07114301 0.2555487 0.05558569
0.5837867 0.1580467 0.8320457 0.4925048 0.9578814
0.259483 0.7369377 0.3039386 0.943418 0.05071871
0.8576561 0.7689764 0.4538056 0.2463637 0.4655692
0.078901 0.1505293 0.4738362 0.7855242 0.1762066
0.1086499 0.548506 0.7704722 0.537498 0.6078862
0.4161727 0.7574981 0.5520967 0.4721007 0.08818506
0.2532742 0.344423 0.7071001 0.9026507 0.2193903
0.4580311 0.1488054 0.7980891 0.8065193 0.7442207
0.8818744 0.4606965 0.25058 0.4744261 0.8382621
0.620076 0.02646423 0.9949835 0.2355817 0.3146916
