0.8276136 0.5894041 0.2338842 0.5321498 0.2648623
0.4781131 0.9350208 0.6430146 0.2894083 0.9747929
0.2328079 0.8785033 0.1855857 0.2578443 0.9522953
0.3696591 0.5386106 0.4134264 0.036536 0.8857179
0.7514296 0.5510217 0.6711787 0.7118176 0.7934971
0.9172244 0.702148 0.4524644 0.3305457 0.9833472
0.4615944 0.9798226 0.1675169 0.6211881 0.4748738
0.9017019 0.3086951 0.77543 0 0.1988605
0.5253048 0.872421 0.01213024 0.7998996 0.4515947
0.5357628 0.1440387 0.8347877 0.9226676 0.06509494
0.8134155 0.7582419 0.6758424 0.5396103 0.3900036
0.01509465 0.9316439 0.6282782 0.6543479 0.7267333
0.4522831 0.2371223 0.06584585 0.7169434 0.6483317
0.2211778 0.1447937 0.547615 0.7321823 0.05019717
0.4454782 0.5836459 0.9994287 0.5504249 0.2549235
0.5477289 0.3759322 0.5331477 0.7591671 0.8708074
0.9804908 0.9570304 0.3885052 0.06616104 0.8847822
0.3868628 0.9096236 0.1510881 0.1077458 0.2812105
0.3840328 0.2083689 0.6109096 0.8383061 0.4755438
0.3430943 0.1777943 0.658658 0.009105113 0.5119963
0.7934171 0.65258 0.01634364 0.940937 0.7524214
0.999121 0.1875189 0.01515381 0.5301847 0.2230647
0.6273367 0.2022715 0.09562126 0.1997944 0.4385813
0.8475054 0.11392 0.6344972 0.6943903 0.4346498
0.6083408 0.7724989 0.2474486 0.8174384 0.6047681
0.8910678 0.4770261 0.39276 0.3083362 0.7972855
0.6667225 0.1009198 0.9082925 0.1401283 0.0008817545
0.542822 0.740179 0.2812754 0.5021927 0.08336312
0.6378761 0.7770512 0.8922074 0.2696628 0.8459524
0.3635412 0.2649989 0.477909 0.3871175 0.7853712
0.5291433 0.8171329 0.8196069 0.7033122 0.4282873
0.1026052 0.7557576 0.2388593 0.3092226 0.5940022
0.1294051 0.1868586 0.8389842 0.8644195 0.6365426
0.2411259 0.04961858 0.6620794 0.7973637 0.7006435
0.3045947 0.2636348 0.4919544 0.02593153 0.5315716
0.9631558 0.5778263 0.489143 0.5322558 0.04753658
0.423622 0.8701184 0.7543917 0.00483856 0.8768654
0.6992436 0.5824702 0.4416869 0.5704174 0.6851157
0.534886 0.4160563 0.08972392 0.4531585 0.8480534
0.5146887 0.7449007 0.06779505 0.9152719 0.3664785
0.003904612 0.8267971 0.07232927 0.6383779 0.2227332
0.03566334 0.04156606 0.8414492 0.3834672 0.2275944
0.2627935 0.8172445 0.2206774 0.6029011 0.7161584
0.3849316 0.6416493 0.4392923 0.6365138 0.7491927
0.1523656 0.7100626 0.8513572 0.8159635 0.6801609
0.9968675 0.9360179 0.5853866 0.7194198 0.6070498
0.4240356 0.9894415 0.03924677 0.2594861 0.08690658
0.4051132 0.8446838 0.5824977 0.4079102 0.1015463
0.7381241 0.4168063 0.3526171 0.0518614 0.36814
0.8940308 0.2792773 0.05978029 0.1393403 0.6992266
0.01323502 0.3651731 0.1784267 0.2867821 0.4523824
0.08711635 0.1595438 0.789132 0.7202566 0.6517633
0.1306142 0.1458636 0.729454 0.4247884 0.9007648
0.07958393 0.3982342 0.142831 0.3784105 0.3758779
0.1769468 0.5815991 0.7086604 0.7584128 0.8011304
0.3104829 0.9670774 0.6088306 0.331162 0.9663771
0.02085594 0.377579 0.1122394 0.980666 0.5085877
0.1649777 0.163697 0.0342618 0.1368251 0.1592327
0.1291974 0.7122373 0.08770204 0.3687667 0.2798763
0.2823202 0.5393795 0.2489899 0.7267472 0.9649067
0.7398476 0.9800623 0.4309318 0.193438 0.2370758
0.7262028 0.3402194 0.9854109 0.8570852 0.6891335
0.8213333 0.06924752 0.9042108 0.04304021 0.6809139
0.2460952 0.5672582 0.7744797 0.1193205 0.06337883
0.4081702 0.5164418 0.5820441 0.343045 0.3322739
0.6825787 0.3518857 0.7420657 0.3668857 0.3833402
0.0692816 0.9035173 0.2864888 0.2131925 0.1924866
0.7022576 0.4721509 0.2831781 0.03724345 0.1895395
0.9952765 0.9707735 0.6834724 0.06304696 0.7394465
0.2925694 0.5847672 0.1271539 0.7947566 0.03484474
0.6963759 0.4626133 0.09838402 0.08124041 0.748495
0.9297706 0.7942647 0.5037642 0.473222 0.1523732
0.9205819 0.8356303 0.9424973 0.8220829 0.6476628
0.255416 0.7875333 0.2244211 0.4709067 0.2830871
0.171968 0.173145 0.595725 0.9283294 0.3445238
0.3848543 0.376787 0.8641148 0.6970928 0.213915
0.5605147 0.262312 0.8997531 0.08192883 0.7113005
0.6314358 0.8961989 0.2354182 0.9416696 0.5504704
0.4436835 0.4977733 0.5270108 0.3668361 0.02499581
0.1568785 0.1569861 0.3086013 0.4628491 0.09086644
0.01997051 0.2809864 0.108811 0.2319994 0.318471
0.1981285 0.1920271 0.06049954 0.07427125 0.09238102
0.5882231 0.5822673 0.4103751 0.4347137 0.2739389
0.8409022 0.5192571 0.9309202 0.1781516 0.8754372
0.7205569 0.706561 0.07674918 0.3977838 0.3553784
0.4568308 0.2214882 0.1988478 0.4329454 0.3851363
0.4706643 0.8468439 0.1248693 0.4563763 0.9935807
0.6079988 0.09569323 0.5647793 0.9812932 0.8062326
0.4140624 0.7388289 0.5367427 0.1270027 0.1734284
0.3882477 0.5945413 0.7753631 0.07623474 0.8912792
0.2726294 0.6869636 0.4075436 0.3262587 0.3021551
0.09021389 0.9109923 0.5589736 0.06678705 0.1990813
0.7603249 0.4222598 0.6144408 0.5630943 0.378262
0.07577008 0.5030533 0.3446551 0.8253953 0.510048
0.6670556 0.6201421 0.7909324 0.8500807 0.2472005
0.2417998 0.4115751 0.06126878 0.2178228 0.4931419
0.6827915 0.8489373 0.6770917 0.2120275 0.495674
0.7353631 0.4327283 0.6780746 0.7846491 0.8963897
0.6629885 0.1491611 0.1887711 0.7467788 0.5818822
0.743751 0.232148 0.5632957 0.3433766 0.1618984
0.6656332 0.9554396 0.620522 0.008648862 0.1837878
0.5080619 0.5422605 0.5756165 0.215602 0.2746434
0.3159388 0.02206449 0.1102839 0.2663461 0.6291659
0.1217414 0.08220334 0.8430205 0.07661761 0.7427125
0.04139551 0.7231343 0.5925216 0.1060968 0.4273457
0.5607814 0.115794 0.2306385 0.2163965 0.0587478
0.6858435 0.2453494 0.722671 0.3406278 0.740423
0.2182319 0.6419781 0.1492358 0.03231665 0.9093456
0.285977 0.6504926 0.5727046 0.2750033 0.6935883
0.4244961 0.4602394 0.4272071 0.9336175 0.9210149
0.8921497 0.9368269 0.9474054 0.1927674 0.04989441
0.7988989 0.7094732 0.9285591 0.9167337 0.9979874
0.1462111 0.7743816 0.948275 0.5414095 0.01341484
0.1411287 0.113948 0.9163725 0.1742296 0.9620701
0.2355592 0.685047 0.2492588 0.7635248 0.1439081
0.4527147 0.5856473 0.5370371 0.324142 0.1740311
0.2868435 0.4880799 0.366045 0.6166102 0.1450085
0.08481256 0.6775127 0.197125 0.45886 0.6456003
0.8737559 0.4455501 0.2664669 0.804514 0.2206076
0.709895 0.7361472 0.01959621 0.8739434 0.2809009
0.6539533 0.8038193 0.1305647 0.8323913 0.865991
0.8108862 0.2653188 0.3156923 0.2560177 0.2323515
0.3745341 0.6649158 0.8886488 0.8896787 0.5026525
0.802866 0.9725054 0.5993634 0.04761121 0.2635523
0.1096822 0.4734764 0.3080393 0.574724 0.5228426
0.06924673 0.5423966 0.5690296 0.4502193 0.3911135
0.1182231 0.8175093 0.6083007 0.2646102 0.0511892
0.8081534 0.1386215 0.1368068 0.8319453 0.4169604
0.4228824 0.9472781 0.3401896 0.6973697 0.1764406
0.7873957 0.1929169 0.8849807 0.3582229 0.3579832
0.2991386 0.986886 0.4493001 0.09175808 0.142618
0.2814255 0.1838323 0.7553581 0.07945789 0.1494045
0.9270368 0.1264566 0.7180287 0.434368 0.4144392
0.1383472 0.5633245 0.04227454 0.9553602 0.5813512
0.8443949 0.4504671 0.5231076 0.3557753 0.1654118
0.5440014 0.7604029 0.2597086 0.2185155 0.6194812
0.1031077 0.1683402 0.7276454 0.5919616 0.7026189
0.7274858 0.4957986 0.6826193 0.4281512 0.1375275
0.7115909 0.7578983 0.1187444 0.6127526 0.6224858
0.06144015 0.97383 0.0860347 0.5696472 0.2496523
0.1309355 0.8366944 0.3192236 0.03135702 0.3767583
0.1681301 0.7422546 0.4306041 0.06916997 0.2999121
0.5922963 0.4709905 0.6114963 0.05944242 0.9927024
0.3129815 0.6371245 0.3091406 0.8404613 0.05933723
0.3790333 0.2815899 0.777652 0.1150894 0.0463851
0.9266676 0.01715639 0.7278269 0.3919924 0.4049856
0.274831 0.3294389 0.7048321 0.7438592 0.2314798
0.6003346 0.0763339 0.6843819 0.1051365 0.2044284
0.02434238 0.9237729 0.4253364 0.8861353 0.1899747
0.6820964 0.672538 0.8503588 0.7462751 0.3954405
0.3060159 0.4830497 0.8814242 0.9590501 0.3272016
0.526883 0.2978284 0.7411615 0.6463262 0.9790721
0.2466019 0.7559742 0.6921765 0.5408297 0.5578772
0.6328755 0.3881334 0.5602998 0.5109777 0.3527335
0.3631674 0.4010781 0.9203613 0.5856404 0.2087604
0.1120026 0.6840873 0.4853672 0.9879285 0.1030727
0.5085528 0.6948758 0.3878034 0.1513437 0.8356643
0.7074255 0.06664437 0.2489739 0.5269888 0.783666
0.01341401 0.6055333 0.139178 0.7294782 0.01038541
0.1975589 0.1656943 0.2036671 0.2020444 0.2244841
0.5301911 0.02563595 0.3696448 0.8937911 0.6006174
0.372959 0.04192528 0.1625502 0.4910003 0.1111588
0.9241638 0.3985048 0.04064626 0.6854341 0.6657355
0.03095615 0.9540573 0.4533035 0.4218382 0.3854677
0.08715614 0.7054199 0.7543374 0.2957056 0.7312602
0.04024798 0.6927764 0.1223027 0.1965893 0.1225344
0.2752974 0.7729463 0.8059711 0.7681933 0.2887275
0.1961286 0.1255086 0.939522 0.4040804 0.9109811
0.5101659 0.6696855 0.6264197 0.05002782 0.2766838
0.1217494 0.6110745 0.06704038 0.4124213 0.4828456
0.8638459 0.9587608 0.380331 0.2918207 0.09408084
0.6028063 0.496771 0.4867632 0.5037246 0.1329547
0.8924636 0.5721483 0.1135554 0.4669498 0.6194942
0.8343118 0.7601596 0.3547586 0.05748877 0.3439878
0.8869989 0.9892399 0.02073478 0.6008351 0.3902486
0.4482749 0.03644383 0.9707544 0.07556665 0.4439654
0.9058639 0.8378258 0.9328468 0.3188643 0.1596184
0.4575309 0.8489099 0.07272811 0.6944647 0.618812
0.9833991 0.8039749 0.5051885 0.1789507 0.04103775
0.9359482 0.6675095 0.2544955 0.7092681 0.8605712
0.8987172 0.7957895 0.5861996 0.5113603 0.6678798
0.1637735 0.01823531 0.2124772 0.02007408 0.3422647
0.3979523 0.07091693 0.9601071 0.2430349 0.01104322
0.0101942 0.4191278 0.1751623 0.8268202 0.3708729
0.8168415 0.6226839 0.7487599 0.01155535 0.8480103
0.16055 0.2933359 0.5123286 0.9082281 0.2494663
0.3080491 0.1091546 0.1045347 0.1786991 0.02320908
0.6129275 0.9833365 0.2036153 0.1590466 0.1430389
0.4508748 0.650566 0.4571927 0.150951 0.9613529
0.6099696 0.7625961 0.9206018 0.6815987 1
0.111914 0.7546872 0.7043016 0.4789199 0.3010504
0.1199023 0.6891523 0.3723643 0.0457186 0.6810728
0.7993258 0.3960828 0.2264549 0.4875535 0.6642535
0.6884511 0.9151064 0.1223334 0.2253197 0.5447173
0.4696739 0.04580961 0.7032144 0.2363699 0.4778993
0.6767497 0.8294164 0.1590868 0.854305 0.627724
0.2738302 0.5079245 0.9187907 0.6846884 0.8333047
0.926464 0.3608547 0.8503401 0.4055523 0.7749218
0.1101052 0.6738127 0.2134169 0.626369 0.6617245
0.4025606 0.3622447 0.6661736 0.2369668 0.6081614
0.4214611 0.6330239 0.005902939 0.2392239 0.3279581
0.9165622 0.8206814 0.563023 0.7138281 0.9160852
0.5979451 0.3032546 0.8498779 0.3901409 0.8055169
0.4586617 0.4878941 0.8757644 0.8438994 0.811161
0.4464164 0.9617275 0.8875784 0.3536647 0.1984976
0.6407151 0.627392 0.4806588 0.3120884 0.5412344
0.4227882 0.8820883 0.4115301 0.3976421 0.6171963
0.4243338 0.6925479 0.7451875 0.8504508 0.07360522
0.1701554 0.08086781 0.4684312 0.986085 0.2106184
0.4252051 0.5149787 0.3643698 0.05548584 0.7324975
0.07280744 0.2375698 0.4461898 0.7381566 0.9745883
0.9563535 0.6411523 0.8002225 0.09051729 0.04268043
0.1590873 0.3380573 0.3135435 0.7620854 0.1106624
0.9360419 0.4695957 0.1548883 0.911324 0.3564768
0.4134174 0.5069329 0.8374993 0.4417562 0.2443212
0.5618566 0.2295987 0.4720006 0.02034101 0.2410185
0.2572904 0.2160836 0.7494844 0.9870537 0.300173
0.5390004 0.5242927 0.1812463 0.3514883 0.9205965
0.9863798 0.1389178 0.3660578 0.9833516 0.160712
0.3565812 0.03106221 0.7382363 0.1456535 0.05438136
0.8257714 0.3978647 0.1287676 0.02764966 0.1383965
0.3398768 0.1955009 0.4697805 0.7420931 0.696096
0.6110009 0.638292 0.7002798 0.04885804 0.9699312
0.7450161 0.06348049 0.3621836 0.962758 0.7012726
0.7574126 0.1390835 0.005367687 0.9858069 0.9981841
0.04424595 0.5473507 0.1803799 0.7222137 0.2162972
0.8394453 0.1103728 0.8689492 0.9710383 0.6154531
0.8524271 0.7317067 0.920062 0.04875256 0.8614446
0.1094441 0.03060364 0.1432927 0.2736977 0.7944405
0.6220934 0.03294439 0.7433127 0.2303045 0.9424714
0.05964999 0.8942674 0.4786415 0.6251209 0.07218998
0.6846738 0.9177076 0.5382017 0.09724967 0.4516115
0.2468803 0.5728829 0.6192536 0.157761 0.1566189
0.2205947 0.6511926 0.2003361 0.1354896 0.07522006
0.3610718 0.1829463 0.9132585 0.5159188 0.9998425
0.03702 0.2949737 0.3102901 0.1454283 0.5099457
0.1291935 0.1601892 0.2365373 0.4365447 0.1132623
0.05526149 0.2092438 0.1798037 0.5440765 0.6403721
0.9124155 0.5534789 0.3885643 0.4411827 0.09310019
0.5843917 0.5461896 0.7771474 0.5411014 0.5603755
0.1389919 0.5129615 0.4940644 0.172382 0.09022382
0.9547232 0.5882873 0.6340349 0.6622369 0.09531681
0.4998609 0.06237837 0.7885272 0.01020391 0.5579686
0.928818 0.3443902 0.8684413 0.7774444 0.1493958
0.4795195 0.8791337 0.1280006 0.5720843 0.6110234
0.3318601 0.7664386 0.1345032 0.5148807 0.4403606
0.5780836 0.8236448 0.06548991 0.09596216 0.1788528
0.2028983 0.1412999 0.2035259 0.3417946 0.4130232
0.6704943 0.4214845 0.3258289 0.6440541 0.7655243
0.2061577 0.1922418 0.6643712 0.3777279 0.5653285
