0.8626631 0.03449527 0.4042534 0.8043397 0.1171657
0.569315 0.4673327 0.8926318 0.3891086 0.9371862
0.9752537 0.5550369 0.2360389 0.5355264 0.2925866
0.7073037 0.4183069 0.593062 0.02195463 0.3747014
0.8930107 0.5409906 0.4956168 0.6909799 0.5560427
0.8706712 0.03504585 0.2685676 0.376045 0.358422
0.7619328 0.173062 0.6854096 0.4791605 0.07943089
0.1171309 0.5988691 0.09913767 0.2404841 0.3289063
0.7760628 0.8044149 0.3009052 0.5806757 0.9351313
0.3978331 0.2949234 0.8295079 0.2035995 0.02788377
0.644406 0.1294676 0.49817 0.07734751 0.3461266
0.4951035 0.5245203 0.3202974 0.2198763 0.1751894
0.8197404 0.6969791 0.8723475 0.8519409 0.2503458
0.06249277 0.04365424 0.7840669 0.6275545 0.455017
0.1805836 0.08105298 0.7420483 0.3249645 0.7726408
0.3350005 0.5905665 0.8727379 0.0258851 0.1646085
0.7599412 0.4870047 0.007828378 0.879618 0.4432167
0.3224525 0.3652449 0.5860735 0.5809292 0.2399709
0.5452412 0.2383064 0.6235055 0.2940022 0.5913756
0.1507993 0.963443 0.7235235 0.7891851 0.470938
0.01399698 0.9946906 0.8773709 0.7221083 0.9456259
0.8370093 0.4323093 0.5756426 0.7357968 0.4751323
0.5810047 0.3526851 0.2546765 0.3692744 0.5895754
0.41636 0.1687786 0.2453189 0.4675231 0.3156467
0.8015687 0.02363081 0.912021 0.5191045 0.8314959
0.3173761 0.9294632 0.4411465 0.2799487 0.6437385
0.9893523 0.9472164 0.0188423 0.09416402 0.7303902
0.9200584 0.4865366 0.6574207 0.4573953 0.7483471
0.953414 0.6338147 0.861088 0.8209716 0.7060842
0.285766 0.8204205 0.1513618 0.3451014 0.8861057
0.8020249 0.8853455 0.8571799 0.0911477 0.6793433
0.4180046 0.2555417 0.4229824 0.3525597 0.1416584
0.2801156 0.3485008 0.2345149 0.5378159 0.6574878
0.6312034 0.1210863 0.6514523 0.6944019 0.9688656
0.3357241 0.4156527 0.1167796 0.5513548 0.2481107
0.889007 0.2451163 0.5276874 0.2983751 0.6661962
0.1061216 0.7852672 0.9708882 0.9390572 0.4538607
0.8831988 0.6433273 0.05344198 0.1905398 0.5386348
0.9591171 0.3835369 0.5282928 0.8814119 0.2366887
0.608739 0.9010803 0.1735943 0.7882714 0.06393849
0.8831502 0.3364362 0.5305658 0.4181487 0.448398
0.1985439 0.7285644 0.6423864 0.933317 0.1270812
0.5676304 0.5654168 0.4797837 0.8728251 0.8543075
0.01176304 0.6955631 0.4669935 0.1570812 0.7155042
0.6460113 0.5621043 0.5281746 0.09104008 0.3649319
0.3096414 0.9181238 0.1354219 0.5861369 0.07481213
0.7330365 0.6452194 0.3713426 0.246909 0.01236525
0.1845843 0.2627537 0.2616101 0.9206946 0.1685195
0.6982457 0.03693481 0.06080537 0.2751276 0.01331396
0.4399302 0.7733181 0.6200651 0.8754185 0.2204474
0.4387626 0.5200607 0.3311221 0.2984897 0.8857058
0.5619026 0.5697771 0.8217084 0.8414305 0.8401308
0.4287088 0.1319607 0.3515445 0.2650278 0.8929998
0.2708496 0.1110813 0.6519349 0.9465433 0.8323338
0.3369677 0.8124972 0.6306977 0.02988578 0.8728148
0.2524914 0.7371007 0.004000886 0.6562515 0.06285589
0.3870249 0.3170177 0.08057764 0.3809685 0.549475
0.6010515 0.537147 0.5464327 0.1372897 0.08342504
0.5108204 0.554993 0.9792694 0.4484929 0.2641365
0.8166977 0.7792091 0.3263642 0.4853393 0.5441819
0.801248 0.02689795 0.06547311 0.1673124 0.6963057
0.420546 0.6893369 0.05060038 0.4123828 0.454534
0.4712853 0.6078914 0.6460477 0.424683 0.2818376
0.2105653 0.8916032 0.2526272 0.03240916 0.1438637
0.1606601 0.03657844 0.7379575 0.05508462 0.2138335
0.8853753 0.3617209 0.6071804 0.8361528 0.8056138
0.8547135 0.4665464 0.9806086 0.009639053 0.5972148
0.5674362 0.3181463 0.2123099 0.2319395 0.1797219
0.4170202 0.5846189 0.6518334 0.2365391 0.2117131
0.6048194 0.907082 0.518652 0.7310108 0.6638374
0.9905728 0.6807626 0.4992238 0.894032 0.2418794
0.2254664 0.7206039 0.3674347 0.5285596 0.9114416
0.5256238 0.8432431 0.1375833 0.2404195 0.4723257
0.06869599 0.476736 0.07018628 0.7125433 0.6025678
0.09833614 0.6417401 0.9987315 0.2129953 0.3655558
0.1838452 0.01322401 0.9283047 0.114119 0.5178671
0.2239248 0.6911534 0.3570436 0.2570661 0.8328996
0.108495 0.165809 0.9576056 0.1427635 0.8797876
0.5615816 0.8973681 0.3924459 0.4424025 0.2621174
0.9728542 0.8885237 0.936161 0.8585701 0.3236526
0.9578861 0.4696269 0.2284459 0.8993373 0.7240942
0.5407465 0.7352764 0.4299876 0.03366989 0.07435139
0.7787479 0.2895763 0.5326164 0.06243342 0.770861
0.8486302 0.830682 0.2246986 0.6167888 0.07081117
0.7836652 0.633019 0.707871 0.4392452 0.5265448
0.6888777 0.8749194 0.3682289 0.9606986 0.2234078
0.1344179 0.3527116 0.2013052 0.6810433 0.01198222
0.8739093 0.2154837 0.7254564 0.3726621 0.850714
0.984512 0.5335765 0.6373445 0.2372202 0.8310168
0.3600436 0.1292334 0.6532865 0.967389 0.993268
0.9270251 0.4567378 0.6805552 0.9581528 0.04180445
0.9331278 0.4923433 0.2612653 0.09896629 0.8817117
0.9698179 0.9767491 0.5390833 0.7227302 0.6385751
0.6644744 0.2386367 0.8457082 0.6169582 0.2375746
0.09846958 0.2167926 0.6553186 0.3878585 0.8491604
0.8947261 0.0796399 0.05431468 0.04532252 0.3992573
0.491414 0.2274117 0.4481263 0.5319111 0.129215
0.4215562 0.5159628 0.6564053 0.7376243 0.5850617
0.5551724 0.647379 0.06022628 0.7712047 0.7224505
0.2100189 0.9502197 0.9784354 0.03038966 0.5737046
0.5091112 0.2736705 0.4333147 0.03074169 0.2500567
1 0.7674075 0.1339104 0.6289905 0.3180043
0.3608341 0.02537318 0.8040289 0.735297 0.6635502
0.7775943 0.1805561 0.599688 0.2828586 0.5373001
0.6095332 0.4465578 0.5187665 0.8038024 0.7693653
0.9402456 0.591397 0.3712557 0.5149147 0.4475547
0.2357303 0 0.6621187 0.4322176 0.3059162
0.127219 0.6500061 0.6231583 0.9052811 0.2026845
0.08848616 0.9959693 0.3693665 0.8127966 0.6022024
0.09936185 0.7121759 0.3239299 0.9378734 0.1857521
0.9474573 0.3439836 0.1880606 0.7728357 0.3641995
0.9895206 0.6810843 0.9513198 0.5286078 0.7310001
0.8484456 0.2064871 0.13736 0.3585272 0.7442149
0.4329587 0.620856 0.6140204 0.7352239 0.1329368
0.5874882 0.9366853 0.3268056 0.4063062 0.3945619
0.03841448 0.05044862 0.01502401 0.3954774 0.653187
0.9503245 0.449115 0.8365523 0.05762347 0.2512243
0.4743138 0.03880241 0.007971246 0.4148132 0.4255128
0.8056441 0.3815486 0.6318566 0.213271 0.8008229
0.5468141 0.5512995 0.9579667 0.785758 0.3161462
0.9876464 0.2353777 0.1829408 0.702546 0.3450733
0.05469917 0.4356023 0.8290798 0.730695 0.8256325
0.9305657 0.9557928 0.2408754 0.8507531 0.2277575
0.2082901 0.6062297 0.2762705 0.7010444 0.5721596
0.3962814 0.2427239 0.8805243 0.2797799 0.04296799
0.1522861 0.1109491 0.330467 0.5274774 0.4271424
0.4588525 0.7541703 0.9093338 0.5522351 0.2376391
0.5388583 0.9299121 0.2822408 0.6244302 0.2484775
0.8267095 0.2896167 0.2447575 0.2386951 0.1498583
0.8125296 0.3232918 0.3090041 0.7046299 0.2562096
0.005948932 0.6648706 0.8076529 0.03280494 0.6831846
0.9850544 0.5326004 0.1203929 0.8344374 0.05508278
0.701624 0.7592559 0.09069593 0.5868506 0.1687578
0.2347089 0.2847943 0.6716633 0.872778 0.5148279
0.737792 0.1227252 0.6070551 0.8117677 0.6196128
0.7922895 0.4334646 0.2223889 0.7022253 0.1842187
0.11611 0.9690685 0.8374458 0.9339189 0.4014999
0.1190542 0.4565783 0.4139956 0.9001495 0.8170243
0.5947078 0.9464044 0.9930849 0.6924482 0.6543225
0.8482942 0.02840038 0.1244523 0.7282096 0.09779857
0.5031813 0.4582348 0.0009273105 0.9802635 0.9639162
0.8695105 0.4572998 0.1427148 0.6276976 0.172039
0.4634493 0.06747576 0.7679542 0.3988361 0.3906011
0.8711549 0.2767947 0.837116 0.7142974 0.9013365
0.5279325 0.1012389 0.5724621 0.2693229 0.2366806
0.05485543 0.6912575 0.7830843 0.1667006 0.3699932
0.6274166 0.9064084 0.2533443 0.04144074 0.7729011
0.8708732 0.9644945 0.835274 0.5416377 0.1077185
0.9817295 0.9451515 0.6153665 0.3643902 0.0749841
0.8182617 0.07497863 0.1260241 0.5619334 0.22684
0.8138549 0.6992212 0.2052853 0.5791715 0.352168
0.6763856 0.116023 0.942821 0.3167147 0.758488
0.3789027 0.6338042 0.2755186 0.8008459 0.5801551
0.2001283 0.4183849 0.06462984 0.3662355 0.480481
0.7903076 0.6041907 0.05899472 0.6095501 0.09054055
0.6338667 0.002386243 0.1067917 0.907988 0.334761
0.8811818 0.3049912 0.005271105 0.429937 0.4817285
0.2663981 0.3058956 0.196332 0.09437156 0.4083997
0.8160918 0.2818578 0.008523565 0.4064142 0.9076687
0.5043649 0.1424902 0.4526957 0.2086971 0.9291063
0.3479763 0.4368007 0.7465245 0.4944203 0.4243026
0.7825674 0.2307432 0.02063332 0.8243655 0.6404096
0.05019034 0.8389785 0.938323 0.6365622 0.2467525
0.5238898 0.7693453 0.8576283 0.04544688 0.2005151
0.8945837 0.3791263 0.2385871 0.2639664 0.4236503
0.7707366 0.8449233 0.90822 0.6945342 0.3843146
0.01572719 0.8485428 0.8224043 0.1463255 0.6695196
0.1675142 0.5204422 0.4894409 0.4623669 0.3332354
0.8039025 0.07797583 0.09757929 0.6885608 0.2609819
0.1646208 0.2605404 0.5864803 0.5417055 0.7818169
0.6835084 0.06948671 0.8631585 0.327747 0.09395776
0.3688274 0.01439473 0.4286153 0.7879111 0.06410291
0.08694165 0.8050243 0.2008361 0.09704159 0.6198592
0.7835481 0.7220096 0.9351303 0.9044779 0.3624876
0.5384741 0.0877316 0.3690512 0.2655144 0.1050247
0.4168419 0.5695387 0.9628391 0.06182142 0.3924295
0.5460489 0.7913846 0.2827527 0.1813035 0.8207799
0.1734776 0.3940985 0.2196849 0.6810707 0.9417379
0.2438164 0.05536599 0.9605495 0.9727716 0.1292703
0.8276998 0.03379075 0.5684608 0.1474939 0.6579021
0.2010813 0.4876639 0.9276835 0.2736442 0.04907031
0.459556 0.335157 0.8846252 0.8543329 0.917711
0.8179451 0.6890998 0.5598648 0.1861034 0.9300784
0.9941189 0.5627422 0.4238203 0.78079 0.7937421
0.7432385 0.7932673 0.3823568 0.03953145 0.5047479
0.3831622 0.4475896 0.3864805 0.930615 0.1407337
0.08947232 0.6158346 0.3099068 0.4661242 0.4473228
0.004086653 0.5161942 0.279363 0.2046913 0.7775428
0.2212137 0.07494409 0.8119531 0.7815182 0.4170228
0.40886 0.590708 0.4742368 0.6318833 0.526648
0.3585027 0.6155579 0.7483389 0.2977946 0.6367573
0.2069937 0.9930603 0.8216107 0.1267767 0.1859707
0.5701963 0.9011114 0.7343573 0.07415248 0.3724119
0.4511532 0.05991656 0.8351726 0.8245107 0.1875678
0.09230973 0.8961398 0.2415357 0.7608212 0.357013
0.02986901 0.9196284 0.08766269 0.5628726 0.7928156
0.4998985 0.7352588 0.1262899 0.1418022 0.6140805
0.216153 0.6133458 0.6728813 0.1725935 0.1241104
0.5894631 0.7851838 0.8193501 0.5633663 0.2095051
0.733363 0.4911032 0.4630802 0.1083288 0.1406886
0.9806389 0.2479804 0.4218021 0.5596829 0.2287875
0.2381806 0.07547697 0.7315733 0.5545857 0.9623205
0.5300089 0.1560013 0.2297981 0.720459 0.187376
0.8979497 0.2955673 0.381759 0.5506952 0.1451415
0.6756058 0.3351563 0.717008 0.4646227 0.838712
0.7489202 0.4813238 0.682969 0.7482779 0.7308806
0.6184583 0.3386661 0.1580306 0.398961 0.1987331
0.6993607 0.5335333 0.665494 0.6477334 0.6324991
0.47263 0.2077686 0.9144853 0.8060673 0.4823353
0.7041457 0.600257 0.2087021 0.6856431 0.4991917
0.1299917 0.9541919 0.4169445 0.6795047 0.636043
0.2196995 0.9462934 0.3122806 0.5108742 0.3142058
0.2739216 0.5731858 0.7681752 0.4042389 0.9830965
0.1018652 0.8370645 0.9756145 0.9806227 0.8994207
0.7563172 0.2447793 0.5659386 0.03336814 0.2643082
0.5894445 0.7580859 0.4737406 0.6539751 0.4241882
0.278527 0.8889812 0.1581864 0.6744468 0.2227973
0.9320391 0.1801621 0.8805796 0.9600261 0.4162814
0.4838878 0.2760744 0.9082054 0.4360325 0.1381796
0.085841 0.2263124 0.9199792 0.6772432 0.2438809
0.3554036 0.6740935 0.8706249 0.4153856 0.8895498
0.6363813 0.4628583 0.3905342 0.107431 0.6353662
0.9804813 0.8930917 0.3111302 0.4058085 0.4145494
0.03739479 0.5020732 0.03645054 0.2640619 0.04854431
0.2743455 0.4544333 0.4389817 0.7298245 0.2120347
0.09332948 0.5662837 0.8810747 0.9954572 0.004421582
0.6661825 0.05631571 0.4290461 0.2560712 0.2809625
0.9284342 0.1962743 0.111192 0.0338711 0.6490809
0.9022799 0.1932689 0.564977 0.6814243 0.6734552
0.4337179 0.8186371 0.7848268 0.8624804 0.01741981
0.3533556 0.543737 0.03700841 0.2878971 0.06241825
0.8982615 0.7517388 0.6084439 0.3395748 0.6338189
0.1492734 0.3456989 0.1718444 0.2017262 0.7426338
0.2489521 0.4377486 0.4052108 0.933865 0.8319411
0.946215 0.9940517 0.1783934 0.6050741 0.05150719
0.2070907 0.03095151 0.352319 0.0697417 0.03002879
0.05705732 0.5202618 0.7170368 0.1751443 0.03658086
0.305374 0.8194974 0.119566 0.3331028 0.7719492
0.09809614 0.6528717 0.1279223 0.3602869 0.5821236
0.9227021 0.2194437 0.4941336 0.6107586 0.3698167
0.8977219 0.1855734 0.4876351 0.7115143 0.674884
0.7772352 0.08455003 0.5192388 0.4872108 0.7602395
0.7171818 0.1327092 0.3020423 0.5188785 0.4619365
0.7279785 0.5942106 0.2210818 0.6866835 0.5149883
0.08000017 0.8231758 0.8584463 0.7370627 0.2358788
0.01420412 0.3337374 0.1267924 0.7372211 0.9430824
0.6302263 0.6005652 0.1818901 0.6836992 0.460441
0.1176518 0.4952964 0.008807036 0.0009639659 0.8700852
0.6156034 0.0604443 0.7887563 0.09033507 0.3762858
0.07118568 0.9852055 0.7861461 0.3742816 0.9117973
