0.8536918 0.3536322 0.131141 0.06444606 0.2446663
0.6584105 0.3910552 0.3828123 0.7969427 0.8270289
0.4087959 0.9819182 0.4562706 0.2642134 0.5160996
0.2925847 0.948265 0.8664275 0.4402896 0.8385092
0.1906842 0.03642813 0.6203107 0.9788422 0.2569582
0.7771854 0.8345495 0.1611566 0.8846098 0.4591792
0.6873331 0.357376 0.2440681 0.410744 0.5737993
0.6769502 0.1263014 0.8929734 0.981294 0.3447404
0.9189067 0.003285615 0.4966931 0.2587268 0.8757497
0.4437809 0.6744319 0.07240689 0.8303275 0.3188779
0.2127328 0.793944 0.2216989 0.3319397 0.5202275
0.8741478 0.3038953 0.9727286 0.7684183 0.509305
0.7836757 0.2463663 0.5007042 0.04452196 0.3722584
0.2655229 0.1488678 0.7915996 0.9882844 0.2062417
0.1001808 0.7327787 0.9963536 0.05048587 0.2259697
0.002562414 0.7773819 0.281279 0.903971 0.3622968
0.5128618 0.04768682 0.2319176 0.3917587 0.1596231
0.255363 0.1640197 0.659891 0.5896423 0.1226217
0.7562797 0.6846798 0.009379881 0.3389073 0.163569
0.3637122 0.2782183 0.08970268 0.487767 0.960583
0.7646681 0.3550349 0.5255199 0.5144728 0.7532041
0.7755748 0.7198689 0.5513125 0.5856955 0.3928503
0.6881547 0.5228839 0.08811766 0.6728131 0.6706046
0.624007 0.3785201 0.8778166 0.8748305 0.6298216
0.7484257 0.01401383 0.8278188 0.6807063 0.3764389
0.5739252 0.2496488 0.7826216 0.2807652 0.7302196
0.2968655 0.5176175 0.5129935 0.1745561 0.06014999
0.3444174 0.3768736 0.100739 0.7254553 0.7108083
0.5530958 0.5101008 0.0553971 0.677382 0.3499216
0.5789768 0.8716515 0.2170787 0.838653 0.4048022
0.8911809 0.2998327 0.8853823 0.4287001 0.637654
0.7928264 0.2242776 0.6287918 0.8471018 0.8301635
0.1698901 0.08457564 0.8480192 0.4196541 0.9715458
0.3711095 0.1107453 0.5463293 0.2078124 0.806114
0.3668392 0.614962 0.9109775 0.2970062 0.6072241
0.341696 0.3252679 0.7830832 0.2438031 0.1354652
0.6381736 0.6816677 0.6623408 0.824807 0.581898
0.3276555 0.1208605 0.3277602 0.1560455 0.3377416
0.2529862 0.06417214 0.3349733 0.9939702 0.7182007
0.7616912 0.5705807 0.9514004 0.623741 0.6535539
0.640026 0.1549947 0.303259 0.7314285 0.8761591
0.2234792 0.8640426 0.3336025 0.6088017 0.5141135
0.4000019 0.1234212 0.6573153 0.3801251 0.4440407
0.13165 0.2510915 0.201055 0.5920928 0.506986
0.2775625 0.5696302 0.9236434 0.9505929 0.6818356
0.7882566 0.5372008 0.9239347 0.6089339 0.09825078
0.8566694 0.3144435 0.3708739 0.5645812 0.1118018
0.954115 0.07684069 0.4756507 0.01044256 0.7591931
0.7978588 0.1743594 0.692726 0.08936034 0.1999773
0.4428097 0.4260044 0.1699309 0.9590918 0.4872361
0.105839 0.168325 0.5784298 0.2582841 0.4517051
0.5507477 0.8985749 0.0006951816 0.6097976 0.02331806
0.1801192 0.8440719 0.1253378 0.7369861 0.2486554
0.2745233 0.8602357 0.5597029 0.4771688 0.1558542
0.9751789 0.4881409 0.3994401 0.9894737 0.02376306
0.08288415 0.5042687 0.2436979 0.880919 0.2028391
0.1245576 0.5919765 0.2400537 0.8151917 0.4932367
0.8615574 0.869592 0.9797005 0.1425201 0.9402655
0.5744289 0.9150256 0.7440535 0.1351158 0.9844915
0.3897798 0.4182708 0.3119779 0.9242021 0.5150693
0.4664572 0.7664269 0.6665689 0.2347099 0.7265084
0.5933451 0.4256889 0.1202526 0.2473835 0.9245145
0.2521011 0.5646308 0.1200123 0.6504914 0.8877025
0.2520595 0.6539093 0.9861137 0.5484671 0.8964356
0.7263034 0.3170676 0.3457265 0.2051415 0.002896406
0.2323481 0.9383368 0.2875949 0.9818645 0.1559648
0.7313327 0.848654 0.04977827 0.9363627 0.3145693
0.6990878 0.6056374 0.4792908 0.1102904 0.01943568
0.6587576 0.5407163 0.7292642 0.1663566 0.7360322
0.1220979 0.3610559 0.4194619 0.01773344 0.8028436
0.1357102 0.4074175 0.08971788 0.3709732 0.5960464
0.7109657 0.1605008 0.317402 0.3255503 0.8366822
0.9218344 0.6875971 0.4404598 0.4766688 0.9025623
0.8553783 0.07273363 0.3449254 0.7576743 0.352211
0.4495 0.167937 0.033004 0.4804396 0.7072818
0.6599583 0.2670802 0.3084434 0.2044124 0.9359202
0.04611649 0.09095981 0.4173774 0.4765401 0.8449238
0.8989487 0.0689365 0.62325 0.4950518 0.05259177
0.2969881 0.1987782 0.2019666 0.4061306 0.5873779
0.04012689 0.3135745 0.5785073 0.7164128 0.9361378
0.7785967 0.325882 0.01900307 0.1213831 0.3636336
0.9861108 0.1069544 0.2179624 0.5893138 0.06928452
0.9270676 0.9985737 0.7728456 0.2085053 0.1056616
0.9468876 0.6167446 0.6931587 0.08036574 0.815826
0.2391225 0.6229768 0.04175965 0.7844643 0.5392097
0.1631543 0.6090735 0.9045899 0.8555176 0.8611703
0.562758 0.6882337 0.01172592 0.4332042 0.404428
0.3438287 0.8354982 0.7716636 0.5028321 0.480404
0.4587832 0.2907023 0.830372 0.1920361 0.6502989
0.03075944 0.9301215 0.6235664 0.02855834 0.4012344
0.9406113 0.2757036 0.2233342 0.7172579 0.1398563
0.9703972 0.7242108 0.8060631 0.4649937 0.2227058
0.7984328 0.2871772 0.4880965 0.9579347 0.1473502
0.03497798 0.3375108 0.5522502 0.9634797 0.1393042
0.1585486 0.1023482 0.1007843 0.3530602 0.6956146
0.5000055 0.1809361 0.02735753 0.4328148 0.1301888
0.9496605 0.491259 0.3723321 0.02972856 0.3542879
0.6190996 0.1584139 0.2971856 0.5722389 0.7022728
0.9557991 0.5010509 0.2522859 0.08490902 0.03474709
0.06559122 0.05423191 0.1870307 0.04367782 0.2032529
0.6063722 0.2700257 0.1017193 0.8059058 0.2954058
0.9970166 0.2563392 0.1574214 0.3370024 0.8101723
0.566837 0.2837953 0.3729295 0.9164439 0.008458006
0.8434966 0.002432973 0.4504182 0.002132496 0.0699069
0.2271567 0.5013243 0.7119584 0.7572006 0.6441171
0.7388318 0.8461945 0.3698216 0.3287502 0.263555
0.7593016 0.1644001 0.4795726 0.7637571 0.9435463
0.006141083 0.2338914 0.09765597 0.9848657 0.7008629
0.4552022 0.06032943 0.3912997 0.007249291 0.4072891
0.3026086 0.1032386 0.5333226 0.7403452 0.05291694
0.5049473 0.7767146 0.4432741 0.3059873 0.5415383
0.002582472 0.5115689 0.8835302 0.1342426 0.3601361
0.1526326 0.2179193 0.7690026 0.5714128 0.01761599
0.4704094 0.9353114 0.813189 0.1336803 0.5616835
0.9325862 0.4138103 0.2428532 0.7506314 0.362998
0.8857888 0.12068 0.1596029 0.8172493 0.8213727
0.7171987 0.2351502 0.8538846 0.7447005 0.1953782
0.5514417 0.3432452 0.7483426 0.3897484 0.1050598
0.6653333 0.4486755 0.6606555 0.4905196 0.6693015
0.1191428 0.8459905 0.4473881 0.9686111 0.6626079
0.2959714 0.8142054 0.3758856 0.3860965 0.8397451
0.8813842 0.7855901 0.0525338 0.4559201 0.4051695
0.3072471 0.2672149 0.4211085 0.7715341 0.6937631
0.6507641 0.1337825 0.948733 0.5823171 0.715878
0.2872603 0.8420503 0.9550961 0.6103976 0.7098416
0.6718838 0.1936571 0.8828614 0.09300393 0.9809466
0.06426066 0.9551207 0.01866993 0.3332935 0.5398759
0.5871561 0.9506622 0.06467913 0.767037 0.925024
0.0330301 0.7389524 0.7304424 0.4819104 0.9623544
0.7202991 0.805744 0.7726783 0.54414 0.3960897
0.6047932 0.481215 0.4003642 0.3436729 0.9975351
0.01331542 0.341893 0.1504889 0.5352582 0.5507864
0.4415668 0.6920554 0.6115935 0.04923543 0.8785687
0.952461 0.9873912 0.1913586 0.8776022 0.04405538
0.06105201 0.7214718 0.4045688 0.4161433 0.8103522
0.3428167 0.3199474 0.959599 0.6867062 0.3935032
0.8112765 0.6448254 0.3259999 0.2438062 0.382868
0.1715732 0.9297806 0.5603324 0.6725834 0.827539
0.5951167 0.991855 0.3640925 0.921869 0.6507572
0.8743774 0.998999 0.07178351 0.672467 0.6878514
0.2802661 0.820636 0.3922114 0.05368534 0.4142684
0.1816769 0.5116049 0.9893226 0.1352065 0.7882083
0.9990726 0.6718213 0.8732229 0.6737191 0.08358473
0.5933172 0.2079552 0.4876948 0.1102942 0.5239128
0.2227368 0.3847668 0.7593593 0.3824619 0.8625383
0.9234875 0.9286439 0.970319 0.2178298 0.1582408
0.7752687 0.3040055 0.409692 0.002939318 0.6494823
0.8388951 0.4064445 0.8468266 0.02668687 0.3734587
0.8360482 0.7408643 0.2013994 0.1536769 0.3977027
0.2660121 0.7540853 0.2620866 0.8656032 0.1382703
0.9366005 0.9603486 0.9172623 0.3812473 0.2552587
0.6766299 0.3230332 0.06841114 0.909284 0.2823737
0.735585 0.7391272 0.1433514 0.2456532 0.1797021
0.1812906 0.650779 0.04742007 0.5166024 0.8554406
0.6804788 0.0498314 0.5469594 0.245027 0.8271214
0.4459217 0.6734198 0.2814426 0.8365531 0.9516396
0.6628885 0.221295 0.5511378 0.1653965 0.8492199
0.7010718 0.8596612 0.5442996 0.7988736 0.5697413
0.03556245 0.6849041 0.1817322 0.5452516 0.6549242
0.4773568 0.440393 0.09019381 0.6284442 0.7965351
0.6918816 0.6189916 0.806543 0.02009206 0.8463903
0.6502975 0.7538323 0.581664 0.3394515 0.3842204
0.02151044 0.03535482 0.3446665 0.9677841 0.08094128
0.2828766 0.5405748 0.5971172 0.7446676 0.1040158
0.415599 0.1870485 0.01326081 0.6303559 0.8167501
0.05269099 0.6111332 0.3174963 0.602737 0.2182969
0.7468271 0.06759849 0.5841976 0.1761868 0.512096
0.8748014 0.09565633 0.4058952 0.797767 0.2996821
0.05132 0.08923455 0.04316469 0.04584709 0.2386147
0.4466177 0.6863758 0.1341616 0.9221508 0.5449075
0.5589614 0.9715223 0.6815203 0.03954647 0.7726945
0.6407563 0.7803337 0.8873159 0.8012658 0.54219
0.2262616 0.8513291 0.9621912 0.009850169 0.6248801
0.0592114 0.2468196 0.6410054 0.9471426 0.3613244
0.9842763 0.1921 0.2446961 0.9593997 0.4328009
0.6005439 0.07456268 0.0647837 0.008247529 0.7926805
0.724271 0.01343935 0.4563166 0.7176447 0.9896356
0.4055012 0.814719 0.3574382 0.04770112 0.7646624
0.5541364 0.7435495 0.7314918 0.4352305 0.8356673
0.1393916 0.3103772 0.6696585 0.6393077 0.5055216
0.09828439 0.9485557 0.45297 0.9964726 0.2807197
0.9024463 0.1902677 0.7640797 0.5884996 0.4901836
0.1560268 0.06489315 0.8267865 0.7015674 0.1427351
0.8756471 0.904117 0.3785517 0.06269115 0.8857608
0.7958696 0.3229273 0.2247822 0.6025632 0.9041498
0.4336555 0.1038735 0.4681774 0.9746181 0.650908
0.02028154 0.1005942 0.568396 0.7469406 0.7337735
0.2632872 0.8456292 0.2055206 0.907846 0.514016
0.6225881 0.7838308 0.8169154 0.8676582 0.6281688
0.06307042 0.9667095 0.7455679 0.8283118 0.3009237
0.5888711 0.4404782 0.7661005 0.3916181 0.809921
0.9704073 0.7257329 0.5504499 0.9666402 0.8283415
0.783437 0.8964341 0.3080417 0.09238035 0.00236826
0.7269836 0.7723881 0.8694788 0.8796423 0.9990436
0.9537446 0.8657917 0.05643028 0.2461504 0.7906458
0.5096626 0.05629739 0.985737 0.5793517 0.7545463
0.7102748 0.5481123 0.2536208 0.7274862 0.4036158
0.9849517 0.1547229 0.1353951 0.838783 0.009295536
0.701153 0.3120907 0.8730252 0.1812472 0.553389
0.3225273 0.2700998 0.07289993 0.1122896 0.3073495
0.2164619 0.08649436 0.8342956 0.03109155 0.4927907
0.7133286 0.5095606 0.5560648 0.5396187 0.227748
0.4595012 0.4211828 1 0.7806635 0.6962882
0.7968261 0.4028879 0.9845828 0.9278377 0.6641641
0.9074524 0.6549286 0.3593162 0.3721276 0.4958917
0.964906 0.5362394 0.5782074 0.6610064 0.3902963
0.9971164 0.7064358 0.1316505 0.680832 0.9400735
0.2908116 0.545996 0.04198713 0.7124274 0.681669
0.648528 0.6872526 0.6331486 0.02878668 0.2470268
0.180781 0.4995452 0.5224879 0.1635692 0.2828774
0.7994298 0.6997735 0.6190904 0.7520534 0.7978534
0.2080746 0.4579163 0.02748079 0.2854886 0.03394997
0.3453543 0.9882136 0.617877 0.7389254 0.2121413
0.2264326 0.6359838 0.2487722 0.8886198 0.1481147
0.01813618 0.2176876 0.667807 0.9665568 0.4104851
0.2825516 0.9372074 0.9769739 0.3237698 0.3387819
0.8681263 0.7452694 0.6151794 0.3193503 0.5574527
0.2405511 0.7494469 0.2425825 0.6334445 0.5805845
0.5146848 0.6586939 0.7009585 0.7734909 0.8739226
0.8659459 0.1901836 0.05453707 0.7057908 0.2616284
0.9218516 0.8848942 0.751986 0.5382637 0.4992757
0.5058935 0.6065485 0.2578501 0.1127986 0.1749056
0.9960113 0.3467233 0.1307773 0.6681827 0.5620183
0.8915559 0.1798708 0.9394654 0.2079526 0.5997695
0.5207908 0.5360574 0.6946356 0.3185762 0.9239719
0.2057342 0.6626639 0.1044888 0.7810206 0.0293985
0.3831233 0.01516241 0.8900718 0.9870026 0.2945608
0.5766339 0.1310139 0.6730679 0.3002908 0.8006152
0.6045918 0.1525395 0.2436839 0.324476 0.2744785
0.9807339 0.5116333 0.08508411 0.2969777 0.3053682
0.644869 0.9087942 0.1083064 0.2141903 0.9842056
0.9037376 0.359892 0.2883547 0.5072553 0.8491618
0.2178174 0.3375152 0.442852 0.8071523 0.4794027
0.6310887 0.858763 0.3384611 0.7610547 0.1861381
0.4948145 0.2883004 0.2923517 0.3212194 0.2574768
0.161241 0.3057871 0.2730202 0.6732022 0.612782
0.3510268 0.3143342 0.1583662 0.7122194 0.7125189
0.4537844 0.8020878 0.6234832 0.05934478 0.09425442
0.3321882 0.4304686 0.4856347 0.8601896 0.06325121
0.4542989 0.08444344 0.7447013 0.07774516 0.4496744
0.7863813 0.8474149 0.6483099 0.9739109 0.8705643
0.1645599 0.06321811 0.1211273 0.3424167 0.7702027
0.7992079 0.9884068 0.5633542 0.2857309 0.8797024
0.7077234 0.3820086 0 0.9012954 0.669052
0.2642214 0.9438374 0.6776801 0.8755896 0.514541
0.1878657 0.9153282 0.552316 0.8639295 0.7376548
0.4476474 0.7011749 0.8061479 0.8266814 0.442469
0.3837219 0.3472336 0.6123096 0.7851977 0.3694629
0.2988816 0.6332238 0.7106185 0.6352294 0.8637028
0.1340684 0.1243339 0.9263061 0.9121089 0.61958
