0.3108916 0.6347718 0.2297517 0.5473385 0.6899222
0.04619222 0.1903473 0.1375375 0.9803956 0.288249
0.820037 0.6771659 0.6402895 0.9833523 0.1782967
0.2976467 0.6314231 0.3196368 0.9880705 0.12269
0.3539825 0.5832379 0.5457494 0.005046423 0.09061249
0.4276464 0.5248648 0.01488127 0.7518707 0.9462111
0.2163315 0.9208979 0.6938136 0.6459593 0.9881759
0.5463322 0.6984716 0.5627867 0.2772452 0.1179286
0.2431198 0.5993615 0.8377556 0.07553909 0.7659189
0.0866166 0.4163145 0.1308286 0.4255316 0.2352152
0.86553 0.2352493 0.4600282 0.002775144 0.5787755
0.3327113 0.4839776 0.8295584 0.9870714 0.630184
1 0.8898374 0.9438283 0.6646852 0.3055075
0.5817497 0.7521884 0.2399108 0.1118938 0.01098312
0.1160713 0.6120342 0.0997019 0.9858236 0.6142946
0.6222373 0.8679103 0.5248973 0.1886288 0.1238761
0.952143 0.1707902 0.2958934 0.004066419 0.9570768
0.09905338 0.7611251 0.1608906 0.6483917 0.1868311
0.966716 0.5497255 0.4620034 0.07281262 0.3619187
0.8129797 0.7567531 0.1679907 0.3807734 0.202249
0.8930475 0.6128373 0.5453375 0.820747 0.624282
0.7467428 0.4259643 0.9026541 0.8303186 0.5258895
0.96866 0.6077097 0.1457488 0.8309733 0.6723626
0.07878412 0.6363194 0.8162255 0.1603828 0.03577707
0.06306401 0.08229954 0.7550311 0.1289091 0.7064616
0.7322916 0.3284614 0.9291077 0.08619263 0.8367781
0.2542037 0.7362816 0.4703794 0.0910335 0.1673474
0.7927143 0.8734091 0.807886 0.7259286 0.1033122
0.4489449 0.2279998 0.6673937 0.5353416 0.3466302
0.2707729 0.8630695 0.543878 0.6422489 0.593083
0.2214493 0.576609 0.08566737 0.4064423 0.4577155
0.6654658 0.4302764 0.5977439 0.9695736 0.08434568
0.604348 0.3417236 0.5988971 0.3427914 0.3828953
0.5739082 0.4314273 0.3511647 0.6855684 0.7825293
0.8960354 0.2043999 0.906127 0.05357933 0.863572
0.2557397 0.7274947 0.01508958 0.1398419 0.1507804
0.3435204 0.6653874 0.8069423 0.180568 0.3824887
0.8286289 0.3249376 0.2708235 0.6045223 0.7812305
0.7655596 0.9885843 0.1985513 0.1058561 0.9787751
0.4931633 0.0205343 0.807285 0.9381995 0.3322281
0.7224426 0.2927487 0.8356351 0.6892324 0.5403824
0.2636765 0.7186353 0.9300344 0.1255357 0.9494803
0.6031922 0.5885574 0.4501141 0.6445303 0.1654173
0.9679734 0.6159551 0.5606967 0.7874167 0.2638715
0.5008795 0.5464613 0.5124684 0.888016 0.390331
0.5424877 0.2047879 0.06574371 0.6613549 0.1783418
0.8432417 0.9459167 0.3842885 0.4903473 0.2741966
0.6370154 0.3643221 0.03454538 0.4983067 0.9634389
0.1585692 0.7339237 0.2421703 0.4063826 0.8467445
0.8649082 0.8628065 0.6321678 0.3077856 0.5616063
0.2319097 0.4562884 0.2868036 0.9557385 0.558162
0.8228496 0.06394492 0.3326183 0.890611 0.6441239
0.8924484 0.675813 0.1516842 0.6293859 0.006613165
0.3919295 0.4378787 0.7716715 0.9267858 0.7780416
0.7055106 0.9576204 0.1005133 0.4696712 0.1368179
0.5820604 0.3880573 0.1833407 0.9298651 0.5809858
0.3948947 0.04931952 0.3403544 0.1799329 0.4810996
0.009947183 0.8164171 0.3875279 0.3404055 0.6516537
0.5797883 0.5265101 0.06996675 0.8684477 0.2522471
0.9505869 0.6201298 0.9355481 0.3465793 0.2889529
0.07663088 0.6089621 0.2677494 0.01675734 0.003483139
0.7228965 0.5159278 0.9630248 0.4754449 0.7576001
0.8632184 0.6181088 0.5560502 0.1363736 0.7406028
0.3636756 0.2746308 0.6402415 0.9541659 0.8606906
0.06949653 0.2587324 0.07843364 0.2110295 0.5798182
0.006071366 0.627665 0.6700354 0.9682997 0.3300444
0.7807337 0.9661908 0.01233557 0.7505615 0.6367112
0.8584335 0.8880895 0.9676565 0.1329694 0.5374767
0.959535 0.6345108 0.9068979 0.6159259 0.8323029
0.64416 0.8358794 0.8562355 0.1498803 0.9466074
0.6305682 0.7279593 0.3471378 0.9036543 0.574146
0.3301412 0.5629044 0.4955966 0.9486555 0.8163906
0.2816527 0.5580003 0.05797831 0.4673881 0.1621552
0.2217041 0.5471414 0.8808735 0.8282772 0.7611304
0.2938046 0.3393347 0.1726858 0.1481444 0.4984708
0.789594 0.7652427 0.4710393 0.5013837 0.1908175
0.8382102 0.6519971 0.3404622 0.495963 0.3570827
0.54902 0.550474 0.5869063 0.3129797 0.6560265
0.3740531 0.2392354 0.7340831 0.2436093 0.3354176
0.3676658 0.9186753 0.1749317 0.04685493 0.4512746
0.6179429 0.3594268 0.8802983 0.3939817 0.1039314
0.7205989 0.04950256 0.6544814 0.6116187 0.4230872
0.4649878 0.1233426 0.4831093 0.8392237 0.4866859
0.05017911 0.1202885 0.01009045 0.8467028 0.4431953
0.2305309 0.06987167 0.993676 0.2566482 0.7320849
0.01514625 0.6717108 0.8877488 0.08783781 0.5916466
0.04650086 0.407081 0.7499345 0.7326859 0.6020396
0.6203567 0.08501636 0.5846445 0.2173532 0.8693044
0.03032427 0.09153714 0.05168136 0.7114108 0.6153871
0.9832748 0.6134713 0.9484379 0.7235707 0.2928304
0.07428241 0.4534449 0.4417123 0.9292855 0.6294521
0.1844497 0.3043353 0.2266496 0.691817 0.2369735
0.5612274 0.9279175 0.6964538 0.404603 0.3281966
0.0422481 0.7694826 0.669199 0.7862713 0.5630616
0.2104499 0.7918834 0.7249525 0.05778951 0.6517289
0.9702793 0.9726714 0.9137465 0.5387829 0.1703682
0.07266286 0.7163109 0.09164284 0.5875859 0.9609418
0.3470822 0.6230173 0.1219025 0.4453459 0.2674916
0.112573 0.4171218 0.4301262 0.7498012 0.03061784
0.09568249 0.7146847 0.380209 0.3117499 0.7763093
0.4542754 0.01653982 0.2748841 0.06060776 0.1149457
0.6250609 0.9978421 0.3925628 0.4691438 0.3315554
0.2500974 0.5954599 0.2353923 0.4307975 0.6679792
0.5780853 0.4610572 0.2686849 0.3042116 0.5445717
0.3049932 0.0004864832 0.6088371 0.6741043 0.4056529
0.6254866 0.4096334 0.2524452 0.9094907 0.8912417
0.5783545 0.03980416 0.8807403 0.9498549 0.999364
0.0406961 0.4860244 0.8879431 0.001931022 0.7896077
0.417568 0.01941239 0.7401094 0.1284919 0.7101329
0.09932346 0 0.8252037 0.5649906 0.4837099
0.9148058 0.2662817 0.4410658 0.2207015 0.4455367
0.1719135 0.01569776 0.7133731 0.7381475 0.02586542
0.1160457 0.6130504 0.08216891 0.3198863 0.9502396
0.6318397 0.7164826 0.4450753 0.5026195 0.793187
0.2955442 0.04947101 0.1781393 0.7023544 0.09580004
0.4814588 0.781451 0.5212631 0.5025688 0.1497989
0.9447381 0.5077043 0.04214366 0.1578547 0.8520853
0.2560175 0.300735 0.9460923 0.1222236 0.04406721
0.4709807 0.2306265 0.3232286 0.8870239 0.963013
0.03075513 0.8575085 0.9609864 0.04592358 0.870093
0.5237357 0.9655938 0.06496227 0.3800588 0.6786952
0.7450959 0.4967609 0.9267492 0.6345736 0.3992489
0.7097966 0.3585953 0.9118176 0.9370523 0.2555481
0.1542917 0.9134013 0.9974269 0.7627188 0.6223635
0.5262851 0.4945917 0.8493842 0.1922958 0.1192442
0.7211955 0.8762484 0.04832823 0.4399454 0.3572726
0.494539 0.1028915 0.7749935 0.5095505 0.4815899
0.197848 0.7462976 0.374329 0.3169531 0.7135003
0.6954701 0.850701 0.8871367 0.3971389 0.06196484
0.661699 0.5356181 0.3674929 0.8930607 0.4436372
0.9857451 0.2105287 0.5517476 0.7035938 0.2105677
0.6210565 0.2897523 0.03264629 0.8613997 0.06101611
0.8543412 0.6977703 0.06653578 0.6619558 0.9596992
0.9169831 0.1468655 0.1388973 0.6041049 0.4270953
0.2285297 0.7238947 0.8355607 0.7163092 0.06063254
0.1803259 0.4856147 0.4792864 0.6659898 0.2599843
0.3295611 0.5356719 0.2114527 0.1292712 0.7704054
0.3441837 0.7321568 0.7920852 0.6413862 0.09167278
0.5552344 0.04096722 0.236266 0.4751277 0.3618475
0.4315835 0.4903056 0.9533451 0.2664156 0.1644167
0.6533199 0.06725518 0.344238 0.02794034 0.2774695
0.1923898 0.981557 0.5330755 0.525803 0.1536578
0.7012843 0.1884457 0.7125005 0.3109779 0.2849038
0.6999382 0.6903728 0.6343234 0.9761105 0.09284443
0.2612483 0.9433234 0.2593137 0.8441645 0.4699712
0.8923494 0.4202011 0.04323879 0.8726032 0.8658254
0.9605243 0.8487561 0.9688842 0.5918313 0.5696915
0.50483 0.2504813 0.8023057 0.8982286 0.8216378
0.8872474 0.4609739 0.5585608 0.4069491 0.203298
0.5627695 0.102157 0.7049167 0.9760426 0.6192602
0.8500713 0.04280879 0.9259174 0.9095614 0.4097243
0.1452989 0.7876548 0.5452831 0.1867507 0.9896099
0.5584126 0.3634863 0.9665785 0.03634168 0.9763659
0.2340079 0.0644392 0.7506299 0.04287407 0.8716232
0.1254775 0.7453006 0.5270904 0.2324897 0.1415185
0.6645005 0.3004007 0.3306139 0.8185513 0.7884945
0.07797369 0.8618835 0.9889904 0.5881543 0.1135866
0.7708746 0.3637629 0.9599752 0.5017179 0.4483767
0.06030116 0.265371 0.6202525 0.3229648 0.6057833
0.7983216 0.8819931 0.5829431 0.3068254 0.9007736
0.09263903 0.9830119 0.001564739 0.7332602 0.8984087
0.05657996 0.6206016 0.08172063 0.9232662 0.457402
0.7851686 0.5432741 0.6858297 0.4798204 0.1639944
0.9128708 0.3811009 0.5490746 0.1416556 0.4941785
0.3688258 0.292294 0.96827 0.6698756 0.8873441
0.1212013 0.117169 0.2803839 0.3843396 0.1513552
0.4143887 0.8913882 0.2578626 0.8164673 0.5936756
0.1935901 0.7149134 0.5886367 0.5563039 0.7656031
0.4470383 0.6033665 0.9913624 0.7405264 0.03561679
0.3957879 0.3100914 0.7483996 0.1954877 0.6941256
0.436016 0.2080457 0.731823 0.3597713 0.5833872
0.6517571 0.07475046 0.8922288 0.9449145 0.5432255
0.1790037 0.750819 0.6800447 0.01839275 0.7779572
0.9535199 0.5894035 0.9115849 0.09754492 0.7128667
0.6839109 0.3057573 0.7880123 0.7756997 0.117855
0.1157346 0.8430293 0.1149589 0.3437653 0.272685
0.09198247 0.1172559 0.1539872 0.3057843 0.2770862
0.1494717 0.8677189 0.07584064 0.8618389 0.2067563
0.6616993 0.8767309 0.3983128 0.008099016 0.6111407
0.4694468 0.8440746 0.6429284 0.7999092 0.2340232
0.7977754 0.9977431 0.5351221 0.444424 0.02405434
0.9353879 0.4963936 0.1520825 0.07953159 0.9783864
0.9361475 0.07064846 0.7276572 0.1975501 0.6565943
0.2914849 0.5846582 0.5749805 0.8203286 0.573172
0.02666658 0.08518408 0.2114785 0.2008095 0.7252777
0.8647671 0.3573791 0.4891777 0.7888026 0.8124428
0.1958766 0.6773147 0.2912663 0.6267735 0.1910412
0.05100496 0.9413925 0.4459618 0.4549485 0.217369
0.3603825 0.4987083 0.4066932 0.03183458 0.610563
0.5090787 0.05991649 0.9460638 0.6164696 0.4091399
0.3979405 0.05323268 0.05978877 0.1285608 0.6966193
0.4102671 0.8537054 0.1815487 0.8009993 0.4065579
0.5344193 0.625667 0.821853 0.9387275 0.7628753
0.7897253 0.5377374 0.3606518 0.5177498 0.2441339
0.4589872 0.5954574 0.5984697 0.01294847 0.2557305
0.1457312 0.3507657 0.558054 0.3394941 0.04444707
0.7931278 0.5254944 0.1552249 0.8515401 0.9626774
0.0770277 0.608239 0.09052689 0.2424555 0.9838491
0.3985108 0.007221645 0.9820791 0.5857259 0.1854655
0.8496949 0.5400437 0.1564959 0.8025682 0.7957517
0.07413115 0.3650643 0.7390346 0.7439633 0.2662897
0.622341 0.05440499 0.3692721 0.7530227 0.7326693
0.1663675 0.3771663 0.9140532 0.3683297 0.1740775
0.760665 0.4060745 0.9834776 0.5405518 0.276555
0.5604439 0.8002511 0.9823222 0.9892959 0.6331259
0.8823593 0.9158755 0.207818 0.8315013 0.2662253
0.03221752 0.9485087 0.6455636 0.7869698 0.8918998
0.35488 0.018863 0.2701182 0.682423 0.1024147
0.4835425 0.9743075 0.3470932 0.73226 0.289378
0.3794882 0.6364994 0.2117479 0.3297924 0.03131251
0.8903107 0.6828905 0.6491111 0.9572149 0.9178643
0.1991121 0.5238547 0.6780633 0.909437 0.5515778
0.8515633 0.3120189 0.9647167 0.8127868 0.2498411
0.7830384 0.2112603 0.3035105 0.6801295 0.7835353
0.9517402 0.9910853 0.6855725 0.02352767 0.5084534
0.6039171 0.8116868 0.5223241 0.9585056 0.7745636
0.2874345 0.6838533 0.5599675 0.1975587 0.3781523
0.5997454 0.5070568 0.5305205 0.1351912 0.3436893
0.9629766 0.646617 0.127516 0.4734364 0.1884883
0.09944771 0.2549373 0.6513571 0.5078413 0.7352137
0.9750106 0.4856671 0.9190653 0.7468288 0.4068092
0.02450216 0.8518415 0.1360915 0.9019285 0.1731852
0.2687436 0.3748369 0.6617993 0.8535815 0.729929
0.7793564 0.4530774 0.8941274 0.6413917 0.162232
0.4626858 0.4592167 0.6090997 0.9600014 0.1503773
0.6845178 0.6460686 0.720693 0.5164798 0.9878651
0.5827592 0.8392128 0.01819631 0.72078 0.3671695
0.6940481 0.008916225 0.9499878 0.3616058 0.9335265
0.1726536 0.6281021 0.5238038 0.5231923 0.5702506
0.629709 0.1564448 0.5392288 0.4983084 0.6809206
0.1985876 0.2906895 0.7018539 0.1542376 0.753217
0.7260001 0.5805531 0.8957345 0.7158929 0.07760183
0.3476837 0.1379214 0.5810146 0.242142 0.7799179
0.03483916 0.6895132 0.1514286 0.02335159 0.3054184
0.6460693 0.769609 0.5887026 0.8509726 0.8121528
0.5107367 0.5228222 0.8894925 0.0006520935 0.1979957
0.4161122 0.1044563 0.1895228 0.7898032 0.3584794
0.2470398 0.5429349 0.0382912 0.1727297 0.4543693
0.6049963 0.4241513 0.4800714 0.2029438 0.6428087
0.3275384 0.3801825 0.4566024 0.5872005 0.2727163
0.0750889 0.7261816 0.5422497 0.5122122 0.3435412
0.9547158 0.7507998 0.2285797 0.4399592 0.8477591
0.370702 0.8643974 0.147591 0.6893364 0.3275112
0.07269937 0.3007855 0.7998365 0.6816395 0.1291945
0.3635673 0.5057254 0.3414368 0.628944 0.6504041
0.3349971 0.2371231 0.1202855 0.3011779 0.09657362
0.6812917 0.202905 0.445317 0.5061563 0.91338
0.0390839 0.4907532 0.4004133 0.9021864 0.8718438
0.9884397 0.8792069 0.4194822 0.2062579 0.1782007
0.4131002 0.08046264 0.3281623 0.6918642 0.7654208
