0.6122077 0.6118476 0.6339759 0.255654 0.2686365
0.1746093 0.4098964 0.7757797 0.772102 0.359233
0.8165349 0.9601478 0.5761479 0.4086019 0.7462474
0.5398932 0.1182739 0.9725904 0.2228976 0.7032651
0.2287977 0.05043453 0.7208653 0.03227923 0.5430035
0.6402246 0.9897757 0.8638812 0.5156793 0.07849155
0.9227377 0.6658017 0.7641002 0.7075938 0.3579616
0.2781218 0.3248281 0.9442745 0.701835 0.9010997
0.6735477 0.1475204 0.5064462 0.2439367 0.34468
0.8189094 0.8476606 0.3904012 0.1836296 0.7612194
0.6751188 0.1024151 0.217785 0.3250458 0.5997989
0.5567078 0.1466305 0.4623938 0.3207755 0.2867971
0.0804908 0.2378476 0.1731715 0.6216295 0.6511002
0.5565352 0.3370507 0.7500434 0.6296578 0.4631561
0.4450119 0.6657883 0.01960189 0.7857618 0.06168801
0.7666963 0.3638778 0.209336 0.9204596 0.3624817
0.9471339 0.05263822 0.8097887 0.05776012 0.263084
0.4546307 0.2194045 0.7119449 0.6350261 0.9581832
0.4389249 0.7740943 0.9376105 0.1774196 0.2788482
0.09914676 0.9295796 0.621421 0.2274351 0.4545704
0.354666 0.6625355 0.7517095 0.8711979 0.143182
0.5848943 0.4421812 0.04872571 0.5795859 0.9610738
0.8131288 0.7938062 0.3356302 0.8463218 0.03461904
0.2997428 0.5796038 0.7638079 0.7582832 0.5419499
0.2961145 0.4742804 0.3202446 0.6638263 0.8803547
0.9949107 0.8374185 0.4525626 0.4188353 0.1426708
0.1662284 0.3492456 0.4086053 0.3502651 0.46492
0.5418832 0.6562523 0.6238133 0.8028935 0.373749
0.8390197 0.6134942 0.2378267 0.3445945 0.884727
0.3654834 0.2399693 0.3516939 0.823517 0.1543546
0.4726183 0.544119 0.6442006 0.03963439 0.3845261
0.5574502 0.5070446 0.3693425 0.04475719 0.9883374
0.6720117 0.5189592 0.7838271 0.9284473 0.1049815
0.7323868 0.9200386 0.2478436 0.2723762 0.8369323
0.8562739 0.675106 0.6550751 0.1118746 0.9400037
0.1523719 0.8977073 0.6428504 0.5036295 0.8714111
0.6226932 0.8922441 0.6272324 0.5205285 0.2784264
0.9146182 0.4001193 0.8812695 0.1628727 0.02663696
0.2734329 0.02278199 0.2188327 0.7986898 0.5570701
0.07393354 0.5892531 0.4424496 0.451425 0.8584344
0.2135731 0.1145149 0.6867837 0.9381048 0.9231858
0.2494727 0.5301165 0.5201629 0.1320711 0.7968193
0.7315139 0.05431736 0.43226 0.3993851 0.9349886
0.3151307 0 0.6940589 0.9874827 0.6803005
0.005337406 0.02007894 0.9012626 0.181936 0.8697885
0.8785936 0.3617111 0.907206 0.9781899 0.496295
0.9362732 0.2862488 0.2464573 0.125428 0.729211
0.2298484 0.1347866 0.9232711 0.6078747 0.6235851
0.8533091 0.6244229 0.08006607 0.1025828 0.6792708
0.7654075 0.5152395 0.8888036 0.4846831 0.916037
0.2251736 0.3440821 0.3782105 0.3201536 0.4397745
0.6161289 0.7948057 0.8698732 0.3098484 0.5744046
0.7080189 0.1591924 0.342784 0.9820399 0.1386171
0.04667376 0.3389795 0.8043594 0.8038456 0.4007929
0.584373 0.3201671 0.1471567 0.5323033 0.2691116
0.2382214 0.02041694 0.9274824 0.07444872 0.1026002
0.7926371 0.4340644 0.02399771 0.741734 0.9135398
0.5634342 0.9737533 0.2906633 0.4210756 0.9758453
0.05727244 0.07566943 0.4731824 0.5610759 0.04585399
0.04050991 0.4949278 0.58679 0.5444222 0.8460035
0.4538354 0.4697275 0.7594342 0.7276942 0.5587478
0.1951922 0.3260544 0.3324865 0.5336177 0.2988359
0.9403187 0.3467432 0.3018914 0.5333093 0.1080303
0.6627968 0.7326391 0.9769199 0.4848618 0.1453375
0.2069903 0.6807172 0.5942985 0.1863386 0.2690002
0.9184146 0.134514 0.1460725 0.7573224 0.7175697
0.4757574 0.308377 0.7119809 0.8750071 0.6325094
0.08835533 0.8663507 0.8324022 0.7187544 0.1284117
0.4951331 0.4053475 0.4662391 0.1579478 0.4605129
0.07744852 0.07394311 0.189915 0.6969059 0.06141162
0.922103 0.4030506 0.2631951 0.08974567 0.320093
0.22786 0.3062194 0.1007808 0.8132704 0.3680364
0.3034515 0.2279542 0.25943 0.1729257 0.9068065
0.9074988 0.3106758 0.1010435 0.4900551 0.7411528
0.6348697 0.9952948 0.05568704 0.8303681 0.5609316
0.1925651 0.3641772 0.8566967 0.6720613 0.5621443
0.3680149 0.9695028 0.3579919 0.3863127 0.1758651
0.1197764 0.6480667 0.993279 0.8922524 0.6461886
0.5786685 0.1466638 0.6855724 0.1750855 0.3994929
0.002147124 0.8865437 0.006349581 0.9607475 0.8848016
0.6807858 0.6513232 0.3300259 0.7924239 0.1746758
0.9673363 0.6836046 0.2700831 0.8543328 0.08676429
0.996589 0.1047976 0.6257477 0.6285963 0.246422
0.159707 0.2871857 0.3617416 0.9186604 0.3528068
0.2363485 0.6631501 0.5700639 0.1086894 0.1819515
0.2892044 0.4150947 0.9891331 0.2268048 0.2354416
0.479912 0.700395 0.9733006 0.8752529 0.8454738
0.9564092 0.6729238 0.8643131 0.7377145 0.2082041
0.858936 0.126932 0.1634244 0.9654522 0.8449265
0.8730791 0.2364636 0.6865157 0.5717138 0.5990199
0.1101084 0.3353845 0.9946065 0.269685 0.6002689
0.830904 0.8775458 0.6832767 0.7796117 0.7024548
0.07153062 0.9675113 0.3721589 0.3228572 0.7010235
0.08381717 0.9486515 0.9892917 0.9278069 0.7342252
0.8739503 0.7307714 0.2636088 0.5352843 0.4852216
0.7973212 0.7348248 0.9716614 0.93473 0.4651788
0.2301618 0.7554709 0.2818931 0.2834184 0.1521077
0.2038543 0.3141424 0.711046 0.01720086 0.404096
0.8191026 0.02841977 0.07691841 0.4243575 0.467199
0.1870976 0.5868954 0.9021616 0.4860986 0.05733615
0.9798622 0.1242105 0.8535503 0.2199664 0.5179125
0.01341562 0.5161658 0.3788708 0.3607989 0.528997
0.3203558 0.5457908 0.3983712 0.3454576 0.3403142
0.7833042 0.3931004 0.2450081 0.346911 0.0908852
0.5282941 0.6264631 0.7760092 0.9377273 0.5155484
0.1342315 0.04191066 0.7489307 0.2943787 0.7026567
0.9450787 0.9013523 0.4645896 0.7289309 0.8956468
0.584606 0.4690164 0.3549226 0.6711828 0.4741105
0.5718967 0.5420928 0.3552938 0.4816697 0.9122926
0.6148251 0.750259 0.6240673 0.3961608 0.9771785
0.9166752 0.9228028 0.7257082 0.6935547 0.7843198
0.4294227 0.655435 0.7758907 0.6612622 0.5853466
0.09422798 0.08536246 0.8482896 0.3976641 0.433926
0.1233345 0.449923 0.2599353 0.4587779 0.3145351
0.1934817 0.4249823 0.3142254 0.2947449 0.6140784
0.0360669 0.6321003 0.5382202 0.7392319 0.06293142
0.4525584 0.1931073 0.880352 0.8683989 0.5831055
0.7617769 0.7566761 0.1486838 0.6299957 0.4729769
0.1330877 0.4025159 0.9909675 0.2985761 0.9749535
0.5686989 0.8674004 0.6583618 0.9317519 0.9677751
0.3876203 0.8285012 0.3560423 0.3780489 0.1234524
0.3834773 0.105472 0.3302936 0.2739324 0.4490718
0.7805855 0.5772826 0.7093222 0.8426147 0.3698897
0.2226823 0.07609363 0.7329933 0.3113956 0.4908912
0.9924616 0.1876838 0.8567427 0.4242872 0.39586
0.3117742 0.9566621 0.8836721 0.2819958 0.6715401
0.07151433 0.6348306 0.6924855 0.8794546 0.3910752
0.4571956 0.2445461 0.3708336 0.6398247 0.8984681
0.5189615 0.4505075 0.2884724 0.5768901 0.1845337
0.95763 0.9359064 0.4464743 0.2200699 0.2119966
0.05933669 0.3793198 0.5501386 0.721663 0.09628039
0.3268064 0.7386645 0.2513641 0.2739213 0.299594
0.923315 0.9745833 0.6127603 0.331207 0.334944
0.5772027 0.9031797 0.2986221 0.3130375 0.7404539
0.897765 0.2346766 0.230446 0.08860775 0.2994719
0.6130417 0.0727181 0.4757622 0.5067884 0.8140768
0.9589309 0.5604828 0.09031444 0.7274439 0.9520423
0.8405468 0.764261 0.735131 0.4377125 0.05186831
0.8372219 0.3294611 0.224049 0.2308254 0.9409375
0.7444155 0.0009776324 0.7374222 0.0226872 0.1606351
0.1077932 0.7216928 0.1628219 0.489839 0.7646965
0.9332207 0.8419878 0.8957436 0.4205617 0.01305234
0.2032174 0.5574054 0.6965417 0.5557641 0.5861163
0.8035731 0.4546254 0.8784849 0.43696 0.09696396
0.7031837 0.6025358 0.7047746 0.5951271 0.2571146
0.9548652 0.4593185 0.2181918 0.7543505 0.9240998
0.09886261 0.1470417 0.8280606 0.66788 0.4663706
0.370848 0.9924481 0.319374 0.9478228 0.3756058
0.5884894 0.7801284 0.731993 0.3620071 0.6190173
0.2392953 0.3131428 0.4752141 0.2254302 0.490802
0.5875113 0.101147 0.5326821 0.4810817 0.7210092
0.01670742 0.7184991 0.5453044 0.737553 0.2476163
0.9940536 0.8381398 0.2471788 0.652125 0.9994732
0.6206912 0.8085576 0.9637173 0.324699 0.5277389
0.612345 0.485712 0.6078885 0.4608674 0.4691735
0.02081738 0.2217558 0.7859522 0.2812172 0.6869283
0.8055586 0.7146812 0.2889489 0.6141033 0.9149261
0.1399381 0.5341591 0.3983725 0.5054791 0.007997453
0.3173098 0.5704278 0.3663484 0.02310595 0.2038626
0.8752276 0.5296421 0.6583031 0.5023689 0.9592551
0.8550014 0.1916915 0.9386799 0.4294253 0.05078347
0.8749907 0.2174023 0.2944293 0.5209817 0.4780181
0.5069288 0.5655773 0.7966481 0.2153098 0.2842981
0.4359254 0.7127107 0.3114596 0.5188843 0.3593036
0.7082155 0.4017476 0.5940334 0.5671943 0.05454129
0.7922747 0.5514795 0.2464385 0.4018018 0.7878607
0.4191978 0.2386794 0.4918315 0.3857961 0.3955117
0.01174146 0.0931805 0.5936157 0.5959759 0.302497
0.877479 0.08430613 0.91231 0.8829487 0.9034377
0.6414543 0.7693413 0.6218573 0.093729 0.5199906
0.8930321 0.2635072 0.5923158 0.4755199 0.5453526
0.4458358 0.078559 0.2264433 0.7886984 0.7267819
0.8893184 0.3687523 0.8749371 0.2556114 0.4804959
0.6651845 0.9420506 0.02432697 0.7158367 0.7734702
0.5132961 0.9140208 0.406669 0.5536295 0.827563
0.2107451 0.6414997 0.4393679 0.2248759 0.9083667
0.1106647 0.2793378 0.03680526 0.1605004 0.7213136
0.5921373 0.6686014 0.2895428 0.7637452 0.003162018
0.8881922 0.3024883 0.8216053 0.9680615 0.6838731
0.1981722 0.6311162 0.3292172 0.03442258 0.821212
0.4149851 0.9645008 0.7653352 0.1893379 0.8257899
0.8019816 0.456927 0.4045737 0.6712194 0.7502839
0.6422 0.8062881 0.6333488 0.8919656 0.9710861
0.7500847 0.6874637 0.942221 0.4051702 0.6141581
0.2820355 0.1433663 0.01575933 0.08427486 0.680758
0.4888683 0.0296412 0.5448127 0.01758349 0.5284084
0.1550131 0.7554001 0.6112912 0.2196682 0.2950295
0.06672397 0.7105939 0.8539853 0.3475742 0.2164795
0.4230802 0.1605662 0.7980966 0.1545966 0.8579079
0.08399777 0.2511295 0.3852631 0.9404621 0.5824593
0.7865577 0.8202118 0.5077888 0.8928421 0.2455879
0.6185442 0.5264194 0.6988549 0.6006336 0.999864
0.5881903 0.508048 0.6451385 0.5776703 0.5297509
0.8810521 0.558651 0.02580957 0.7582088 0.3769435
0.8331003 0.1036748 0.5894956 0.08793235 0.9201183
0.6287956 0.7066793 0.6587547 0.07012378 0.2885418
0.1025514 0.579755 0.5454322 0.8680838 0.7940134
0.2903262 0.6921768 0.6175863 0.4878178 0.4868068
0.8834347 0.003647617 0.1471417 0.5647196 0.711172
0.06855527 0.8471102 0.09479978 0.4381529 0.09102732
0.4541068 0.5552608 0.4372153 0.1975904 0.747149
0.009091851 0.9310107 0.01577817 0.7081555 0.6712834
1 0.3772903 0.5794317 0.256429 0.3364434
0.5394248 0.7861008 0.1590124 0.7294046 0.09240111
0.2223947 0.9824241 0.6602743 0.1252922 0.567924
0.3638321 0.7082401 0.02542508 0.9868892 0.6510654
0.1469224 0.5806727 0.8202105 0.3574016 0.8265436
0.6180382 0.06643576 0.2143612 0.2370434 0.7306699
0.4135799 0.6521144 0.422075 0.2739681 0.9739282
0.02477071 0.2506277 0.849512 0.4646027 0.7622755
0.6419173 0.9547618 0.7933343 0.0719683 0.8156713
0.2187139 0.4247416 0.3016425 0.01797823 0.5047562
0.6158878 0.8221624 0.5902456 0.999587 0.3518622
0.4561459 0.7161739 0.8353353 0.1946212 0.7753639
0.3895463 0.4046577 0.4474792 0.9546267 0.225829
0.7304974 0.6950658 0.5223921 0.467592 0.4178431
0.5204779 0.729841 0.09286767 0.3444195 0.09092702
0.9794196 0.6152188 0.03980774 0.08163186 0.003284998
0.258995 0.3555062 0.500399 0.9559779 0.5136575
0.1458707 0.3654632 0.6952421 0.04880205 0.8470387
0.6616481 0.2003476 0.3457444 0.2068787 0.4778443
0.3573283 0.4711118 0.6192353 0.02559043 0.16738
0.473775 0.1165431 0.2162752 0.1969946 0.07436918
0.9205766 0.04603028 0.9336072 0.407614 0.7043554
0.3457286 0.3713068 0.5013738 0.7568537 0.02917031
0.9529979 0.2073505 0.9532924 0.4904466 0.584803
0.8806298 0.7358913 0.3710452 0.6627151 0.8989986
0.023014 0.3193107 0.8203821 0.4216762 0.7654969
0.5998495 0.7056501 0.7942433 0.02913777 0.3165139
0.6912634 0.2342066 0.8491572 0.7041659 0.9356177
0.4836983 0.06061522 0.9263781 0.4220212 0.2834259
0.9405984 0.8248302 0.5064936 0.2861306 0.6647805
0.2130813 0.2958156 0.4152558 0.6710909 0.6656383
0.6094986 0.940596 0.5713719 0.8013523 0.1205643
0.03963121 0.4277249 0.3696131 0.8098616 0.03216938
0.8281193 0.7249715 0.2244988 0.07121795 0.4267771
0.02553244 0.3999553 0.8454921 0.203186 0.8982216
0.09462552 0.05520027 0.5328243 0.8539155 0.06532869
0.7526007 0.7658192 0.585825 0.6632823 0.4019181
0.3792907 0.4460029 0.452752 0.1324865 0.2486949
0.09443731 0.656182 0.3373259 0.3150282 0.3266744
0.858147 0.6440914 0.305083 0.464657 0.8644313
0.178684 0.6913008 0.2749988 0.7530883 0.3908899
0.07030257 0.1325444 0.9454048 0.502664 0.5819383
0.9915323 0.460939 0.1577026 0.4817788 0.7147558
0.7026471 0.2802049 0.8920079 0.892796 0.55571
0.01632657 0.3816272 0.3808833 0.4631412 0.49461
0.5555797 0.5213483 0.4842136 0.9978263 0.7333493
0.1163562 0.4392454 0.3140765 0.9193069 0.7424566
0.1933436 0.4832275 0.4074985 0.05466267 0.879599
