0.4412661 0.8706466 0.6055377 0.6440661 0.5933392
0.2106968 0.6149695 0.1570561 0.6296332 0.7560739
0.7209962 0.6918828 0.9616552 0.2030453 0.4759678
0.9145183 0.2107311 0.01767924 0.4290544 0.5046255
0.624708 0.2175041 0.2258505 0.1321881 0.1474242
0.8981921 0.08090142 0.1968695 0.9236951 0.3006791
0.02790803 0.2575963 0.7854901 0.4826253 0.9998439
0.1191875 0.3322012 0.5127433 0.0206152 0.2450976
0.2014315 0.2119214 0.09573119 0.04145538 0.1410918
0.162631 0.7016108 0.7127528 0.465312 0.4838821
0.845451 0.6430663 0.7568985 0.05315527 0.3081938
0.08349729 0.1983487 0.878236 0.3083952 0.5153372
0.6774556 0.8334985 0.9500995 0.584883 0.352897
0.06281039 0.2901115 0.2886817 0.680735 0.9385061
0.07780213 0.713552 0.1638644 0.4494882 0.7490888
0.03032225 0.8650519 0.01224095 0.3091113 0.4851204
0.9808107 0.9314212 0.9280861 0.2899132 0.3108808
0.3425053 0.4969565 0.6885929 0.33597 0.6645626
0.1926898 0.3862799 0.8707706 0.9268112 0.7645887
0.128878 0.1072663 0.9492375 0.9176438 0.6757898
0.2358967 0.6240992 0.03268259 0.367213 0.5795803
0.3305974 0.226483 0.2811882 0.5805418 0.6317445
0.9077077 0.7226311 0.7272731 0.8139618 0.1514631
0.5797355 0.3047519 0.09233167 0.4187868 0.4272199
0.2447119 0.2846434 0.3363622 0.3832682 0.6010507
0.7826974 0.1799565 0.7910157 0.2769436 0.4436991
0.1143648 0.8898816 0.5538878 0.959598 0.02537473
0.6049063 0.6390917 0.4898407 0.3921718 0.6620613
0.03321258 0.5169554 0.1093798 0.92036 0.1453524
0.1720745 0.3994554 0.3542565 0.8394399 0.7586077
0.7724287 0.2830447 0.455349 0.3185597 0.2453317
0.663099 0.3221465 0.425691 0.2984993 0.05581624
0.6334305 0.1728192 0.1531544 0.09363112 0.7134352
0.7420887 0.6232211 0.03474944 0.3063851 0.1659968
0.8446049 0.7406092 0.3952863 0.6711883 0.3527091
0.8508461 0.00691161 0.3424827 0.1346235 0.5638629
0.3102896 0.6739053 0.3817352 0.727419 0.4440643
0.2791179 0.9088749 0.56665 0.340713 0.9557293
0.09078866 0.7102885 0.4743425 0.9807643 0.8538067
0.7692785 0.9327211 0.3560741 0.838282 0.2406553
0.7756471 0.4363852 0.5188433 0.2095845 0.373023
0.2956047 0.7006812 0.672888 0.3020064 0.6603024
0.07145073 0.7140597 0.6215489 0.1559533 0.1147247
0.5761733 0.2101437 0.6784921 0.1889475 0.5375784
0.03871241 0.5767372 0.04400822 0.5017497 0.4933856
0.06379065 0.3909741 0.5623392 0.5767083 0.7436893
0.5561175 0.397045 0.7117511 0.1524168 0.7279414
0.7013052 0.4329041 0.2627796 0.952914 0.526059
0.9931479 0.9532395 0.6397411 0.2998844 0.5184363
0.6313218 0.9950524 0.237409 0.3983913 0.2075119
0.8850249 0.1947923 0.02119114 0.7218531 0.2510343
0.2372097 0.8899716 0.4901678 0.5280892 0.6812221
0.5114421 0.1426563 0.3604022 0.4379719 0.1780776
0.6123645 0.1135473 0.1251462 0.5896092 0.5919737
0.7457865 0.3269751 0.5254094 0.3779135 0.4427011
0.3622661 0.2527911 0.9278028 0.8703614 0.7132067
0.5280234 0.01416955 0.9813818 0.934656 0.9490307
0.7980022 0.5389092 0.03768853 0.248035 0.5594247
0.8260462 0.06471705 0.3650064 0.8253257 0.7658397
0.5361276 0.8154711 0.6589393 0.3456675 0.05039812
0.09160816 0.8043174 0.3985698 0.4936115 0.7346368
0.4709967 0.7477665 0.291442 0.9639481 0.1113243
0.9950258 0.5342982 0.9614164 0.4611304 0.7691236
0.03423278 0.222621 0.9033297 0.9144507 0.451806
0.2227441 0.1915286 0.4661286 0.5958691 0.3373703
0.1911152 0.8386246 0.1816564 0.4083707 0.4389169
0.529671 0.4685894 0.3245746 0.4989952 0.2939912
0.7451295 0.4056604 0.3504328 0.5421223 0.7673973
0.9650207 0.6350638 0.2450837 0.2384976 0.01999892
0.1166219 0.9363591 0.3523707 0.7234239 0.9654401
0.9100839 0.2412753 0.08876842 0.834728 0.6994127
0.9827076 0.4707971 0.5524718 0.06618229 0.648937
0.6312424 0.4911882 0.7236165 0.7648821 0.2832608
0.6968313 0.3344948 0.8810241 0.8459285 0.8107592
0.2816156 0.7014332 0.6940214 0.7808203 0.206475
0.6977999 0.2733139 0.4931172 0.6305078 0.3217116
0.05842507 0.6228465 0.8058401 0.6865436 0.2546603
0.4691889 0.2463383 0.7697776 0.0515776 0.9282667
0.1757139 0.3823825 0.857225 0.0281325 0.7593967
0.7633892 0.4299862 0.05310966 0.2377138 0.289923
0.3947242 0.5311714 0.3810391 0.1684767 0.5093394
0.2951878 0.7328058 0.840689 0.6609566 0.7344895
0.8402423 0.7160674 0.6881727 0.1698595 0.7571387
0.6578449 0.464826 0.9336324 0.3489622 0.5316792
0.8122055 0.02180361 0.6618625 0.2503824 0.9639663
0.5057908 0.5020038 0.4624813 0.8728808 0.5411068
0.4531486 0.7428096 0.6100312 0.0491721 0.6176705
0.3620116 0.4656566 0.6033298 0.01219408 0.6886484
0.2432023 0.159523 0.1591416 0.2924218 0.6132566
0.5731893 0.1993428 0.7916668 0.6518317 0.04594327
0.9615409 0.4975245 0.7104349 0.0942124 0.9100735
0.01193283 0.6164476 0.3287192 0.4223017 0.489872
0.4016597 0.3769107 0.2592459 0.09078954 0.247135
0.9944822 0.6306082 0.1535029 0.4651556 0.7964683
0.001883825 0.7865887 0.3876116 0.7486733 0.2148722
0.3197602 0.4441122 0.58039 0.6542554 0.3903708
0.1882045 0.5089986 0.2878321 0.2745104 0.01779297
0.5387466 0.7387646 0.04890914 0.05572389 0.6708024
0.8179918 0.50036 0.08343431 0.6245074 0.006755214
0.939197 0.6937657 0.08116073 0.222202 0.4713858
0.8266534 0.5452129 0.8025502 0.7787153 0.6746048
0.1660383 0.3128025 0.3961265 0.6529457 0.898055
0.818855 0.2445509 0.1093861 0.8966407 0.02476408
0.125624 0.5768955 0.3987459 0.3489764 0.4337557
0.322109 0.8018214 0.6101701 0.183565 0.07587289
0.530157 0.6039312 0.9057428 0.1083198 0.8383591
0.4531143 0.3163518 0.8804542 0.8193508 0.2760178
0.7147637 0.9669102 0.3740233 0.9369963 0.7752225
0.6414194 0.03121453 0.7196357 0.2120878 0.3782906
0.2624854 0.832514 0.09783394 0.4711152 0.9224568
0.3872409 0.3198522 0.5901616 0.9805404 0.4878432
0.8358116 0.4313686 0.03125352 0.1688892 0.5554509
0.1489894 0.1420032 0.821149 0.5167651 0.4007051
0.9451929 0.8808314 0.2290422 0.8959727 0.4556837
0.09723445 0.211561 0.7851373 0.950444 0.7676647
0.5314783 0.5137062 0.1601653 0.4913188 0.4382634
0.1199027 0.902582 0.3395539 0.5697036 0.3619209
0.09554339 0.1750197 0.3484391 0.2589346 0.2470702
0.330975 0.6361177 0.9437059 0.02521566 0.9669767
0.5881908 0.1043891 0.4233946 0.498031 0.1834351
0.09046388 0.3171256 0.9016051 0.8049638 0.0803125
0.7746636 0.3511191 0.8333951 0.2798486 0.9869183
0.2824092 0.3446595 0.4250977 0.8100447 0.2976314
0.06034665 0.960692 0.9351971 0.9257273 0.391661
0.1356012 0.2567772 0.04841641 0.4503407 0.6114853
0.5513736 0.2724566 0.4853377 0.1459533 0.8114071
0.5192374 0.669392 0.2601794 0.8207993 0.8965224
0.9313763 0.2059839 0.08054328 0.6379126 0.06273054
0.2780455 0.2464711 0.4710982 0.8644092 0.601852
0.3826792 0.6164076 0.6051264 0.1039217 0.9931542
0.3056991 0.02056554 0.2261811 0.9879855 0.6836957
0.4672869 0.2827169 0.07269455 0.2539262 0.07420562
0.2435645 0.5695832 0.4136248 0.6599198 0.0218805
0.9318123 0.05702978 0.04868387 0.4144972 0.8945617
0.8126393 0.9647778 0.7345298 0.875716 0.351309
0.3358613 0.100524 0.4222109 0.002211929 0.01415748
0.7065759 0.8377639 0.2178269 0.5811858 0.2562021
0.4851632 0.6218728 0.2350367 0.2099618 0.4878638
0.04942104 0.7303142 0.4080212 0.3137673 0.4802912
0.3024123 0.2827666 0.272657 0.08361978 0.07392688
0.350788 0.8920286 0.2187458 0.05117208 0.6569887
0.8243016 0.6651121 0.9259839 0.2289542 0.5567386
0.7733868 0.9499303 0.3185025 0.04693378 0.3259873
0.5132035 0.2937236 0.5831261 0.9385029 0.1115298
0.664205 0.531178 0.6752188 0.950327 0.5383081
0.28245 0.734078 0.5481637 0.5894305 0.1552782
0.1761715 0.001132803 0.7980694 0.9260741 0.8908622
1 0.5766443 0.8961517 0.9952236 0.3974212
0.3852678 0.3986551 0.1716857 0.3166399 0.1136178
0.9851483 0.6131092 0.4800918 0.7643498 0.4229477
0.9008015 0.1609987 0.5732095 0.8653646 0.6989678
0.0390136 0.5939906 0.1709686 0.424414 0.001708242
0.3198412 0.9300282 0.3570655 0.8349722 0.1655287
0.08374971 0.8807506 0.02151389 0.8303766 0.8869838
0.794617 0.2706174 0.02748603 0.3805497 0.5134972
0.7184962 0.6461228 0.2526197 0.1421636 0.6437255
0.2885984 0.5859324 0.1911115 0.9791327 0.4799947
0.4843445 0.7033854 0.2642228 0.7217513 0.6971799
0.595879 0.1852828 0.5330401 0.7005322 0.4766264
0.4443086 0.5254253 0.2376253 0.7911235 0.2340085
0.390584 0.360002 0.5550613 0.362734 0.3670582
0.8343234 0.5599802 0.6004859 0.199645 0.487357
0.315973 0.1245445 0.8755695 0.7529705 0.635045
0.4850817 0.5150144 0.1811851 0.7214611 0.02281171
0.0542049 0.4540145 0.4824342 0.2930451 0.9928461
0.2177278 0.3562233 0.751842 0.3544899 0.8047377
0.1707265 0.7611379 0.9735799 0.8442379 0.8789491
0.5700068 0.6477638 0.1849903 0.7978713 0.4057093
0.8439218 0.6485205 0.6978733 0.9302214 0.2008528
0.7223703 0.9926238 0.656512 0.6584856 0.3589795
0.7246065 0.9200413 0.3324122 0.1103502 0.4013971
0.5608579 0.4367628 0.2634231 0.6689947 0.7739096
0.2622477 0.08940115 0.9787979 0.8128995 0.8678618
0.4990512 0.4800856 0.2134493 0.4585999 0.07461196
0.3705538 0.7870249 0.4345507 0.907554 0.1729413
0.2857293 0.5228188 0.4524413 0.2697807 0.3008041
0.1202627 0.4682484 0.7828546 0.8045326 0.8321767
0.4278903 0.5555087 0.4000896 0.5911175 0.9254025
0.1197697 0.7961932 0.4258456 0.1736513 0.7537157
0.9191181 0.989816 0.7472123 0.6601635 0.6530497
0.5737519 0.6149161 0.01975045 0.9258689 0.2904898
0.2498676 0.5121939 0.1005029 0.3128029 0.1755757
0.9666812 0.257342 0.5512834 0.06255473 0.7628579
0.3457698 0.4980094 0.3277535 0.2593057 0.7879776
0.9668797 0.1157336 0.1066032 0.3249024 0.4891433
0.8954369 0.9090817 0.2413621 0.4475615 0.1938178
0.2726594 0 0.1124797 0.5081266 0.2609973
0.9996172 0.5937169 0.9959745 0.3478382 0.06401175
0.2910097 0.2841301 0.6006521 0.7479881 0.4707064
0.01412404 0.5881567 0.2926786 0.8051143 0.8763297
0.1149348 0.9173183 0.7360249 0.6589102 0.8067105
0.4295797 0.5628462 0.09883611 0.7627213 0.5222754
0.2251898 0.340454 0.4837957 0.5703527 0.3748312
0.4014091 0.01709242 0.566598 0.5270803 0.5738011
0.2697139 0.7189645 0.1457712 0.7827818 0.9991944
0.3298514 0.6913898 0.9702577 0.2028272 0.193646
0.6214229 0.7703582 0.2148671 0.7007978 0.530438
0.8159429 0.9484028 0.3969859 0.3966454 0.7995284
0.5575859 0.135549 0.8026761 0.1476836 0.6875755
0.3101529 0.3863989 0.969461 0.6177049 0.2963407
0.8199604 0.5908087 0.7483937 0.9372338 0.8655334
0.8973967 0.5861371 0.5497148 0.7485258 0.7015874
0.9338911 0.1726482 0.9159401 0.3985059 0.9199613
0.7802668 0.3942761 0.2441486 0.4330365 0.04166787
0.7824218 0.9789535 0.8847024 0.5817547 0.684809
0.9574925 0.9305196 0.5771621 0.5945883 0.1227636
0.7075709 0.09848283 0.2611625 0.2254094 0.07369081
0.6162315 0.6221092 0.1564265 0.5672837 0.652088
0.3159339 0.5699959 0.3830308 0.5181473 0.5570446
0.393062 0.2695348 0.489288 0.346324 0.04794293
0.9608959 0.7616465 0.6867624 0.09820895 0.7445584
0.4647667 0.04531195 0.3922521 0.5027213 0.7528601
0.552794 0.5725271 0.6981833 0.8877518 0.9280711
0.1370213 0.1083055 0.3697508 0.0991048 0.9433978
0.09438455 0.05899528 0.3475765 0.08085446 0.7556022
0.4463084 0.2961076 0.343061 0.3345383 0.1737699
0.8328754 0.1976784 0.1000953 0.4556043 0.8683295
0.3095658 0.4597037 0.02593093 0.356641 0.09076668
0.1533317 0.2716314 0.8550235 0.09657862 0.469527
0.6865274 0.9202662 0.3893507 0.07466345 0.08309565
0.8050139 0.9148829 0.9430261 0.8799259 0.4742558
0.2221113 0.7295184 0.3170731 0.2595156 0.1671158
0.184165 0.2161243 0.3044155 0.3908605 0.2424804
0.4163354 0.8031583 0.2961772 0.9246223 0.6854553
0.8027159 0.7127018 0.3542839 0.02502326 0.525653
0.7231074 0.8603852 0.1051026 0.8417816 0.6706863
0.1601873 0.5530644 0.4493517 0.6890594 0.5210014
0.5281838 0.1279391 0.8964779 0.3675189 0.6244979
0.03115124 0.2402023 0.2167917 0.3944987 0.9381419
0.6143213 0.4515051 0.8260774 0.1148336 0.7564616
0.05730416 0.6111951 0.600862 0.6015069 0.5118887
0.5862747 0.3717462 0.8612285 0.1369189 0.5619619
0.6428456 0.08475742 0.4057226 0.1835341 0.6843177
0.6202623 0.9041538 0.3547702 0.4384268 0.2391442
0.1386639 0.442095 0.8650858 0.2104886 0.4627298
0.7464646 0.02283775 0.04415817 0.9097867 0.5529635
0.1842037 0.2393149 0.595172 0.6345304 0.5748722
0.6164593 0.4993016 0.4559333 0.9783915 0.8548779
0.2096776 0.6774395 0.5837116 0.6289782 0.4446072
0.4931187 0.7434149 0.02227946 0.695961 0.8058842
0.94069 0.1452189 0.2845648 0.06811695 0.2617771
0.3300626 0.6665447 0.04332971 0.5965298 0.6052201
0.8969024 0.116867 0.2524068 0.1684279 0.6115654
0.4188242 0.9928198 0.7467981 0.2884969 0.2624694
0.1419546 0.7168788 0.3766071 0.9577712 0.502562
0.4155912 0.3461933 0.03262998 0.8688176 0.6547602
0.07234481 0.3525922 0.1889563 0.8980937 0.6633393
0.7451218 0.9651341 0.1733627 0.4050446 0.7778199
0.340875 0.9186661 0.003690838 0.2705306 0.1057261
0.763396 0.1623667 0.1243547 0.5958461 0.3159019
