0.854953 0.6105858 0.7735237 0.8749578 0.3071928
0.2347418 0.9064008 0.9587098 0.1068354 0.914896
0.3866731 0.8955788 0.8238965 0.8580971 0.4652553
0.4769256 0.4848195 0.9101482 0.4023012 0.9237831
0.1086567 0.03072314 0.3969442 0.4416221 0.9264431
0.7939432 0.1601205 0.5331976 0.6385968 0.5782984
0.3181394 0.08208099 0.006405996 0.1708204 0.33958
0.9623149 0.5825402 0.5201505 0.2045234 0.136475
0.2962924 0.1343851 0.257206 0.1031987 0.557938
0.04113517 0.1825099 0.2547052 0.701546 0.4036303
0.3698457 0.6435832 0.3033993 0.6333982 0.7836394
0.6924344 0.0417847 0.9327643 0.4218089 0.7838023
0.3247803 0.3278312 0.3464389 0.4750151 0.4483767
0.1541182 0.9747988 0.5235656 0.09580544 0.04565865
0.2242664 0.03183269 0.02451874 0.7002012 0.2877764
0.864544 0.1337295 0.8582049 0.07146559 0.4293544
0.01096755 0.06127578 0 0.2349325 0.5302737
0.02471555 0.9475277 0.3331154 0.4321065 0.7159546
0.6218673 0.809817 0.8922178 0.3522267 0.3078418
0.9783429 0.06906753 0.8620957 0.993632 0.5634393
0.4878148 0.2695299 0.4525558 0.9463596 0.7638676
0.6068559 0.2886134 0.135313 0.3667398 0.02059235
0.879116 0.7308101 0.222708 0.7129571 0.2822494
0.7028828 0.547871 0.6084892 0.9022083 0.5533787
0.5872834 0.4909943 0.3676678 0.9390004 0.6689782
0.8344093 0.93437 0.8964552 0.7217213 0.03831106
0.3275065 0.4993768 0.419519 0.5321898 0.4921159
0.8280028 0.5830512 0.0544847 0.1162976 0.5044288
0.1082865 0.6344442 0.5637272 0.3638251 0.1009375
0.7188462 0.6559546 0.7771764 0.8331624 0.7573951
0.7632262 0.1652538 0.3053423 0.0633242 0.1281892
0.6230678 0.09880977 0.8914945 0.3045255 0.837281
0.3837888 0.6229689 0.1979357 0.6502455 0.3744269
0.2527925 0.7605956 0.4054379 0.4650813 0.8406688
0.2456453 0.9645209 0.5172565 0.4028426 0.1903545
0.3053842 0.1847348 0.2506179 0.4608631 0.3174104
0.339849 0.7671652 0.2377238 0.5741197 0.8066954
0.9403158 0.4366164 0.07367336 0.102349 0.1761343
0.2775612 0.5579975 0.5420403 0.5973861 0.6858387
0.6618561 0.4448315 0.1174541 0.5262477 0.9907684
0.2047037 0.9513457 0.848346 0.5307852 0.09778439
0.8688887 0.7668195 0.888989 0.384668 0.9417806
0.805745 0.04047767 0.1421675 0.8446862 0.6281818
0.8795121 0.5998374 0.8581537 0.1330211 0.8834089
0.7419283 0.9454351 0.6458498 0.4692349 0.5368954
0.3717545 0.7430569 0.768281 0.3235522 0.2087762
0.4844384 0.3240418 0.6679397 0.04587337 0.8122289
0.09425515 0.07232081 0.5372902 0.391973 0.8770121
0.4843338 0.8436644 0.9342806 0.2335757 0.5436084
0.8446922 0.5690801 0.3175764 0.1218373 0.6333266
0.8958372 0.9412876 0.2838973 0.5611152 0.9505972
0.9163213 0.9801249 0.5651715 0.378694 0.6754057
0.2060644 0.4627954 0.1551669 0.6861273 0.5321514
0.1938666 0.1479969 0.4685307 0.3354848 0.3544437
0.989581 0.8822546 0.2911858 0.3424278 0.6077939
0.829608 0.5667769 0.7886951 0.5333989 0.392874
0.4822136 0.9823132 0.7405486 0.1676158 0.5102383
0.7015401 0.9814269 0.3790765 0.662891 0.8045485
0.6427032 0.0177597 0.2522336 0.7991962 0.7639826
0.8303509 0.3056614 0.4460919 0.1062704 0.948339
0.3660009 0.9129425 0.706611 0.9628182 0.5375672
0.6631768 0.005621541 0.5539166 0.522676 0.7426427
0.249062 0.06662909 0.7420351 0.01053597 0.0680134
0.3160094 0.4786674 0.6532311 0.5030807 0.3693313
0.2145156 0.1081104 0.4361247 0.2161586 0.8206439
0.352728 0.1556392 0.2683054 0.8757281 0.128838
0.8247132 0.6268922 0.4635552 0.9910732 0.3829593
0.6367164 0.7245325 0.6575376 0.01015147 0.4261548
0.3706318 0.3079122 0.7048013 0.9508479 0.3555567
0.3080637 0.1681813 0.4207058 0.7910805 0.03112645
0.6023586 0.1483286 0.4802916 0.1430702 0.4348345
0.9420978 0.2317333 0.1310312 0.6270196 0.7692466
0.03837307 0.6825653 0.6688084 0.6996692 0.6492496
0.4090516 0.7632395 0.3744253 0.5730643 0.1995452
0.4309501 0.1098193 0.1392635 0.2642382 0.7903556
0.9470184 0.8511462 0.2582452 0.5961098 0.254742
0.1863171 0.90771 0.6113246 0.6869667 0.08224771
0.3892674 0.4214754 0.9703713 0.106429 0.3282147
0.06387446 0.7401472 0.8246239 0.9651352 0.1731506
0.2823959 0.9690885 0.5056773 0.03986453 0.9368579
0.9494467 0.9015655 0.1590319 0.8301447 0.9697983
0.10057 0.8717089 0.6071916 0.849584 0.7061318
0.4349783 0.5236132 0.4250027 0.2166473 0.8607777
0.2992501 0.5981158 0.2450103 0.2934187 0.5139631
0.1855274 0.7000357 0.8132064 0.3432335 0.07679181
0.266376 0.3279646 0.5209692 0.9781549 0.07357483
0.05415562 0.01658066 0.8063956 0.925077 0.5484325
0.07185799 0.493913 0.421451 0.2526439 0.05394063
0.4903785 0.6656895 0.2710618 0.9476836 0.565556
0.9474538 0.5109544 0.7369438 0.3014533 0.9487273
0.3237651 0.6068584 0.9189423 0.07502402 0.02933696
0.7661187 0.9146546 0.664345 0.3482536 0.8822381
0.7870609 0.2057425 0.2068338 0.06710554 0.6113041
0.6366121 0.1906171 0.03618414 0.6953622 0.2954988
0.6122757 0.6419439 0.4552178 0.06561167 0.1179838
0.7480111 0.9995729 0.7865932 0.2026236 0.6369401
0.0861011 0.5676344 0.9809414 0.1827925 0.9395205
0.411603 0.2771794 0.9184668 0.7834728 0.7130643
0.3002196 0.6499261 0.8180921 0.6343185 0.4167296
0.75415 0.04203925 0.300423 0.7543838 0.7273486
0.91585 0.1719195 0.7868089 0.3962667 0.5300189
0.07025536 0.8657401 0.8962649 0.1952693 0.4522838
0.03857694 0.7675187 0.9465332 0.5455787 0.3281606
0.1007372 0.3783244 0.7794815 0.6629366 0.4457754
0.09959581 0.8133986 0.3522305 0.7804098 0.02868726
0.3458638 0.07907769 0.9100069 0.05692058 0.299046
0.1090172 0.4140521 0.2673812 0.8471907 0.3749063
0.6337294 0.4352555 0.261565 0.700991 0.8111711
0.7954962 0.8725282 0.3681909 0.5166218 0.8870582
0.5493245 0.09845305 0.2274558 0.6090786 0.01626343
0.866569 0.1604056 0.7566021 0.7311404 0.491384
0.9075541 0.8434269 0.9512738 0.4922105 0.06709936
0.2597785 0.5286422 0.4857656 0.7452779 0.1982659
0.3214551 0.2402928 0.6723681 0.071937 0.1921846
0.7842103 0.05085886 1 0.581616 0.3712925
0.2603581 0.9031255 0.2320533 0.5497841 0.1468157
0.01367275 0.5900518 0.06626748 0.7739054 0.6383979
0.9341326 0.7494573 0.3118043 0.8194956 0.9812893
0.02871455 0.2781242 0.9905628 0.7660877 0.3049584
0.6257985 0.1577359 0.04585499 0.04733953 0.06725557
0.5068656 0.5719644 0.4672784 0.45792 0.1636531
0.6836935 0.7600939 0.01313631 0.975835 0.2070269
0.8096862 0.8122496 0.1163389 0.9747618 0.4967518
0.4700788 0.8655718 0.5364016 0.4804416 0.7374406
0.7612475 0.8117459 0.6152859 0.6502063 0.5033647
0.7128375 0.415685 0.9073667 0.5800527 0.7132309
0.164523 0.9754659 0.9513272 0.3207089 0.1968209
0.4524182 0.8651942 0.9735026 0.3060794 0.6430145
0.5994321 0.810342 0.2680733 0.7332618 0.5383976
0.3045647 0.9879683 0.5576351 0.7823593 0.03657283
0.6663356 0.9644999 0.9396449 0.387044 0.6022594
0.3150413 0.05775371 0.3321695 0.7788017 0.6107051
0.3823098 0.435 0.1376383 0.657502 0.5976694
0.5305482 0.373244 0.3272541 0.8361847 0.3887113
0.5505115 0.7309133 0.8707982 0.8385266 0.8597884
0.7237052 0.1560593 0.8750155 0.7251912 0.9288698
0.1228674 0.2382345 0.561716 0.1665307 0.2765886
0.5448279 0.20615 0.2171079 0.5990963 0.9721365
0.6853824 0.09431363 0.8275281 0.03975417 0.8400128
0.02666739 0.6757393 0.07427208 0.4171551 0.7903585
0.2453888 0.1893638 0.1637048 0.7939114 0.400937
0.9669315 0.23044 0.4111259 0.7549165 0.5960682
0.9797026 0.6141686 0.401095 0.397712 0.5535994
0.5760012 0.6971012 0.647447 0.182638 0.2978984
0.7327036 0.2876745 0.8127341 0.6011774 0.5788599
0.1135565 0.5180627 0.6812262 0.2721782 0.8986951
0.2970685 0.006339504 0.4916026 0.7053683 0.1258276
0.8851977 0.1637617 0.5069306 0.1241271 0.8802647
0.4314484 0.3678763 0.07686437 0.01990945 0.785556
0.1837377 0.2719636 0.6330847 0.5800181 0.3990498
0.8809238 0.9921276 0.6884009 0.8102406 0.9841917
0.1519203 0.1269958 0.1916308 0.868101 0.897552
0.8256346 0.6533485 0.150635 0.8001578 0.9012783
0.3029006 0.4405165 0.6636686 0.9846547 0.9801571
0.03979579 0.008805278 0.5733873 0.236683 0.5532548
0.6290052 0.9090879 0.7424814 0.1747445 0.1635348
0.7632726 0.3543707 0.7294404 0.8617615 0.783784
0.3339065 0.09174761 0.8938974 0.7902769 0.06230119
0.3538077 0.2284672 0.6663973 0.380098 0.2783628
0.1777128 0.3368946 0.3027576 0.07439011 0.6314086
0.3340954 0.9969322 0.1630538 0.5527313 0.8087318
0.5965967 0.5348436 0.8257028 0.4263662 0.0278124
0.7587314 0.8037596 0.3783279 0.7027997 0.5679116
0.1156711 0.2430736 0.4745186 0.7311397 0.8396079
0.519681 0.652026 0.03779283 0.08838043 0.04404626
0.3590175 0.9610112 0.1251214 0.4826677 0.6154057
0.4603104 0.8830281 0.4700985 0.4698425 0.7440574
0.869345 0.2473491 0.476401 0.2664791 0.05699646
0.9731118 0.1885183 0.1078879 0.03849898 0.001778567
0.3462734 0.3578521 0.304986 0.4140343 0.8639883
0.8316991 0.03382238 0.3098308 0.01582258 0.7176694
0.638509 0.7193435 0.8839286 0.3011978 0.03604102
0.7537402 0.286511 0.5862391 0.0753936 0.07088442
0.7507832 0.5722612 0.6715032 0.5431611 0.3650001
0.2649023 0.069504 0.1721612 0.8761151 0.23835
0.9480253 0.9838185 0.8023559 0.222089 0.5761767
0.3107828 0.03997096 0.521286 0.8973651 0.1988786
0.9110581 0.869852 0.5455626 0.5721478 0.5619929
0.3335424 0.5115721 0.03750815 0.3115931 0.8404701
0.2418697 0.8660412 0.1493882 0.331421 0.5938819
0.6949521 0.2091282 0.5983557 0.3301022 0.6507697
0.1021517 0.4030049 0.9193063 0.03878384 0.2726924
0.2180137 0.1725369 0.4971564 0.7483352 0.09589164
0.7252602 0.9804893 0.6412178 0.5037273 0.6846053
0.3402862 0.0688559 0.1673608 0.5944137 0.9484945
0.8295249 0.2171614 0.6793538 0.3646559 0.7856255
0.06197277 0.7418364 0.07412871 0.2304397 0.6366997
0.8586881 0.1555161 0.899276 0.3858294 0.8970127
0.6010369 0.6402572 0.08561924 0.8402762 0.3573208
0.07992161 0.7179733 0.8298189 0.9823252 0.6364557
0.4163166 0.2656812 0.3493496 0.04047082 0.1654013
0.3300733 0.9814287 0.5139903 0.2518322 0.09759194
0.07420856 0.6027003 0.8450488 0.4957559 0.7119326
0.6210034 0.4964786 0.1316331 0.4883831 0.8735791
0.9788247 0.9049735 0.168406 0.06710778 0.2487086
0.4077067 0.9210906 0.3015747 0.9559435 0.2533754
0.3473178 0.9497826 0.1789486 0.4054612 0.2586907
0.9121492 0.9872923 0.4532175 0.8989138 0.5522246
0.1021131 0.01613306 0.3999206 0.4166879 0.02924148
0.2285299 0.8342551 0.4618996 0.3600029 0.2294158
0.6336314 0.900326 0.2049544 0.3178485 0.9768338
0.3274162 0.3768419 0.6336911 0.8698366 0.8439546
0.5709099 0.173834 0.5113425 0.9119639 0.2412147
0.9449068 0.2265054 0.4141013 0.4832821 0.2345943
0.6584796 0.8604915 0.04847323 0.1610827 0.04392511
0.4770198 0.4924729 0.9523912 0.9173533 0.1511027
0.05663706 0.1856049 0.5594736 0.8044851 0.2461278
0.1060609 0.06869449 0.1786238 0.1026939 0.499461
0.3159529 0.4843381 0.9507852 0.679818 0.8980196
0.5241739 0.5456477 0.3146253 0.01824032 0.9666165
0.1704237 0.3025495 0.8563018 0.6906106 0.2669924
0.8076414 0.4764628 0.6251075 0.3659002 0.0412712
0.8796987 0.8697238 0.9683119 0.5425805 0.322063
0.6768688 0.9383026 0.946181 0.07274895 0.3288377
0.2276705 0.9292298 0.6803679 0.6082237 0.7288037
0.09428383 0.9122378 0.9812801 0.03284872 0.5477082
0.6957856 0.07083074 0.7783831 0.7458426 0.9581545
0.3679066 0.3035918 0.8864682 0.4864376 0.4528356
0.5864905 0.4213262 0.1529088 0.4866318 0.8390751
0.9043665 0.922756 0.05184832 0.3673071 0.5894298
0.7336424 0.2080619 0.6822127 0.9972865 0.5524601
0.1309493 0.5279159 0.6113602 0.7580863 0.4281963
0.2249341 0.2863875 0.5057162 0.5463936 0.6071714
0.7540811 0.6567405 0.4790844 0.9707477 0.2792581
0.6298607 0.6610069 0.525418 0.7168632 0.3413245
0.8132043 0.1229747 0.3390165 0.7011851 0.2014038
0.5988904 0.8168825 0.08540889 0.1382882 0.4747375
0.7685056 0.7137251 0.9944553 0.3368591 0.4211515
0.2672444 0.2996175 0.6879196 0.7612635 0.7306518
0.7697264 0.4386127 0.9085047 0.5269278 0.6599195
0.1780245 0.07228351 0.9082681 0.1370936 0.665152
0.2987188 0.5282391 0.3286653 0.8317968 0.4441327
0.3742781 0.8259803 0.9057272 0.885082 0.3133224
0.3190065 0.717674 0.7075835 0.4043479 0.8158025
0.7279236 0.6686661 0.3037557 0.7008845 0.4743837
0.4422773 0.03249741 0.7551888 0.5956912 0.7130464
0.06175265 0.4756801 0.8214973 0.7990454 0.6509406
0.1086515 0.1493886 0.8603942 0.3237179 0.6482439
0.009033767 0.8877218 0.4930322 0.898554 0.1927062
0.1414535 0.06257683 0.8317098 0.6385547 0.9769573
0.4469697 0.6421222 0.8453902 0.9951548 0.9593229
0.5322811 0.2637901 0.1446168 0.2560656 0.7114093
0.1018872 0.1797293 0.2581157 0.1940187 0.4814792
0.03322543 0.07981694 0.9604822 0.5188379 0.5746474
0.4900532 0.09512174 0.09887846 0.5587371 0.948686
0.672926 0.09617674 0.7757119 0.6506682 0.3901656
0.3515258 0.8931045 0.1494912 0.1149601 0.8427362
0.0672514 0.1998125 0.2591537 0.8053184 0.5567616
0.9328012 0.7452632 0.9063476 0.9083385 0.8594138
0.4051775 0.1456155 0.3221498 0.4153529 0.4486165
