0.2373018 0.4823447 0.420957 0.7817746 0.0797525
0.1284472 0.1443012 0.8919961 0.8713669 0.9133654
0.2753705 0.02514451 0.4324032 0.5210068 0.1835551
0.7753501 0.7711301 0.07530135 0.1572285 0.2156755
0.2017393 0.08553945 0.007382246 0.3015592 0.9602256
0.7514982 0.9790048 0.2725887 0.2931693 0.9771357
0.1634387 0.2605767 0.7420728 0.9854663 0.6661214
0.9822899 0.4735222 0.1202672 0.9051565 0.5166374
0.9007377 0.5945719 0.4556658 0.746359 0.3477229
0.4563925 0.7559604 0.4464624 0.2236059 0.5083885
0.7002418 0.7351366 0.06009753 0.4561895 0.8843945
0.4873498 0.4817822 0.3018151 0.1772901 0.5762877
0.1102436 0.7827162 0.5966392 0.3989324 0.5455877
0.9819971 0.7681299 0.3078919 0.9423584 0.4473836
0.228642 0.7181882 0.6132458 0.1714086 0.3398367
0.7049503 0.9606048 0.9903139 0.9629548 0.9650324
0.3169312 0.9413631 0.1565873 0.8737776 0.2613126
0.9676702 0.260603 0.001180989 0.2635668 0.6610969
0.4831194 0.1571293 0.1790905 0.3848327 0.6909939
0.302405 0.5887164 0.3246876 0.1245071 0.9293858
0.4906434 0.6842786 0.4895412 0.2081305 0.1644267
0.7153918 0.373777 0.9555818 0.3683862 0.3239699
0.9204837 0.7839297 0.9060555 0.5032906 0.4000518
0.6176459 0.4634916 0.2909427 0.8124565 0.6644068
0.7748269 0.7382956 0.9781258 0.328163 0.9773194
0.8545814 0.6482995 0.9647429 0.1889543 0.8306017
0.9797017 0.1696018 0.09709931 0.547281 0.4309939
0.4369291 0.5036899 0.8271545 0.19519 0.6823522
0.5345411 0.2009557 0.8088858 0.2751805 0.7016485
0.5201484 0.7180156 0.3412423 0.5902255 0.7878928
0.6773875 0.8261799 0.4810918 0.6963099 0.6427464
0.963506 0.2047812 0.8486322 0.4596833 0.08001529
0.2877624 0.6947443 0.8038697 0.6464281 0.4674031
0.3369532 0.01402926 0.4783178 0.1208086 0.438588
0.3219088 0.2546725 0.9567276 0.05409601 0.5746568
0.915261 0.3979209 0.4755553 0.06735654 0.9294081
0.1631865 0.5920603 0.06122533 0.997195 0.3956525
0.1260999 0.9525529 0.06227219 0.2716719 0.2172193
0.9902869 0.8951044 0.04908074 0.8836382 0.2000767
0.109108 0.07295972 0.2402177 0.8724458 0.2386807
0.8662544 0.5778277 0.05387056 0.3764543 0.3602307
0.3733168 0.406616 0.693074 0.6589691 0.545988
0.3370429 0.2801335 0.7480343 0.173853 0.6715762
0.9591441 0.9571124 0.06739774 0.6953574 0.1423656
0.9178821 0.9005935 0.1123711 0.6114398 0.513401
0.4556015 0.153984 0.5277386 0.3071303 0.6974963
0.8903789 0.672286 0.09717467 0.4884741 0.4184359
0.6373551 0.8169584 0.8140468 0.8053804 0.2689285
0.2374011 0.4264134 0.952269 0.2096028 0.6800077
0.9325989 0.06808242 0.04970298 0.8377698 0.7184997
0.063805 0.128963 0.4519555 0.3225527 0.9132406
0.8819504 0.3939204 0.2301256 0.234018 0.8448106
0.8254799 0.3995458 0.3519289 0.6450964 0.7891939
0.4876393 0.6758393 0.7741024 0.9178686 0.5339582
0.441916 0.5632164 0.07491842 0.5847879 0.9381287
0.3391588 0.6824616 0.8210424 0.2504543 0.1300785
0.07906089 0.9764978 0.8016648 0.04197627 0.5945965
0.7841585 0.417705 0.6475662 0.2976491 0.4464694
0.6238272 0.6605677 0.579213 0.8827725 0.2122725
0.2854989 0.4362103 0.589257 0.1409334 0.5195382
0.1863669 0.7527502 0.1638479 0.1338072 0.5991047
0.2311026 0.1431657 0.09065194 0.4158026 0.3858058
0.431219 0.6043644 0.6391853 0.3434419 0.9037293
0.4476034 0.5968793 0.4306155 0.2466117 0.9810607
0.7579616 0.8890823 0.7049268 0.1974833 0.8931644
0.5868716 0.6066006 0.5136557 0.8577891 0.05476208
0.9698503 0.8264322 0.5595751 0.3812168 0.6736182
0.1770288 0.8102698 0.5666112 0.4554865 0.5514683
0.3558463 0.4325642 0.6172629 0.3495317 0.5058653
0.7307931 0.04290456 0.2724995 0.01705845 0.2020833
0.3619943 0.5747976 0.09426875 0.2931875 0.3880551
0.953244 0.4851273 0.9437121 0.2038541 0.3638099
0.1907219 0.686192 0.3033436 0.7433505 0.274376
0.2937798 0.1822529 0.191084 0.8500585 0.1390904
0.9055847 0.7576076 0.9265114 0.1660926 0.5794984
0.1578551 0.1745254 0.5098953 0.5983402 0.1113397
0.5224258 0.270066 0.7472006 0.0828492 0.4184764
0.9779526 0.4770134 0.3988473 0.5585014 0.2328444
0.02528411 0.002062985 0.1375766 0.09880002 0.2541401
0.3495876 0.2130039 0.2045529 0.6940036 0.3531163
0.4946305 0.7588335 0.3015468 0.2122557 0.08819068
0.3159188 0.2139445 0.2565041 0.1143946 0.1384652
0.2837652 0.6967518 0.4645304 0.4204612 0.08835854
0.7663887 0.04164101 0.02986037 0.7092061 0.7795225
0.7419809 0.5712807 0.8895763 0.5315365 0.3432354
0.9217339 0.09108442 0.1651024 0.5698554 0.8900018
0.5645492 0.3903025 0.106175 0.681532 0.7796565
0.4288444 0.8882716 0.8393067 0.03379024 0.6601698
0.1833168 0.07660015 0.8061386 0.3031788 0.6075402
0.6197761 0.3817091 0.2820864 0.5377629 0.8631985
0.9403967 0.4456187 0.8516586 0.3028022 0.6028127
0.5100033 0.5137195 0.06000841 0.5614397 0.09037788
0.7326636 0.4665863 0.9140946 0.4950991 0.2461323
0.9930501 0.2127415 0.4812259 0.1651198 0.03903403
0.4126752 0.2247853 0.4174837 0.4642661 0.5899117
0.1182163 0.1658325 0.3033484 0.5869489 0.3727436
0.3674286 0.9541098 0.3946328 0.39619 0.001823718
0.9434177 0.8856236 0.6333946 0.3158089 0.3077991
0.1499446 0.6581403 0.2800703 0.6173425 0.8825251
0.383862 0.1555471 0.6705887 0.2572191 0.2437877
0.5613559 0.9627201 0.7848447 0.1887988 0.7071295
0.3439121 0.01989158 0.7051962 0.7523976 0.2965181
0.3099747 0.7555112 0.6531597 0.7808341 0.1002156
0.1952926 0.1393216 0.998824 0.5549289 0.5489323
0.5175802 0.7967005 0.812154 0.6167303 0.9948606
0.6512483 0.7996303 0.1433028 0.4998092 0.7492046
0.9302925 0.5994268 0.8990316 0.1815619 0.7411562
0.9175385 0.4090156 0.2141843 0.2184725 0.9528804
0.992181 0.1456158 0.5537679 0.9152827 0.01930604
0.2190975 0.7915603 0.8023918 0.3018427 0.657287
0.9334072 0.6497481 0.2581297 0.3397583 0.136943
0.746901 0.8138231 0.4470087 0.8589922 0.2912257
0.1866127 0.5446336 0.3911543 0.09382555 0.01717811
0.9755207 0.3010792 0.5484426 0.6718168 0.2183653
0.1009976 0.7844144 0.3464839 0.9287745 0.3049498
0.8013951 0.2968771 0.4098709 0.7501432 0.1472685
0.9141941 0.3828636 0.9545652 0.5172999 0.3258053
0.5519715 0.6964291 0.7800477 0.1628226 0.3963441
0.4292005 0.9722879 0.1569328 0.650539 0.5119462
0.9836417 0.373773 0.7373825 0.1788033 0.3952426
0.4997782 0.6024633 0.06170041 0.8500817 0.6231498
0.1778118 0.769386 0.7877644 0.2066692 0.5577363
0.7112639 0.2472351 0.1807361 0.6943544 0.8045733
0.3125971 0.4404752 0.04421669 0.3012645 0.9541608
0.3399533 0.6738831 0.3351126 0.4677993 0.364449
0.5368976 0.07871423 0.4599499 0.07405543 0.8881515
0.02821085 0.4577327 0.9134525 0.6336859 0.3046156
0.5068436 0.4278219 0.142044 0.2240589 0.4590404
0.5102605 0.224572 0.4507028 0.2502453 0.2225112
0.07241691 0.7072235 0.4319761 0.09887173 0.08092373
0.724694 0.4877815 0.678333 0.6552997 0.2689937
0.08581224 0.6940023 0.7065905 0.2257122 0.05895912
0.1192333 0.4743319 0.5275026 0.05214896 0.338728
0.03450756 0.7225459 0.05295547 0.1545518 0.6866692
0.07575633 0.241806 0.7722015 0.02095311 0.3072184
0.3835567 0.4057381 0.02814048 0.2911712 0.6266696
0.4306234 0.09571796 0.6797429 0.9520396 0.6083051
0.830907 0.4253851 0.5634804 0.6032945 0.12835
0.8186577 0.8406472 0.2492234 0.5040049 0.3269549
0.2064965 0.6526176 0.08293578 0.08126311 0.8332123
0.8147306 0.6384833 0.2231171 0.7653232 0.5135824
0.6418307 0.9665977 0.6177143 0.03737865 0.6830183
0.01044537 0.07845807 0.7183506 0.8889956 0.6766713
0.035058 0.3508697 0.9689186 0.5097018 0.5611739
0.6567851 0.7125904 0.2306864 0.9045764 0.6197048
0.1286821 0.5109595 0.7345264 0.7527061 0.4866825
0.08615611 0.3421258 0.5251916 0.5922575 0.5256747
0.2969701 0.2543626 0.2164539 0.8318758 0.003662467
0.9148262 0.1531306 0.06973365 0.03220449 0.04181042
0.05981948 0.9405225 0.6947942 0.8675472 0.1536671
0.6028535 0.572231 0.3117093 0.5663179 0.230025
0.6595845 0.9321459 0.7181031 0.5408982 0
0.05001839 0.4808234 0.8050895 0.3497665 0.558923
0.03674498 0.2074498 0.8169934 0.7202883 0.2484632
0.50166 0.1842598 0.7669298 0.562191 0.6235904
0.9821944 0.0320191 0.5265884 0.3986448 0.6582407
0.638285 0.7173918 0.6100727 0.5573368 0.1750415
0.636022 0.5864972 0.5097794 0.8646792 0.6843407
0.9428852 0.1097161 0.8073081 0.1387349 0.391515
0.8612781 0.9374943 0.4986265 0.2346831 0.112722
0.1802132 0.5004211 0.1075357 0.8562767 0.01640319
0.7622987 0.766476 0.9253347 0.6447347 0.5001381
0.9171388 0.8057501 0.05896777 0.8103323 0.03335465
0.6513802 0.2848292 0.8531342 0.1165028 0.09550292
0.9940576 0.4176395 0.5805755 0.5537497 0.4109789
0.7944436 0.7052121 0.9714138 0.3375824 0.2990337
0.9433043 0.7986972 0.5345968 0.3660371 0.7093905
0.6296252 0.065274 0.6638432 0.5386618 0.4654028
0.9869353 0.4851863 1 0.3933844 0.3246002
0.1438327 0.5476499 0.8000816 0.25414 0.6026629
0.03575348 0.5342248 0.7540019 0.6697591 0.01035166
0.6426329 0.9545749 0.8293334 0.1386827 0.09844734
0.2146456 0.2760568 0.03694409 0.7286057 0.3444339
0.9529233 0.3182802 0.8334445 0.4506983 0.4977962
0.8327196 0.6394212 0.3624857 0.3626732 0.1476706
0.4155218 0.8332027 0.7849527 0.2579842 0.9176879
0.5545697 0.8164894 0.2624109 0.9634777 0.171737
0.003851574 0.7274111 0.3582934 0.7131218 0.1735701
0.4271991 0.1168973 0.4258618 0.6610874 0.1495387
0.6783778 0.7725419 0.6671741 0.826156 0.4397041
0.9043797 0.7014669 0.8983368 0.08620828 0.1860277
0.447612 0.3568126 0.3879233 0.9756486 0.2302114
0.3101048 0.07000991 0.9454611 0.1606222 0.7750498
0.0408102 0.3662818 0.7537411 0.7407884 0.1564377
0.1335399 0.2528725 0.01976278 0.7348876 0.4747604
0.9691375 0.9529588 0.5670772 0.7747821 0.8448922
0.9773512 0.2324811 0.647847 0.2102739 0.9311405
0.5947818 0.04168212 0.3598974 0.5855737 0.8160003
0.2041 0.7714891 0.8367542 0.2974616 0.7628149
0.6756144 0.4876323 0.3677654 0.7606657 0.08965542
0.2173412 0.3206725 0.3309603 0.7578045 0.2943547
0.9755169 0.6122608 0.7190501 0.5043885 0.452295
0.3279951 0.09144547 0.6245382 0.06961654 0.1345135
0.7977231 0.2444223 0.05260157 0.6770656 0.389323
0.1367707 0.3068191 0.621647 0.554556 0.6572942
0.5408693 0.6849427 0.5272577 0.4636078 0.2606001
0.4972871 0.838502 0.6074616 0.1988826 0.2048893
0.4668503 0.1098031 0.5199401 0.5964916 0.9649858
0.4544713 0.7230874 0.4261913 0.2810519 0.9186985
0.9180197 0.6680457 0.1572697 0.08775598 0.9735915
0.6821583 0.4961542 0.7985835 0.5014714 0.7736935
0.132872 0.6909194 0.09271803 0.245372 0.3448339
0.3657066 0.6086778 0.3307242 0.5536872 0.532757
0.5148046 0.4612974 0.2364563 0.6627606 0.8889401
0.7975748 0.2736623 0.6261345 0.624844 0.8000952
0.6922905 0.05226427 0.6893557 0.78212 0.5511661
0.4264443 0.292269 0.4624113 0.8642216 0.9534599
0.9805051 0.6882291 0.6461199 0.9523021 0.9935512
0.8765151 0.4747645 0.9032504 0.3997495 0.5841063
0.8249966 0.8610572 0.5119673 0.05130298 0.2291601
0.4462226 0.3632807 0.8238252 0.3942777 0.6255456
0.8196016 0.5063522 0.8147725 0.8400322 0.7347395
0.594498 0.5191755 0.7790933 0.5666688 0.5804269
0.8164613 0.2991771 0.2268423 0.9295066 0.5471351
0.4116472 0.8047786 0.7257384 0.5251743 0.9590551
0.8442112 0.2439966 0.2035584 0.9675921 0.4713448
0.9736198 0.9648084 0.6844412 0.7661083 0.936996
0.1046635 0.646808 0.3294848 0.4798456 0.3508729
0.1511116 0.6739971 0.9619045 0.2826009 0.04982273
0.2879622 0.03085458 0.8118321 0.7809503 0.524143
0.6929046 0.06943779 0.2033327 0.3972852 0.9742291
0.5125356 0.4004232 0.6215612 0.7847688 0.8700914
0.1413302 0.9836585 0.9775612 0.8338853 0.7177169
0.8153798 0.4436141 0.2255412 0.4622841 0.385663
0.7825226 0.771933 0.5940475 0.6951495 0.4248638
0.1024691 0.1881839 0.1851474 0.7284953 0.2311248
0.03371386 0.7297103 0.03818103 0.0216144 0.8195977
0.9825974 0.6714425 0.2440633 0.03699376 0.3242428
0.2599612 0.6562628 0.9398975 0.8823744 0.9734931
0.3556097 0.6028989 0.3398015 0.3100469 0.07969144
0.4725477 0.09359072 0.8773209 0.6136757 0.5029903
0.3690076 0.876158 0.1959194 0.2864429 0.8700888
0.975464 0.07735948 0.7921364 0.7112375 0.8269837
0.2562369 0.4139948 0.4771857 0.9819548 0.000314742
0.04241253 0.4225434 0.2707535 0.8119616 0.7221177
0.7183574 0.9739911 0.7703037 0.08903019 0.9898862
0.5898573 0.02433525 0.4059175 0.02306646 0.6821051
0.529642 0.5786418 0.728822 0.6970576 0.533068
0.4609775 0.396471 0.2148425 0.3344396 0.4913193
0.02100224 0.9518408 0.3468627 0.6475708 0.3580597
0.5877457 0.648271 0.3202504 0.04526499 0.4488224
0.8896301 0.9130938 0.05755242 0.5550711 0.2089605
0.851309 0.2387256 0.7559585 0.8558027 0.1413553
0.7411213 0.3232336 0.666875 0.6165483 0.7513752
0.7734921 0.9861621 0.1302076 0.7476354 0.2327652
0.227178 0.8530378 0.6844967 0.7966494 0.06644536
0.9373249 0.7065975 0.3430255 0.1492277 0.8813358
0.02314547 0.5042949 0.3618657 0.7804187 0.1125597
0.5120797 0.1927221 0.9609502 0.5029813 0.870915
0.5414373 0.7167825 0.6060033 0.6505517 0.7589855
