0.7819247 0.945394 0.8281776 0.5612313 0.04743228
0.7367659 0.1584722 0.8160309 0.4928445 0.3551712
0.2456128 0.8502392 0.6167168 0.06648308 0.2937687
0.3660041 0.2462421 0.8618083 0.1152117 0.8458035
0.9344103 0.900485 0.1730254 0.04419473 0.4400805
0.4425949 0.7335074 0.963242 0.7847052 0.08922334
0.7754411 0.9280827 0.9594824 0.1714435 0.03965287
0.3853051 0.7550378 0.7225964 0.02865538 0.7241179
0.8557293 0.7148252 0.01524534 0.3632925 0.9299009
0.3488958 0.1742823 0.47928 0.7657682 0.02291843
0.6965272 0.432785 0.9837319 0.8058303 0.3075553
0.6824887 0.1386972 0.1112951 0.3592133 0.3413104
0.5624568 0.6539567 0.4466054 0.8230709 0.8079449
0.6959553 0.592108 0.361176 0.7974956 0.9441602
1.886741e-05 0.4202108 0.5414527 0.2856717 0.9884572
0.9923131 0.5072079 0.9212404 0.5674372 0.4409302
0.4445345 0.8067152 0.9996668 0.5431733 0.6469776
0.1093282 0.2525903 0.1286393 0.739055 0.8008456
0.0470219 0.3750037 0.6698752 0.3142978 0.6914232
0.7464743 0.3622023 0.01194412 0.4125394 0.9036388
0.7280775 0.7660819 0.465663 0.04580315 0.3137315
0.4759784 0.3029936 0.7355296 0.293823 0.1356634
0.2189867 0.1599413 0.9214851 0.6630803 0.2808072
0.2519934 0.1802757 0.8090077 0.2704307 0.5056755
0.1398173 0.2906584 0.9107354 0.4508189 0.5495631
0.9273581 0.909556 0.9233569 0.7059114 0.3482572
0.6187078 0.7083577 0.1817984 0.6887742 0.870782
0.945897 0.007257118 0.5476741 0.7734359 0.6515156
0.4153475 0.8595137 0.1017585 0.6897352 0.6446404
0.4544776 0.5399623 0.03810976 0 0.515638
0.9613421 0.8825191 0.9539706 0.9270424 0.3701286
0.4888669 0.06500374 0.2898407 0.7280825 0.09927504
0.3049915 0.8189552 0.9700874 0.8120009 0.3460813
0.8177358 0.2076983 0.08777094 0.7997932 0.6221442
0.03469014 0.7969318 0.4890351 0.223989 0.873204
0.5493186 0.9320443 0.8792355 0.2904256 0.9314502
0.3494659 0.620845 0.4054348 0.377081 0.5698632
0.1511012 0.3289357 0.6174376 0.1633124 0.6976045
0.469205 0.2341174 0.1329549 0.5914048 0.6370507
0.6480756 0.8624477 0.3096778 0.3166008 0.7869425
0.9528399 0.4616125 0.7159745 0.4114122 0.6311786
0.9847188 0.00292877 0.4943682 0.6020404 0.9290745
0.1920384 0.4827374 0.3463776 0.6586684 0.8201642
0.1232379 0.6889886 0.08203698 0.9230613 0.3695788
0.7949458 0.6095031 0.9867492 0.1569709 0.4464888
0.6028568 0.4309746 0.108778 0.9969031 0.7954399
0.7446163 0.154574 0.9650127 0.3808322 0.2807794
0.9927861 0.6302781 0.2307697 0.5561152 0.2706431
0.1247942 0.784054 0.4946472 0.4638556 0.3435424
0.7291513 0.09007086 0.5656911 0.7415696 0.7954711
0.529762 0.8649945 0.9757192 0.2435731 0.8585663
0.5695347 0.5222258 0.8441319 0.04229199 0.3468185
0.4965461 0.2397452 0.5205919 0.03015547 0.7031629
0.3131423 0.6376175 0.4544511 0.3457156 0.5399305
0.1811495 0.01534413 0.392094 0.3625796 0.04555228
0.7869777 0.8601626 0.104575 0.2600841 0.6533736
0.241329 0.4611416 0.9933389 0.7017645 0.5861077
0.06118642 0.8842397 0.4357979 0.8289185 0.4375226
0.3462672 0.5885984 0.2197682 0.6833254 0.6014694
0.07432871 0.09140038 0.5135818 0.7184317 0.7784396
0.07718162 0.3103098 0.8718274 0.6856666 0.9518664
0.2469608 0.8074115 0.5493707 0.5724758 0.06401268
0.2359886 0.6451152 0.2325705 0.807712 0.8997312
0.7635854 0.2535724 0.687117 0.3742521 0.7625058
0.8126262 0.002696878 0.2817135 0.7353167 0.03297591
0.3111296 0.8224206 0.9879396 0.2071871 0.9444689
0.6270283 0.976887 0.02453164 0.3467026 0.8257738
0.2493168 0.2066821 0.2794823 0.5348614 0.1761713
0.212993 0.4289749 0.3599045 0.3158833 0.7373561
0.3785095 0.7036966 0.08700943 0.006362571 0.9822582
0.6144074 0.3205672 0.6114661 0.1346833 0.6586657
0.5041897 0.3802899 0.9626091 0.3000188 0.08966676
0.3707239 0.9339312 0.9707729 0.4540387 0.1620151
0.4208299 0.9306464 0.9764701 0.3428341 0.3346122
0.3875267 0.769117 0.09420551 0.7408004 0.1266741
0.03346905 0.3958843 0.4318058 0.8381706 0.05039866
0.7420698 0.6304999 0.1908765 0.05082168 0.3869135
0.9258108 0.4193765 0.6393247 0.9918278 0.6660039
0.6579448 0.9971152 0.8619583 0.9312915 0.3597435
0.7990087 0.9003788 0.4268866 0.1675385 0.5139079
0.3265038 0.7384872 0.745817 0.9829387 0.8396385
0.9260842 0.1337281 0.5802478 0.4130527 0.8567787
0.01718815 0.7052685 0.6977723 0.8952042 0.4556325
0.8653803 0.1217024 0.04415028 0.5381524 0.3145479
0.3618763 0.1263937 0.9548224 0.5780404 0.08124837
0.4098898 0.917574 0.2663296 0.08801292 0.1478089
0.008567045 0.2713451 0.7761295 0.1506492 0.6319031
0.6323231 0.1432827 0.5507888 0.03029721 0.3635005
0.2439093 0.6432859 0.2111805 0.01917102 0.9813868
0.5033677 0.5284907 0.6990801 0.933168 0.6194509
0.7013459 0.8569154 0.5537441 0.9219516 0.0582665
0.9887602 0.80074 0.482719 0.9923462 0.1055224
0.4816286 0.9610636 0.5880965 0.8406 0.6141675
0.8568137 0.8333216 0.9882499 0.4595784 0.6340259
0.05679556 0.2954866 0.1204026 0.08435658 0.3231456
0.3486563 0.9818604 0.8603448 0.5374037 0.9804722
0.8023871 0.0456516 0.8592324 0.2745309 0.9438419
0.1450648 0.9099658 0.5107375 0.6746722 0.6554088
0.347139 0.7526459 0.2719441 0.9008956 0.4252998
0.3453897 0.1004966 0.3975957 0.803445 0.4864333
0.03983149 0.5107853 0.1244443 0.4267712 0.4599029
0.03367085 0.4553938 0.5462872 0.815902 0.4014268
0.4898282 0.8294502 0.4874873 0.6821762 0.1230211
0.1499882 0.3310253 0.9858435 0.6144949 0.63338
0.9596341 0.6593047 0.3867366 0.2979218 0.9909256
0.931558 0.4568482 0.2500943 0.1831899 0.1539407
0.007647698 0.0006728458 0.8051129 0.8562874 0.528993
0.6620354 0.02036746 0.6881291 0.8312405 0.4254852
0.187568 0.8334878 0.4548202 0.8553683 0.9869886
0.09976672 0.293317 0.9804165 0.2883668 0.0270026
0.4297284 0.7571626 0.2380485 0.7729101 0.700796
0.5947395 0.671624 0.4229121 0.7176575 0.4492636
0.7643789 0.8222721 0.1819436 0.1069931 0.6690596
0.2886432 0.5275992 0.706857 0.8126185 0.7122692
0.3161092 0.1748905 0.4231391 0.04513965 0.5820612
0.276176 0.168693 0.8494394 0.4852241 0.7890818
0.4031718 0.2461007 0.7479519 0.07142704 0.1034432
0.3517823 0.7570749 0.6177824 0.7070946 0.01175833
0.4556568 0.7256282 0.05092402 0.2036156 0.1306366
0.9399638 0.3234603 0.527958 0.3981475 0.8775199
0.3647404 0.8564093 0.05726956 0.2338577 0.803112
0.4302499 0.3091275 0.4012129 0.6065428 0.4465188
0.4350656 0.6863802 0.003213369 0.6816008 0.4554235
0.5652898 0.4520677 0.9133042 0.7263634 0.8981928
0.7497126 0.5140345 0.5191424 0.3165303 0.6774859
0.9004957 0.224036 0.8606998 1 0.2775975
0.7112875 0.5663163 0.7647819 0.1884256 0.7801317
0.4228085 0.4299622 0.04123937 0.684306 0.03327272
0.9995543 0.2611727 0.2252648 0.8670789 0.3245741
0.3082352 0.1713427 0.3277566 0.09667876 0.9807918
0.5484428 0.1932084 0.5078807 0.4907518 0.707422
0.6173405 0.03459526 0.06528739 0.2985934 0.0672458
0.6233354 0.877552 0.9183147 0.3964189 0.2934219
0.4606493 0.3362674 0.4412116 0.02973014 0.9813034
0.4122385 0.9964961 0.06068025 0.2699007 0.6444369
0.3890612 0.2917562 0.09306232 0.7619569 0.5090818
0.9448308 0.1112485 0.7151863 0.9130485 0.945333
0.1341874 0.269325 0.9334145 0.7876586 0.03223012
0.8422152 0.4640148 0.9311772 0.4562714 0.9083843
0.6510335 0.5896942 0.2244207 0.6049197 0.1509661
0.3886082 0.3547869 0.8153569 0.9183304 0.7375855
0.9751973 0.1084648 0.2363979 0.740052 0.6634476
0.9346704 0.2880255 0.04272111 0.9341723 0.4603505
0.1009887 0.5475587 0.4103189 0.3715537 0.4164464
0.02110725 0.141631 0.2902827 0.5899941 0.5557769
0.7611243 0.1035677 0.6602257 0.3844908 0.9869353
0.3699168 0.3548379 0.5545623 0.7884418 0.2036989
0.1913792 0.5875053 0.9545102 0.5278986 0.4879663
0.4771771 0.79044 0.6378675 0.4008814 0.01773096
0.3767797 0.1040319 0.7765608 0.6698478 0.2502346
0.4638126 0.7471116 0.2969362 0.5803426 0.6181464
0.7174943 0.5946541 0.5892434 0.4709958 0.3565902
0.6351314 0.1109891 0.5290314 0.436256 0.2256705
0.5477317 0.3925523 0.3865266 0.7636057 0.1594876
0.8555861 0.09172118 0.3812237 0.1753537 0.5551736
0.2522125 0.5272537 0.6776157 0.09763152 0.389177
0.01764019 0.3865701 0.02974568 0.08219564 0.0440014
0.7561405 0.6152742 0.7278461 0.6913695 0.4520375
0.7826867 0.1382916 0.4247939 0.2255797 0.8973691
0.6849253 0.7226424 0.7079824 0.4135871 0.8453786
0.5977061 0.6684747 0.5440286 0.9398792 0.7833856
0.2253081 0.5854644 0.8920059 0.3991452 0.7261981
0.6304531 0.8745155 0.5242554 0.8517101 0.6682775
0.9776982 0.2851366 0.3732867 0.02416448 0.6028118
0.2262634 0.1740526 0.7420003 0.3553219 0.8401253
0.1907052 0.7844063 0.7170565 0.6650412 0.7998469
0.5078018 0.899501 0.2313383 0.4711269 0.1559049
0.6064202 0.9294598 0.9438451 0.008771779 0.007033648
0.8637428 0.6096773 0.5520742 0.4668142 0.7205364
0.5345313 0.5625357 0.623675 0.6622076 0.06827511
0.580483 0.2334441 0.8305958 0.7663963 0.1450968
0.470456 0.003196489 0.2994388 0.801675 0.9823636
0.3545581 0.1730459 0.752097 0.03468067 0.839822
0.964265 0.6609278 0.1478993 0.8128726 0.9729497
0.5023606 0.4481133 0.1389325 0.3835093 0.9859878
0.4547481 0.1442699 0.4676631 0.7239645 0.9565694
0.07200818 0.5754667 0.4013667 0.08282839 0.3097209
0.3335648 0.2855789 0.9733916 0.420207 0.4766626
0.6426674 0.3334411 0.3085242 0.1724754 0.1798932
0.6965881 0.6226185 0.4125603 0.5240616 0.336768
0.2298966 0.3963841 0.9917374 0.6585687 0.7413691
0.3735382 0.8446862 0.03250092 0.6678406 0.7907169
0.2245106 0.361524 0.03033009 0.6190264 0.2534954
0.347367 0.2459855 0.4928831 0.2588796 0.5946094
0.6553303 0.7062141 0.1901879 0.5969241 0.6303325
0.152499 0.8908426 0.567137 0.5946981 0.870621
0.1339417 0.7965898 0.5510729 0.3284352 0.6786577
0.6806172 0.8390341 0.2547047 0.806691 0.3225005
0.07540564 0.1099907 0.2208414 0.2137512 0.03270474
0.7555035 0.9227881 0.5020293 0.2242152 0.1665983
0.8474671 0.2480788 0.5570133 0.01889635 0.6590413
0.5910811 0.1421089 0.7845972 0.9044369 0.3816694
0.1097659 0.87566 0.09528058 0.7371661 0.9372408
0.3076818 0.8056937 0.7947469 0.2859323 0.6871666
0.3572764 0.256594 0.2044929 0.7360708 0.2329571
0.8361256 0.9019352 0.4483891 0.9830798 0.6478928
0.2772055 0.00345522 0.3450264 0.2683532 0.8216579
0.5740705 0.9603323 0.7051777 0.784533 0.1892105
0.6800525 0.195435 0.2682444 0.3849907 0.9225517
0.1524525 0.4975842 0.6058719 0.241307 0.6996593
0.09270261 0.5245267 0.5096744 0.4391288 0.3088696
0.06722507 0.6198076 0.1193138 0.1553885 0.4441112
0.1058048 0.6208374 0.6879643 0.5603923 0.1014539
0.9726733 0.8546632 0.8354018 0.6899507 0.1799845
0.239623 0.6685857 0.3001031 0.2400033 0.3531508
0.477552 0.3822514 0.6504771 0.7153543 0.3540096
0.2012545 0.1013705 0.09544801 0.01698143 0.2388358
0.627269 0.2459115 0.2009812 0.4709599 0.140622
0.3927796 0.7488692 0.872795 0.7992409 0.7476476
0.3750465 0.7539959 0.2327093 0.2743992 0.9756398
0.1938987 0.2505965 0.05532555 0.6380812 0.1568041
0.1946036 0.5217326 0.7721629 0.5955563 0.004405854
0.713233 0.7862185 0.7064704 0.5611363 0.7364026
0.0551766 0.1217047 0.08618229 0.9949611 0.2942585
0.6589479 0.7624718 0.5600356 0.1144763 0.05167799
0.09777192 0.693869 0.03727522 0.1607957 0.7768796
0.4492755 0.2183099 0.9603817 0.5634992 0.549996
0.1083266 0.2710096 0.07410752 0.650057 0.2675211
0.2548844 0.9534514 0.6503979 0.9889095 0.5515067
0.05406 0.1461121 0.5750895 0.9037646 0.5082602
0.07413516 0.01907042 0.6900296 0.197156 0.09027477
0.9900299 0.5275083 0.6583599 0.3741901 0.9174808
0.2890345 0.6061234 0.5423827 0.8434529 0.1736425
0.004035454 0.7534693 0.3875504 0.3621007 0.59029
0.8941954 0.9328057 0.04455634 0.09157875 0.4763879
0.1181932 0.06592082 0.6125916 0.9507258 0.5943519
0.5560832 0.8423009 0.1377129 0.9522531 0.5775363
0.5615143 0.9434276 0.8440871 0.07819129 0.8103828
0.9834029 0.6777454 0.9095908 0.8507056 0.7011985
0.4335724 0.2226554 0.5112804 0.5631663 0.464162
0.4971003 0.5323678 0.9436384 0.7259708 0.1916502
0.1251033 0.4974132 0.9853297 0.6502728 0.9841652
0.4216748 0.6706288 0.8359652 0.6089325 0.2628488
0.5664625 0.4033928 0.7765336 0.9723865 0.1297907
0.3220017 0.7671806 0.4865078 0.1061502 0.32359
0.5805728 0.5919291 0.002104543 0.4791106 0.3593049
0.8371654 0.5734259 0.9188709 0.718368 0.7681497
0.02135358 0.8889978 0.7323927 0.1625381 0.549384
0.9652397 0.6072166 0.7425468 0.288069 0.1634174
0.549553 0.8992913 0.9976876 0.1401369 0.6875871
0.2377137 0.3168998 0.9774492 0.2648321 0.9536444
0.773547 0.6988683 0.01173374 0.2124233 0.9733492
0.03665513 0.9578838 0.8486457 0.1378383 0.4775169
0.03115953 0.7536512 0.7707087 0.5147046 0.6060903
0.2529984 0.6338645 0.9861585 0.1182018 0.1320053
0.9180622 0.3796019 0.3670917 0.8369867 0.8888653
0.8633972 0.9695284 0.635595 0.9329659 0.02697926
0.2821035 0.2814309 0.6167669 0.5801906 0.3879679
0.6918705 0.9044182 0.919714 0.1435833 0.4510241
0.3192725 0.7018461 0.5410133 0.8789715 0.01651104
