0.2983642 0.468248 0.2417924 0.1049374 0.6198707
0.9073966 0.3988908 0.3653526 0.1043059 0.1846483
0.05659086 0.9989958 0.3246983 0.2167995 0.4289367
0.6125276 0.2884347 0.7703257 0.4228841 0.9701284
0.9749567 0.2669705 0.3859802 0.8942526 0.6244931
0.948377 0.8961875 0.1248915 0.2132842 0.7444279
0.5745032 0.5281214 0.2817307 0.4605414 0.7621021
0.8510535 0.6284171 0.6134482 0.4295906 0.2350437
0.03955989 0.2891918 0.4874352 0.2519798 0.400411
0.5938875 0.8298504 0.101959 0.6837736 0.1045419
0.4358762 0.09354092 0.5195485 0.06914182 0.9907011
0.6382055 0.6531185 0.9039321 0.8784175 0.591249
0.4035932 0.9842883 0.9061211 0.07704057 0.9202073
0.5266395 0.7870782 0.07094283 0.01861871 0.6858229
0.2961406 0.7844795 0.8411258 0.9100181 0.4313518
0.7301483 0.9775899 0.5054714 0.9395487 0.4062345
0.7335946 0.5234241 0.03375681 0.1838452 0.3075255
0.1286443 0.8561405 0.5288595 0.06862457 0.9677873
0.1933311 0.8404432 0.4684952 0.3710358 0.5124274
0.1326009 0.9270162 0.3494518 0.2836675 0.06885171
0.1116084 0.8837576 0.002141176 0.419612 0.1142949
0.8298152 0.2826512 0.6159526 0.5188726 0.5451313
0.395097 0.2153592 0.07850127 0.05822933 0.3439783
0.9697291 0.4537459 0.656272 0.7803037 0.94333
0.6290321 0.1166734 0.8471539 0.4116229 0.847268
0.5835397 0.4157008 0.6638223 0.8752097 0.1314225
0.930703 0.102096 0.3145098 0.4158255 0.5571615
0.4205211 0.5267864 0.5279353 0.002445028 0.4180974
0.8996678 0.8283206 0.8318036 0.8071452 0.2953566
0.4823622 0.2626783 0.4061102 0.2780763 0.9227909
0.9103535 0.1678083 0.980804 0.6777328 0.9387327
0.3199268 0.7565962 0.02506925 0.4091967 0.4741884
0.2163347 0.7471847 0.004561356 0.8104081 0.8140344
0.4401902 0.9350361 0.7983604 0.1971175 0.6600005
0.07466145 0.3868551 0.2992824 0.8529557 0.1300533
0.2328132 0.8336453 0.3301916 0.4344168 0.4022098
0.04991401 0.5694556 0.7334525 0.749919 0.8391007
0.5124419 0.6159762 0.3560011 0.4172449 0.5246136
0.6424083 0.9138476 0.4715404 0.09680122 0.8053949
0.5415071 0.673587 0.399363 0.3452149 0.4516172
0.3798972 0.4566029 0.2891272 0.07459535 0.2987854
0.5993534 0.9909593 0.08946294 0.05899182 0.6761556
0.9932212 0.1834368 0.8570649 0.7214774 0.9917719
0.3092189 0.4858256 0.9563049 0.3744836 0.8071942
0.7084972 0.1913263 0.4664963 0.9293046 0.07266329
0.9526371 0.5469907 0.2505345 0.0967416 0.6202047
0.3172318 0.0007240893 0.8970745 0.8986179 0.3242562
0.1863608 0.1451516 0.3273783 0.1877462 0.4545403
0.6908929 0.8830358 0.1041991 0.9626801 0.4251949
0.8103586 0.9788089 0.7101607 0.7897589 0.3030421
0.2574224 0.007195729 0.8756941 0.8003487 0.8866916
0.6301543 0.8494914 0.4075232 0.2734632 0.2026057
0.9705368 0.8183666 0.4474829 0.09818943 0.9327359
0.7983967 0.5395017 0.9515151 0.1762238 0.6522849
0.4610293 0.7860558 0.9397714 0.4391658 0.9546745
0.1541034 0.505647 0.5297116 0.6307267 0.275787
0.6447357 0.5833139 0.0890462 0.9523016 0.7959331
0.8286194 0.1054306 0.7243676 0.5998659 0.6983832
0.8608643 0.8708252 0.4864872 0.2034413 0.2568257
0.9205061 0.4103451 0.6925058 0.02079446 0.2596343
0.6320447 0.940367 0.7112165 0.2736241 0.7881278
0.6200647 0.4935242 0.01699533 0.2100666 0.7916156
0.1808967 0.02398548 0.1534109 0.7429766 0.4667278
0.8082632 0.7500406 0.9575265 0.363105 0.9279997
0.117472 0.9504409 0.8078285 0.6170037 0.4203769
0.4191823 0.7638723 0.1702794 0.2624032 0.1908518
0.2901927 0.5477394 0.9193986 0.8501873 0.6901785
0.08621941 0.3023686 0.5975032 0.2764383 0.2791555
0.2098592 0.8470325 0.4329754 0.4623067 0.219828
0.2419692 0.2077277 0.6601375 0.5949382 0.3105089
0.5616846 0.6823165 0.8195349 0.7878253 0.2319433
0.05519254 0.3137198 0.3904028 0.6891035 0.4204543
0.544146 0.03489088 0.5209934 0.7117473 0.06179453
0.8828544 0.1707059 0.4764285 0.2371313 0.5752786
0.692638 0.9179746 0.2298401 0.1893212 0.8467829
0.1515848 0.08027438 0.4006108 0.8649765 0.2619468
0.8123495 0.5280538 0.5635351 0.8500134 0.9410761
0.4974074 0.5980083 0.2901114 0.2050275 0.323092
0.3786514 0.6348954 0.8464999 0.5528943 0.3476549
0.6454197 0.7354475 0.4815069 0.9359967 0.9754015
0.1608835 0.5077456 0.8889644 0.0162295 0.2398282
0.1867619 0.08967592 0.3228228 0.09162982 0.955998
0.3318692 0.6487477 0.5168872 0.6311056 0.4132094
0.3881376 0.4172416 0.5481075 0.5392578 0.7323703
0.07311447 0.6721235 0.5968301 0.05206619 0.9800403
0.01068529 0.422043 0.2269937 0.2547587 0.7212495
0.724936 0.6764515 0.1223587 0.1450948 0.4928138
0.7021522 0.7848796 0.2354871 0.6261487 0.9997481
0.6791383 0.9328908 0.9235201 0.04382244 0.5477111
0.6756298 0.6935371 0.5275839 0.2883048 0.7768544
0.5779147 0.384461 0.8532047 0.9157557 0.566799
0.7361526 0.2868295 0.5723027 0.5716215 0.07133777
0.3110958 0.855787 0.6285135 0.9493527 0.7990838
0.5349888 0.3704476 0.4855115 0.211176 0.05079978
0.02024509 0.1756758 0.1224431 0.6822839 0.1984117
0.1117064 0.7981853 0.4543146 0.9904944 0.5802115
0.8394336 0.8101488 0.6534998 0.4297083 0.1273927
0.5632402 0.9391997 0.6779078 0.8798344 0.7344301
0.7807577 0.2342079 0.1986119 0.7248309 0.05837385
0.06276106 0.5881934 0.09554503 0.9995096 0.3925918
0.7076684 0.5197063 0.4639388 0.01090033 0.7375388
0.5664248 0.7173798 0.4226159 1 0.1325043
0.3921016 0.4022988 0.674258 0.6865256 0.6243916
0.748801 0.5715959 0.5378935 0.4074012 0.3644628
0.9620681 0.3002417 0.557356 0.6454036 0.6358818
0.02229999 0.8904127 0.6633842 0.6643393 0.9683072
0.6498363 0.4019247 0.2386688 0.5510639 0.834629
0.9620697 0.6097853 0.3399729 0.1626978 0.02126249
0.0796819 0.4309849 0.7189155 0.1148586 0.1459493
0.5388748 0.6138094 0.01348159 0.2315758 0.1059257
0.3236808 0.6265209 0.02080293 0.1333898 0.1619913
0.1114546 0.1845575 0.6883172 0.3504498 0.1514639
0.163024 0.06479342 0.9456219 0.4691608 0.7750402
0.4101537 0.1127538 0.1175143 0.3454609 0.2977267
0.1304424 0.04288275 0.1288807 0.1026976 0.2165883
0.3500741 0.9501146 0.3105637 0.8257694 0.05583181
0.6085269 0.09664101 0.07663065 0.630249 0.2731388
0.8756764 0.5372796 0.4747317 0.07153818 0.24994
0.9695846 0.5854193 0.5130933 0.7950228 0.6993338
0.2759422 0.959799 0.4747804 0.02503414 0.2485171
0.9034207 0.4883968 0.8512649 0.8543496 0.3587128
0.5367105 0.3544625 0.7679595 0.4517619 0.7076707
0.1647426 0.8979581 0.06896877 0.5371057 0.4097081
0.1521666 0.1110272 0.3920361 0.2560864 0.6660938
0.9215717 0.6455713 0.5510852 0.5702534 0.3991952
0.1633057 0.6884612 0.3815112 0.1123085 0.8341293
0.7106437 0.5723616 0.2485765 0.2389708 0.324204
0.6691111 0.6446247 0.06873909 0.6028047 0.6013235
0.5930041 0.2374609 0.7752402 0.04006553 0.7833549
0.7325311 0.5356433 0.04538405 0.2959708 0.3656808
0.193924 0.2129084 0.09269119 0.8795625 0.9379138
0.5187272 0.05733849 0.1975145 0.6764151 0.5705396
0.6071733 0.8295629 0.1346815 0.8537168 0.5793577
0.7857608 0.6322898 0.5968872 0.9040671 0.6235341
0.3826334 0.5688929 0.8648601 0 0.7668223
0.5952848 0.6336455 0.1379288 0.6378935 0.4214222
0.8389263 0.3155859 0.5955957 0.6219288 0.6672979
0.5871949 0.9422708 0.2243979 0.6884175 0.5201272
0.4154224 0.4997416 0.7684815 0.4249098 0.01672323
0.7733107 0.03653656 0.521544 0.5791464 0.107535
0.4792096 0.08692307 0.5182009 0.9870758 0.6015003
0.205395 0.4182627 0.4608364 0.9567692 0.1800144
0.3228001 0.7219049 0.2400091 0.6785244 0.2254296
0.9961446 0.1799311 0.3289674 0.1526455 0.3892461
0.2194947 0.007975222 0.2652076 0.7412474 0.9511354
0.415856 0.3585786 0.4404996 0.4107423 0.8801788
0.1140006 0.8113316 0.0288595 0.696558 0.2111646
0.2663848 0.4344602 0.8465767 0.2136558 0.05328507
0.05008539 0.7054623 0.9774126 0.2937316 0.3722899
0.3161649 0.3181525 0.3872427 0.3139314 0.2117165
0.8640227 0.3670758 0.8673278 0.8825622 0.9021141
0.2629223 0.9890741 0.2397145 0.7706075 0.2841471
0.9768069 0.1062013 0.824137 0.7280531 0.8848694
0.1242989 0.7764159 0.2553043 0.2979751 0.3877587
0.338936 0.1250184 0.2632263 0.9553147 0.9895726
0.5837651 0.2818259 0.1007898 0.1970881 0.3663771
0.679013 0.6245849 0.3526388 0.7594646 0.6796496
0.05877976 0.9609517 0.01787175 0.5942857 0.4560252
0.4727932 0.2722221 0.2164362 0.2005611 0.9705552
0.7971186 0.8741489 0.9991159 0.7058674 0.9944782
0.5568231 0.0431445 0.735223 0.471232 0.7141981
0.7540885 0.4855749 0.329551 0.7045846 0.33337
0.6285777 0.02796126 0.8215893 0.2503426 0.6502429
0.3948494 0.4819716 0.2940642 0.6567655 0.9343499
0.09901894 0.8279359 0.9327259 0.4454176 0.7601113
0.2688752 0.4322497 0.08411895 0.8211933 0.07063383
0.4234533 0.2984431 0.6131551 0.6945492 0.02109984
0.8388621 0.3650495 0.4486296 0.7882666 0.3586705
0.453094 0.3874182 0.2540292 0.4184597 0.7008759
0.720189 0.1242647 0.8457654 0.182828 0.3289075
0.7387078 0.1725138 0.9441489 0.9073709 0.6983327
0.2971083 0.6765856 0.5504438 0.8077743 0.5731134
0.2573167 0.9369938 0.9173656 0.5165374 0.9220587
0.6522508 0.8955223 0.2649709 0.07800872 0.5070633
0.24554 0.3714268 0.9623679 0.5393709 0.7730386
0.1986457 0.3693194 0.3926711 0.9608895 0.4521655
0.9771222 0.3803721 0.8266343 0.7036243 0.808898
0.668447 0.877771 0.5501642 0.4378286 0.5295775
0.3001379 0.02635134 0.662328 0.1378995 0.4496998
0.169416 0.6133877 0.1136735 0.7217726 0.3214717
0.1245936 0.2723877 0.8455064 0.1052117 0.505503
0.3866194 0.2988092 0.3571036 0.7399162 0.743917
0.862991 0.3902389 0.7306605 0.7848294 0.04820804
0.8012325 0.971173 0.382089 0.5364352 0.4114863
0.9915591 0.7699772 0.4325241 0.2330655 0.5201017
0.742191 0.829681 0.3114659 0.9733034 0.2925402
0.6926949 0.2113157 0.3349268 0.4819529 0.1261122
0.8828365 0.9160222 0.6415803 0.1741071 0.9537671
0.1825455 0.4724572 0.3765198 0.7545882 0.6851287
0.6503374 0.9604939 0.8502964 0.4960055 0.2276635
0.2700734 0.552183 0.7202375 0.5728445 0.767074
0.678688 0.07053769 0.07071099 0.1813904 0.7960103
0.6890145 0.9571796 0.5367549 0.2203969 0.4111396
0.7957322 0.2271474 0.5942576 0.016365 0.1850922
0.8543409 0.5642999 0.286986 0.6510124 0.7823183
0.9311454 0.3048012 0.5043713 0.9957613 0.745357
0.9552449 0.5464429 0.5059826 0.1268494 0.9328784
0.09186493 0.4378772 0.495822 0.3389961 0.2560263
0.3402161 0.626986 0.5093243 0.9123617 0.1617316
0.5497046 0.7602545 0.9522103 0.2959696 0.9261926
0.9869962 0.407174 0.8210862 0.7242484 0.6157029
0.5030263 0.03906629 0.944869 0.9309587 0.8954422
0.8332258 0.3320488 0.2244972 0.4739762 0.5210454
0.4549233 0.2478574 0.4415569 0.07902072 0.2327754
0.5053544 0.9124688 0.7672159 0.9752779 0.3933428
0.2832517 0.9654562 0.8253208 0.03480327 0.3596334
0.1538641 0.7058561 0.9691407 0.8859394 0.5223525
0.4237681 0.2084392 0.03702566 0.4158439 0.2937516
0.09833925 0.9995179 0.2437656 0.5935253 0.150659
0.5037359 0.8043242 0.5003051 0.004602914 0.8514778
0.4164311 0.02677548 0.9510276 0.9236962 0.9689225
0.5078381 0.4128212 0.4841087 0.7059011 0.5929988
0.9157202 0.1419846 0.8744529 0.02635641 0.9634277
0.457738 0.8763846 0.1982098 0.4815129 0.47162
0.8606667 0.1272497 0.6645728 0.02452031 0.1390855
0.7193104 0.07308589 0.3552918 0.4602149 0.1373702
0.5716488 0.7235467 0.5689714 0.7735624 0.9310519
0.01240068 0.06024664 0.9476318 0.6227323 0.676783
0.1212393 0.9140194 0.814459 0.4494218 0.05933891
0.8397978 0.04756536 0.5098714 0.356126 0.1992149
0.9957829 0.1375316 0.07250177 0.7880191 0.102002
0.6382124 0.2954505 0.93192 0.9440107 0.0743525
0.3917879 0.7123107 0.7931019 0.6296424 0.1543921
0.359968 0.1261679 0.4228116 0.8508291 0.2009218
0.3137211 0.6644338 0.7205099 0.3397744 0.2786546
0.07098932 0.308882 0.4313882 0.8718307 0.3070606
0.4258897 0.896297 0.8945333 0.8003812 0.04449972
0.6643051 0.6536024 0.382228 0.7653449 0.8912132
0.1412591 0.8144913 0.521267 0.7500113 0.1919597
0.7567154 0.5164041 0.7370766 0.4308086 0.1517222
0.8970774 0.04640684 0.2062178 0.6926923 0.3080357
0.4983714 0.8697751 0.6777973 0.8141764 0.2343823
0.8323015 0.4386788 0.6435874 0.2233623 0.1535606
0.7694176 0.5564989 0.84796 0.1072384 0.1783611
0.879645 0.9573357 0.1266405 0.922777 0.9533563
0.1601389 0.8514519 0.355398 0.1677589 0.7857049
0.06452861 0.4071277 0.1778324 0.9487785 0.9911837
0.8511277 0.3136498 0.8079116 0.2865773 0.8697211
0.1151178 0.7168193 0.7929547 0.5850989 0.4868909
0.05087759 0.4507905 0.7656035 0.6475859 0.1357918
0.6838246 0.1981337 0.6689676 0.1819946 0.9862224
0.09320693 0.2130233 0.846261 0.366938 0.8841363
0.6795941 0.7342326 0.3837053 0.8314008 0.4891705
0.09035511 0.4704345 0.6687563 0.9619601 0.4762586
0.9872321 0.4714146 0.1478852 0.4893581 0.1956767
0.1164175 0.2063154 0.3933314 0.3933565 0.7464109
0.13906 0.7698363 0.4591963 0.5068835 0.4184157
0.6278699 0.3724837 0.559999 0.1039837 0.272535
0.2268438 0.1780375 0.3484185 0.05734033 0.5652308
0.6286678 0.01558159 0.2809232 0.006249239 0.519427
