0.009813327 0.2804645 0.5450359 0.470947 0.5151425
0.7415232 0.8289985 0.2145116 0.1169478 0.9130839
0.3120712 0.8618421 0.8971524 0.9906058 0.958765
0.5589627 0.2705252 0.2116413 0.3236072 0.4768806
0.555169 0.1728317 0.3427958 0.7268415 0.3174221
0.9924205 0.03027526 0.4410716 0.5615287 0.2409175
0.9637693 0.2457631 0.8490429 0.2202771 0.3108118
0.119322 0.952329 0.3237044 0.4509779 0.06468537
0.8653285 0.1506093 0.5465038 0.8017616 0.192385
0.1349951 0.4045649 0.1803369 0.4146069 0.5785452
0.04386725 0.885389 0.6719667 0.6436252 0.2401236
0.8143819 0.9474582 0.5064025 0.2306701 0.6543223
0.1896489 0.9373535 0.7064128 0.6981917 0.3940039
0.8946726 0.02285609 0.002708757 0.3455955 0.8970402
0.667603 0.7686839 0.4440682 0.07998445 0.7206428
0.201088 0.3193516 0.9788287 0.710966 0.8183977
0.6776368 0.8690985 0.9848363 0.137498 0.8430797
0.877105 0.6536181 0.568123 0.4976219 0.6239648
0.5218857 0.836931 0.7996627 0.706859 0.4160211
0.8604907 0.2684347 0.5768572 0.090451 0.3041593
0.3481112 0.3141496 0.2807926 0.6502096 0.4765197
0.7525865 0.5823334 0.07623023 0.7189165 0.4242051
0.9841712 0.6516595 0.1838402 0.7808495 0.8138366
0.5534863 0.3325841 0.898374 0.6012169 0.1402252
0.04808775 0.05851343 0.6066251 0.7906365 0.6937291
0.8715023 0.9515332 0.8136679 0.5808585 0.9984441
0.7331558 0.5777381 0.8441001 0.8097496 0.8970812
0.6211654 0.08216408 0.9972682 0.2681397 0.3000769
0.4108366 0.7304619 0.05694347 0.04348825 0.7545531
0.3657835 0.9121024 0.6220205 0.3284786 0.4994566
0.2267052 0.8785578 0.3011526 0.4497113 0.08916144
0.7949361 0.5028148 0.2906837 0.9715578 0.7476674
0.04508363 0.00902195 0.7442732 0.4264803 0.4427205
0.7396138 0.3547069 0.2507009 0.2263923 0.4387942
0.3174184 0.9128757 0.6288448 0.2633533 0.256176
0.9620362 0.0487192 0.3180393 0.3546971 0.8315523
0.78558 0.8538018 0.535416 0.0407775 0.3725707
0.4711081 0.7747709 0.2575538 0.6608081 0.4620547
0.6317482 0.9144086 0.8335299 0.850219 0.7848546
0.9691365 0.6563316 0.2981073 0.3261952 0.04114922
0.406485 0.5970953 0.5156073 0.771258 0.7022481
0.407553 0.9112542 0.8345787 0.744479 0.4056763
0.275175 0.1050284 0.5421792 0.06241746 0.7817745
0.7228085 0.1264571 0.857782 0.5300023 0.4869166
0.4815534 0.5227918 0.5056309 0.5017183 0.5225916
0.9160781 0.1260948 0.4639284 0.02709701 0.3882007
0.4343591 0.665636 0.418019 0.5281153 0.5831921
0.8595174 0.3801048 0.320712 0.02172238 0.3966416
0.5649751 0.2048044 0.01493024 0.6715852 0.1192519
0.6044405 0.3423131 0.03866677 0.1689783 0.2040841
0.7813273 0.1571661 0.6359098 0.04394862 0.6109952
0.1548615 0.524277 0.8107246 0.1856841 0.4227755
0.09828836 0.09088803 0.3733149 0.6326514 0.06084019
0.1480839 0.1895461 0.844132 0.137127 0.4456096
0.5747261 0.5683773 0.4380642 0.6211621 0.1948322
0.2082076 0.6957531 0.54846 0.3889597 0.3326851
0.8159873 0.5747775 0.1192402 0.1274805 0.2605152
0.249364 0.9887042 0.7056867 0.9118604 0.104036
0.9007831 0.4374907 0.5318744 0.7775736 0.4614063
0.8279047 0.190675 0.4644721 0.4171312 0.279358
0.03558495 0.6128401 0.03520163 0.07320703 0.3689949
0.05897751 0.3985248 0.1700895 0.1553189 0.983327
0.009079789 0.2067314 0.04173606 0.814335 0.101895
0.6366477 0.2706386 0.7820975 0.9732867 0.7634184
0.01646678 0.6181388 0.870811 0.5279797 0.5773426
0.5816934 0.1191873 0.2966192 0.06415133 0.4293204
0.5042716 0.9577411 0.5595842 0.06696397 0.3577992
0.3791775 0.3163326 0.7106795 0.7576903 0.1883257
0.9640698 0.259707 0.4814801 0.6832919 0.9784955
0.6175673 0.837915 0.2791856 0.5345206 0.1444551
0.5874178 0.7262843 0.6476058 0.6653568 0.1788496
0.8376139 0.4075617 0.7774345 0.5099408 0.1115562
0.8128762 0.04893452 0.7106776 0.347105 0.1925501
0.1242239 0.8793832 0.9153189 0.1085815 0.73591
0.9740634 0.8210957 0.3563118 0.3717485 0.925373
0.003816273 0.506022 0.7005947 0.2672787 0.8469156
0.2426612 0.6605816 0.9021432 0.8746876 0.1250334
0.8507522 0.9212063 0.2659545 0.511775 0.907515
0.7850902 0.1223656 0.0002638917 0.6175623 0.9094274
0.5391182 0.8190536 0.3950699 0.4714728 0.180444
0.08934569 0.06098394 0.7077472 0.6227822 0.4335015
0.4906259 0.2152958 0.8981926 0.933394 0.001886534
0.2564527 0.2538549 0.3811809 0.5624661 0.4916151
0.08825194 0.621054 0.3374817 0.01682163 0.5639462
0.8751856 0.7991952 0.4706882 0.8087727 0.5019001
0.646582 0.3544765 0.3204111 0.5558651 0.3176585
0.126718 0.7452777 0.6562216 0.6289065 0.5462554
0.5209338 0.02862812 0.868026 0.7037228 0.2580095
0.7706808 0.5129712 0.8062303 0.5985895 0.2764123
0.3273124 0.2362231 0.1592322 0.1978953 0.3826999
0.5466413 0.7832209 0.3396964 0.7865568 0.3383513
0.07102972 0.7830052 0.3716306 0.2931557 0.463998
0.9045426 0.354343 0.2932578 0.8346578 0.599795
0.970768 0.5087731 0.5989994 0.6178977 0.5596313
0.6224801 0.6715106 0.08827033 0.7869326 0.9538156
0.4422353 0.6139515 0.02526983 0.5567881 0.731598
0.09016963 0.5269249 0.1539539 0.238094 0.3682102
0.6536359 0.0457612 0.7509594 0.7823261 0.9507251
0.0608488 0.2013639 0.03038765 0.5820669 0.3962208
0.5990394 0.5820227 0.4587361 0.2221183 0.5081343
0.9523141 0.08798508 0.06404911 0.7491014 0.9862535
0.02294481 0.3063204 0.6521771 0.6583498 0.7853294
0.005912698 0.5937867 0.4845133 0.2491603 0.8262361
0.4464836 0.5796621 0.02376413 0.5749782 0.7955306
0.2890313 0.1217456 0.8545513 0.6889867 0.7245812
0.8696478 0.6015191 0.7473662 0.8359049 0.7896931
0.9435946 0.05997399 0.4995456 0.1501385 0.548541
0.1851353 0.3659162 0.4227184 0.9774832 0.7456198
0.2589272 0.6480575 0.7589776 0.1799704 0.4519997
0.8211867 0.8717046 0.6054458 0.07615562 0.2085678
0.1707416 0.756432 0.4069276 0.8880363 0.2237639
0.3272597 0.8526576 0.5222465 0.2859972 0.1214847
0.9380351 0.7850112 0.9574249 0.2411928 0.5953137
0.4536102 0.5890915 0.6030884 0.1637 0.3555581
0.1945532 0.5310124 0.0891352 0.2223323 0.857073
0.225276 0.3786049 6.078927e-05 0.8400024 0.5023954
0.9220548 0.09194834 0.1725711 0.09669867 0.8592085
0.1441129 1 0.5086537 0.5914239 0.6617157
0.5250608 0.03185228 0.8615825 0.4438557 0.2618031
0.6908174 0.01670959 0.8941903 0.530411 0.3566904
0.3118097 0.8050105 0.1017426 0.5699176 0.9151539
0.1876111 0.15036 0.74976 0.1777994 0.0606159
0.6668799 0.0001253435 0.5366535 0.6107861 0.2741378
0.9629512 0.8560446 0.986816 0.6161309 0.3822133
0.6405617 0.6177744 0.4460653 0.8342933 0.8460785
0.1710742 0.109243 0.5769574 0.8522037 0.5102234
0.08417005 0.4495043 0.8372964 0.5455106 0.2196091
0.02988685 0.3824975 0.9391939 0.9771052 0.6298377
0.7300842 0.856118 0.1956466 0.1245279 0.9666477
0.1478669 0.01428269 0.2627235 0.1622035 0.7851097
0.02826041 0.7042699 0.06632544 0.8403088 0.7931339
0.6101573 0.2582478 0.8543851 0.8702736 0.9043152
0.001650862 0.8859928 0.4397789 0.08542364 0.9586666
0.03235403 0.5653061 0.264383 0.5084903 0.376615
0.01847432 0.1591629 0.1503081 0.3553186 0.640015
0.6893458 0.1569462 0.3557156 0.05848307 0.9135448
0.3278797 0.5503954 0.6893308 0.5891709 0.664243
0.5528378 0.9232819 0.158288 0.2251449 0.673441
0.980647 0.1152735 0.1350242 0.693388 0.8252599
0.5168814 0.7620454 0.4009669 0.5417928 0.9686903
0.4092092 0.3396065 0.9422079 0.3561854 0.4356095
0.4551766 0.6552305 0.7498005 0.1440768 0.7785733
0.8029467 0.631313 0.3783195 0.576928 0.9154073
0.6047053 0.6661428 0.7582399 0.5136223 0.9058915
0.8599993 0.3927809 0.579747 0.9652653 0.1252329
0.05655304 0.1178255 0.2705798 0.5710954 0.3171536
0.4017756 0.921696 0.05780456 0.6556877 0.8006922
0.3746331 0.8249009 0.4807486 0.9759635 0.832998
0.3092965 0.4291536 0.0648859 0.9648859 0.8427287
0.3702925 0.5576758 0.837579 0.1027006 0.2984259
0.617096 0.0308776 0.1974414 0.8913574 0.03019492
0.4815916 0.6672292 0.4660198 0.53273 0.7886328
0.6823167 0.9657753 0.6472461 0.483793 0.9297023
0.6311396 0.1074579 0.7565403 0.5598247 0.5997803
0.4178887 0.5745081 0.4519484 0.8076537 0.4896231
0.3618827 0.5079058 0.08730984 0.8136002 0.8585808
0.1473006 0.7456711 0.02275616 0.7940704 0.02035122
0.7331008 0.741641 0.4630425 0.2242629 0.733969
0.2789025 0.363687 0.8658725 0.2016105 0.7210855
0.9100062 0.6571434 0.1843911 0.5477364 0.8592237
0.3701654 0.3294966 0.9928835 0.05153593 0.2214867
0.6960696 0.667267 0.7818625 0.04326675 0.5943599
0.2902783 0.9667128 0.4536765 0.4576223 0.4950092
0.9109359 0.03182794 0.7091585 0.8261498 0.2448493
0.4890445 0.466435 0.9360044 0.01472033 0.7580245
0.513076 0.2577401 0.4328632 0.3032326 0.6547065
0.6328946 0.6226907 0.8747763 0.7366558 0.1485429
0.6426522 0.359096 0.6385369 0.7099861 0.2969515
0.2129501 0.2566124 0.215316 0.9029471 0.5355853
0.0172519 0.06949827 0.3822776 0.005935164 0.1981148
0.7817432 0.5376641 0.7506193 0.02316989 0.1280873
0.7972641 0.4350972 0.1169307 0.6935992 0.7800808
0.563879 0.02773583 0.2974517 0.03004569 0.01881439
0.3322627 0.4538619 0.8590232 0.3901747 0.8589544
0.7672633 0.9476595 0.4179672 0.3512022 0.07620213
0.631487 0.3394743 0.9804446 0.1270429 0.479833
0.916183 0.8334799 0.02046481 0.1453819 0.4234512
0.8725159 0.9129024 0.6510875 0.4772749 0.07226281
0.6180119 0.2555945 0.3334187 0.5348247 0.6608474
0.910737 0.1967895 0.3313473 0.9422434 0.7574909
0.5735097 0.8331629 0.9801974 0.143891 0.6126615
0.5289071 0.715015 0.0735389 0.4549988 0.4170569
0.4762708 0.1224703 0.3801979 0.9149203 0.2234047
0.2201399 0.1367632 0.04581353 0.7074416 0.80142
0.3369444 0.7116358 0.6480036 0.7096034 0.7002022
0.9838553 0.1050881 0.8838577 0.4509568 0.5544366
0.9842374 0.1415259 0.1989693 0.1507168 0.6602011
0.8362594 0.4375503 0.3541556 0.4047269 0
0.3248485 0.07585336 0.4507866 0.1501293 0.7076749
0.1919823 0.01319468 0.8248391 0.2769575 0.1699586
0.5864404 0.2335949 0.849696 0.117151 0.09598557
0.006441507 0.2769562 0.2413949 0.7034786 0.02438097
0.7742392 0.9705691 0.2853577 0.5808212 0.1925172
0.4459898 0.5292058 0.7532017 0.8003617 0.3923497
0.1696772 0.836993 0.1583433 0.2530613 0.3111234
0.3254566 0.2650761 0.1309836 0.9179249 0.9443087
0.4665782 0.5626636 0.2944555 0.3698299 0.09115609
0.2458659 0.02422861 0.6936371 0.8488707 0.06901849
0.3860467 0.6722513 0.2231359 0.2248795 0.9991966
0.4831496 0.4050673 0.5200198 0.1797552 0.3922711
0.211937 0.2459558 0.305363 0.2067161 0.857608
0.04120142 0.2387332 0.2014347 0.9366345 0.04111294
0.7083358 0.2101878 0.8132408 0.04898131 0.8250356
0.03634409 0.9211873 0.06250103 0.118728 0.1808119
0.09858728 0.6082448 0.06544994 0.2197562 0.7955226
0.4101474 0.4434033 0.2379815 0.1904199 0.06996875
0.5927391 0.08702026 0.3192806 0.804608 0.1712429
0.09593088 0.5727669 0.960618 0.9380538 0.6515014
0.3387571 0.6525221 0.9375466 0.5020243 0.6839398
0.5608401 0.2091298 0.2975951 0.04442135 0.9353063
0.7983457 0.723153 0.8380243 0.7013439 0.367327
0.1177788 0.8183404 0.2551927 0.562286 0.5735046
0.5977171 0.9906739 0.6721489 0.3354153 0.6937094
0.03191944 0.2608721 0.1849343 0.192084 0.8640074
0.5601077 0.08858746 0.2908273 0.1441348 0.1179662
0.4803756 0.940901 0.06980489 0.8292529 0.4269183
0.8259185 0.4942138 0.54833 0.3826732 0.9403637
0.7462419 0.7480903 0.4166651 0.7955996 0.8343508
0.6272051 0.05120517 0.09251852 0.1927216 0.4910414
0.6233462 0.2690074 0.7434679 0.03052075 0.3277269
0.935939 0.3196059 0.06186599 0.6267157 0.1651193
0.5170499 0.803207 0.3640917 0.8634912 0.7249334
0.8976747 0.003458987 0.8508629 0.569184 0.6886772
0.4110059 0.6874791 0.655417 0.8264492 0.7617607
0.8382978 0.8148394 7.715667e-05 0.6306855 0.2142354
0.1230128 0.9309693 0.4741753 0.1923368 0.9357016
0.9011212 0.510509 0.4587644 0.1600588 0.8394522
0.3069152 0.3542437 0.1850009 0.654882 0.01515956
0.5115047 0.04876021 0.4009845 0.02108471 0.1025084
0.6048559 0.4658994 0.2362175 0.3737987 0.01110779
0.8552449 0.7231909 0.1699131 0.2471302 0.04702627
0.8645553 0.379464 0.4016625 0.6099407 0.5841986
0.5457717 0.4072288 0.9589662 0.9151525 0.9342951
0.2504005 0.6588858 0.6588415 0.7758033 0.930671
0.6831043 0.7041202 0.5807277 0.8402291 0.3279638
0.4408183 0.4411802 0.3396122 0.9292044 0.3564004
0.6588 0.6060123 0.478368 0.2615014 0.1475519
0.5351097 0.9331897 0.2688729 0.7980073 0.7707701
0.2045103 0.9261502 0.3320539 0.8335719 0.06687517
0.7288191 0.2260845 0.9458142 0.5952069 0.5725018
0.5608226 0.732861 0.01123613 0.189741 0.5945117
0.3674978 0.08227207 0.3643977 0.2205754 0.9271185
0.7330993 0.4615036 0.09583112 0.6069232 0.6474911
0.1549494 0.5058621 0.9563409 0.8066044 0.8978575
0.4471891 0.660819 0.9226284 0.6773334 0.6615669
0.9707752 0.9259318 0.2579156 0.3491726 0.7583819
0.1537776 0.8012693 0.6851148 0.4577264 0.8922461
0.4448541 0.9362988 0.9082989 0.5761609 0.1738602
0.9063564 0.6911312 0.4853949 0.1310411 0.6225912
0.9001825 0.9073028 0.02854311 0.2750316 0.9103864
