0.2137123 0.3659452 0.721248 0.2476578 0.8160915
0.9796968 0.3198703 0.1229125 0.2086807 0.8697885
0.5588761 0.9727552 0.4083384 0.5002828 0.4930039
0.4400592 0.1852955 0.1232486 0.5530749 0.4342463
0.397313 0.6698351 0.3352746 0.8456486 0.9947191
0.04754276 0.02746695 0.8081063 0.9005574 0.4798373
0.0813156 0.6597324 0.7671489 0.3622338 0.1922071
0.2882382 0.9907673 0.1026544 0.4783246 0.8174108
0.2807574 0.25391 0.7285117 0.7161163 0.277429
0.9713264 0.2564979 0.3023472 0.8367634 0.3090549
0.4781548 0.7198169 0.9481037 0.1685122 0.7367566
0.5763974 0.3323795 0.6624199 0.7634287 0.8070339
0.8917456 0.2806947 0.7880375 0.1290588 0.2597489
0.9271095 0.6655455 0.4915155 0.1440398 0.9238361
0.5320688 0.994148 0.3900181 0.705832 0.01592056
0.4591638 0.7960827 0.6207664 0.9411087 0.8298209
0.6514568 0.3359084 0.1034587 0.7249373 0.8704339
0.4518045 0.1312145 0.2125315 0.443922 0.4267283
0.420302 0.9308584 0.6816894 0.1918148 0.9774597
0.1446112 0.1860935 0.8122214 0.2316956 0.04332618
0.6743098 0.1165097 0.5762281 0.5028718 0.5493119
0.4267649 0.343753 0.9902149 0.368511 0.2164218
0.5862665 0.4446287 0.5569635 0.4697764 0.4302789
0.1049212 0.4138778 0.9462807 0.357527 0.4810518
0.5983966 0.4612407 0.8328058 0.9855793 0.1523109
0.01475879 0.3832617 0.768829 0.2544298 0.3409277
0.0949686 0.5433577 0.8929979 0.6616226 0.9811222
0.9814734 0.1290351 0.777846 0.3289599 0.6916138
0.3006522 0.8511193 0.07841874 0.5188048 0.1957919
0.525909 0.8911092 0.05414702 0.4489167 0.7788989
0.5814848 0.7365243 0.9893489 0.09262648 0.9241437
0.7863215 0.6772019 0.7565466 0.02115472 0.6589118
0.5810848 0.9871782 0.2931382 0.5718019 0.02051939
0.851531 0.2476845 0.647054 0.5086828 0.3973903
0.2995908 0.1027984 0.3872739 0.2440501 0.3864279
0.2508838 0.01484856 0.2591332 0.8706133 0.7857275
0.3985565 0.9178795 0.954659 0.8167976 0.4812374
0.6850127 0.1138532 0.4900447 0.1736078 0.9204091
0.3186014 0.3672673 0.3089795 0.8538194 0.5307039
0.3218457 0.3652531 0.2938628 0.2027815 0.8639452
0.9289665 0.7110953 0.3728563 0.03866789 0.8818392
0.806864 0.6090971 0.01634975 0.001097816 0.6946133
0.8597911 0.3059088 0.6824829 0.2890564 0.01504844
0.7179678 0.06129599 0.5469634 0.9874591 0.2776457
0.2466319 0.5941066 0.2163017 0.2224929 0.8534152
0.4527452 0.473876 0.591308 0.4938394 0.6536867
0.9439014 0.921277 0.5082517 0.07106271 0.0798509
0.6593517 0.9543331 0.1397523 0.5656039 0.15428
0.6576463 0.9133773 0.7025889 0.2962057 0.9093157
0.775322 0.1421545 0.9843829 0.2224084 0.09172067
0.7691355 0.1539171 0.5423581 0.08057801 0.3478369
0.6458765 0.5418322 0.1634683 0.7983648 0.9917495
0.1007419 0.9188514 0.2176734 0.06334683 0.01620289
0.1025123 0.3398109 0.2380716 0.6209478 0.09687716
0.04881298 0.004539651 0.4908226 0.7925244 0.3895916
0.9732003 0.4098102 0.4244057 0.06234418 0.2503601
0.9082922 0.8086786 0.4366224 0.3560029 0.07072429
0.114571 0.8956908 0.007719279 0.2083956 0.5865112
0.7579447 0.138161 0.8698486 0.2761046 0.7225944
0.590454 0.3434602 0.487453 0.2543055 0.3416766
0.5363065 0.06963959 0.1914993 0.2856847 0.6884686
0.07862246 0.7932039 0.9515416 1 0.9784326
0.01918662 0.03138539 0.1896969 0.8436474 0.6004639
0.7714499 0.8209838 0.8484121 0.8952941 0.9415099
0.7272049 0.5029827 0.367144 0.4619602 0.3358351
0.2899498 0.8270874 0.01050526 0.8470294 0
0.87529 0.2928934 0.01696684 0.6778968 0.5593592
0.4513451 0.6593765 0.1918875 0.5210018 0.692522
0.7008261 0.1056567 0.08288153 0.911578 0.2629449
0.1476521 0.2631667 0.2692422 0.3151091 0.9540116
0.2573051 0.6994103 0.2770777 0.9546812 0.3968384
0.6899304 0.4518421 0.7654398 0.2617756 0.1623737
0.08362445 0.3456323 0.3118905 0.1030945 0.05604893
0.1341446 0.1819105 0.9096976 0.3023007 0.1580032
0.3366162 0.6577546 0.9468623 0.7289111 0.07769533
0.349196 0.5484588 0.1512632 0.8801004 0.836201
0.6236788 0.9214449 0.5418259 0.01106098 0.5230899
0.4497368 0.7423356 0.1465367 0.3225445 0.7331514
0.5378423 0.678346 0.7661733 0.4753683 0.1350379
0.1145225 0.03922976 0.01627564 0.4071499 0.262808
0.9666228 0.8245698 0.2676912 0.9771086 0.03759724
0.2152886 0.3479262 0.2116639 0.6231495 0.5918474
0.6378361 0.5913132 0.477605 0.8738454 0.2109712
0.1494517 0.01096063 0.2913719 0.3562424 0.089186
0.05655998 0.3569791 0.8581914 0.8458442 0.08634696
0.5217003 0.6253688 0.5427166 0.1531812 0.07109832
0.4886823 0.7479206 0.6979955 0.167611 0.9707813
0.8780511 0.2095517 0.1896474 0.6550292 0.08843414
0.05931648 0.215813 0.02453919 0.7634461 0.08906191
0.3760142 0.7961303 0.3655666 0.7649446 0.5436056
0.05341037 0.0995007 0.5662803 0.9713542 0.2868017
0.4953797 0.7405512 0.3986333 0.2407112 0.5359866
0.3527355 0.2029008 0.3761126 0.8431579 0.9257065
0.8645302 0.9802154 0.09283634 0.06749308 0.2698898
0.9832789 0.4861177 0.2459827 0.9626958 0.9169652
0.1856269 0.7784757 0.5178429 0.1415302 0.4525014
0.7667635 0.8744459 0.7486566 0.9025852 0.5726056
0.945671 0.4968394 0.5304684 0.1992174 0.9751578
0.9178985 0.2226303 0.6822439 0.8113405 0.8645041
0.2244874 0.2896319 0.509686 0.06213304 0.09486052
0.2425588 0.2717467 0.4132873 0.2611574 0.6048528
0.8125589 0.5426715 0.009721271 0.1303215 0.7441666
0.6088852 0.1074198 0.2890302 0.2829517 0.1360393
0.00514549 0.2838559 0.1821474 0.1633244 0.1144241
0.2325259 0.01263342 0.5221925 0.9769374 0.6685249
0.7463066 0.1065834 0.6376046 0.9019292 0.103832
0.507043 0.3561022 0.066037 0.9734351 0.2690517
0.3441098 0.8303456 0.7686586 0.8736312 0.409436
0.77488 0.4604963 0.5323575 0.483899 0.1075344
0.2154178 0.4440434 0.643029 0.6917034 0.5073978
0.8442761 0.6981763 0.7366177 0.0583808 0.9538174
0.02336853 0.7148923 0.7939527 0.9715404 0.2387762
0.4248077 0.05083162 0.5672871 0.6137687 0.621414
0.406751 0.8799567 0.9839792 0.8181453 0.775148
0.5101879 0.9650182 0.2764612 0.2534062 0.9349102
0.05805684 0.6947071 0.7365376 0.1245905 0.08379749
0.07439692 0.3531785 0.1829344 0.4288841 0.2919612
0.5830492 0.4950111 0.03675894 0.7786156 0.9797241
0.7973778 0.1462661 0.794571 0.6261132 0.1283428
0.6496486 0.6622224 0.5014115 0.8845529 0.4207586
0.1656475 0.8440818 0.7260274 0.3020184 0.8777161
0.2764728 0.7727666 0.5574967 0.6222439 0.8845325
0.2808651 0.5088965 0.8544022 0.4570667 0.7555518
0.03820663 0.2160047 0.2553612 0.1368891 0.64727
0.6495895 0.3939148 0.3020265 0.5509607 0.8288961
0.5540402 0.2292565 0.7935057 0.7513121 0.6681203
0.6212805 0.8394804 0.4701782 0.2734588 0.7069294
0.6252354 0.3792569 0.0527524 0.3073468 0.5282915
0.6761318 0.1301072 0.08829854 0.6209527 0.3182817
0.5240307 0.6467522 0.3393242 0.5515545 0.8564695
0.6634833 0.08412804 0.4263544 0.1411916 0.09090532
0.1470765 0.2971375 0.4620872 0.2868109 0.7146668
0.6813599 0.2890474 0.4016815 0.1613354 0.8722499
0.2481784 0.3099485 0.2392948 0.7128663 0.1166998
0.4885248 0.7809101 0.2503234 0.1685785 0.9124861
0.04723022 0.8104834 0.2410062 0.7018985 0.5745526
0.5341026 0.334659 0.3168171 0.6072046 0.349003
0.3390998 0.2275741 0.9334731 0.9979559 0.7890125
0.3987304 0.3981715 0.5781096 0.3812029 0.6225867
0.6317422 0.3243626 0.579122 0.9571313 0.009716881
0.1095155 0.8514343 0.829022 0.5737371 0.4405439
0.553154 0.3581071 0.5683972 0.4018728 0.6123674
0.8810339 0.4713578 0.7195796 0.5648173 0.5625023
0.4449423 0.07571468 0.934602 0.8566535 0.9225983
0.09142484 0.409764 0.2337845 0.4529243 0.8045546
0.4875812 0.6524294 0.562633 0.9194902 0.6565499
0.4833608 0.03166023 0.4270317 0.3115104 0.9165178
0.7666312 0.2141707 0.3300906 0.1181205 0.5095832
0.919965 0.3719211 0.1231881 0.2766518 0.3609708
0.2831283 0.9528053 0.5038349 0.5375254 0.1084298
0.7470768 0.5979051 0.0919771 0.6566306 0.5807798
0.9393317 0.2573339 0.1566961 0.3180013 0.2638376
0.3568001 0.9350214 0.8111492 0.03066088 0.3730019
0.6724585 0.4413594 0.5947678 0.3257865 0.7796376
0.2998342 0.589332 0.2925331 0.1291376 0.1386302
0.1857948 0.01355341 0.6907738 0.6741722 0.8603052
0.3786561 0.3439152 0.7875907 0.1251032 0.3691714
0.7258743 0.3573353 0.1622299 0.01898352 0.7215237
0.7828914 0.5188581 0.6871624 0.3656126 0.09935501
0.7914109 0.387707 0.1309997 0.1197495 0.03480874
0.3909908 0.2210878 0.1438051 0.3708031 0.004456511
0.1462853 0.7072018 0.7607481 0.5555892 0.8201426
0.1009871 0.5624942 0.1240041 0.02083764 0.3283573
0.740655 0.9984302 0.7196806 0.5838878 0.2193993
0.5962936 0.886326 0.8079482 0.06184205 0.0743558
0.4155091 0.2976372 0.8603093 0.1739887 0.5802926
0.2066929 0.4501581 0.1552936 0.5974776 0.2470162
0.7281517 0.3604573 0.03233485 0.4975038 0.6371392
0.09357951 0.9756969 0.01320015 0.8900927 0.7696366
0.637424 0.5715068 0.1412062 0.2131242 0.9094485
0.5283781 0.5807805 0.9511411 0.1667429 0.8347773
0.551053 0.9957934 0.2250599 0.227304 0.2842518
0.3631466 0.04804897 0.5233992 0.4189278 0.7007705
0.315235 0.0360017 0.7833986 0.1808718 0.2124217
0.7434712 0.7662438 0.4812829 0.1244457 0.5158263
0.2128653 0.02291301 0.8796813 0.2988777 0.2839033
0.8789229 0.06286511 0.8885565 0.1512824 0.9582112
0.4109026 0.4337991 0.8857639 0.6979455 0.1011556
0.1827769 0.8839634 0.1403877 0.741006 0.9081943
0.4779164 0.7394507 0.226438 0.8156587 0.2984595
0.8383115 0.1465914 0.6465479 0.3940221 0.1890838
0.1750533 0.1933349 0.1973109 0.3553002 0.6974272
0.8164141 0.5306681 0.9113223 0.8272385 0.3127677
0.126794 0.3121374 0.8403301 0.5796334 0.5873078
0.8006621 0.9822855 0.5802016 0.9719104 0.1483424
0.3205839 0.5669995 0.5749044 0.403973 0.08478303
0.2928863 0.3170023 0.8670655 0.9855949 0.9994818
0.6203384 0.6738927 0.559364 0.9896291 0.5082665
0.2376348 0.4755081 0.3285797 0.5819826 0.3953214
0.8951374 0.6159767 0.4923056 0.8598865 0.3151703
0.4964776 0.05335579 0.1019389 0.09176295 0.9919293
0.3919068 0.1374658 0.9777527 0.8314203 0.7899498
0.003464069 0.3122637 0.2482963 0.132506 0.1959066
0.6471826 0.6671387 0.6841104 0.5883184 0.2211887
0.5604188 0.06002998 0.3932189 0.9954553 0.6030733
0.6490302 0.5797817 0.1569175 0.012132 0.8495127
0.4943856 0.3821976 0.9043482 0.4711167 0.3544075
0.2164328 0.2351386 0.4790363 0.3077391 0.4238912
0.5291848 0.58812 0.5685262 0.2450439 0.9974532
0.2002986 0.9434346 0.500741 0.1950765 0.7081548
0.477612 0.3076896 0.4743708 0.6219563 0.3483938
0.1471451 0.16888 0.8180435 0.7471587 0.7950933
0.8893549 0.4696728 0.303985 0.6420886 0.005867065
0.7787598 0.1032218 0.949315 0.6172226 0.2024998
0.3253581 0.6331296 0.4034289 0.1159921 0.7318003
0.0007269047 0.7585759 0.43765 0.3917589 0.5245943
0.1233162 0.304562 0.4850014 0.5033126 0.8730944
0.3044766 0.6788545 0.7171776 0.01363747 0.5156157
0.2273139 0.08338249 0.05580848 0.8392174 0.6225198
0.3894447 0.09997627 0.9011222 0.4640979 0.8874467
0.9510904 0.8176606 0.2960759 0.5472306 0.1057653
0.710076 0.7219687 0.8542662 0.6276255 0.7418108
0.5326591 0.9809362 0.985751 0.7328731 0.3974559
0.03796331 0.420951 0.04749002 0.2721849 0.7624307
0.08607732 0.04368876 0.8925382 0.1523178 0.6956457
0.5048964 0.6330867 0.5339171 0.459129 0.09071088
0.278816 0.4980765 0.5719976 0.7659432 0.8133951
0.6786568 0.01772391 0.7234185 0.4574938 0.6421559
0.007799906 0.5601095 0.4992158 0.7940676 0.8005181
0.5870371 0.4369302 0.8709225 0.6904197 0.4790533
0.06369099 0.8917119 0.7880339 0.08493513 0.4313732
0.1141402 0.5483673 0.7792555 0.8539773 0.716417
0.4442796 0.186508 0.7783577 0.1147423 0.07531005
0.1545959 0.8544933 0.2033804 0.2584981 0.2961121
0.2549399 0.595031 0.558403 0.9717722 0.005737829
0.1019966 0.8040915 0.262652 0.2186332 0.1776778
0.6991593 0.6747878 0.7594777 0.8741622 0.7784553
0.2407968 0.5307136 0.263914 0.9236925 0.6535975
0.06909274 0.3904252 0.7908653 0.2087236 0.7945721
0.7304171 0.2113353 0.865669 0.1732638 0.9542828
0.8414482 0.9090265 0.8131709 0.3049838 0.4069936
0.2776009 0.06811853 0.5801964 0.06182244 0.5581386
0.8127835 0.07186412 0.499558 0.8703631 0.4699244
0.9207851 0.9151893 0.6666865 0.4800458 0.9710614
0.144492 0.1764223 0.608123 0.5018287 0.7353556
0.009503126 0.7240101 0.1931277 0.9388998 0.4316271
0.4592483 0.002885707 0.2906958 0.1945294 0.1252788
0.3153591 0.980018 0.6947176 0.09871375 0.9517894
0.4685844 0.4857344 0.02752477 0.1816782 0.1624256
0.2914503 0.9076178 0.01276083 0.177279 0.6191485
0.1027098 0.6282912 0.7457325 0.09268996 0.6881363
0.8703226 0.2698318 0.8669188 0.2890171 0.218979
0.6730481 0.5750194 0.7905185 0.730695 0.6029929
0.9511158 0.7020955 0.5059477 0.8171137 0.2614338
0.1049624 0.919748 0.6571617 0.2089318 0.05486434
0.1252121 0.998204 0.903718 0.2296308 0.3757595
0.908123 0.4679927 0.2987205 0.9388094 0.7519228
0.9952449 0.8948222 0.9848423 0.7811673 0.1489369
0.9387369 0.8592888 0.04080745 0.7031553 0.8974103
0.9392159 0.1387023 0.2925325 0.002223224 0.2330222
