0.9892965 0.3504031 0.4472987 0.6145987 0.97451
0.2968057 0.9296822 0.5199833 0.8350525 0.8362871
0.4049492 0.9090959 0.3458599 0.6098712 0.3951902
0.3003574 0.7175449 0.9625694 0.997818 0.815919
0.3638421 0.1230515 0.1277557 0.5541391 0.256619
0.6604112 0.08431135 0.1366997 0.3614576 0.6304645
0.1193251 0.1955237 0.601323 0.9428482 0.5065072
0.3036175 0.5863119 0.04199171 0.8940374 0.2585846
0.01437753 0.1004644 0.2827953 0.9450093 0.2290885
0.5201785 0.4630612 0.3282011 0.9347506 0.8296746
0.7074912 0.2737301 0.0786329 0.07043352 0.1478732
0.916723 0.25255 0.1820703 0.6641097 0.6119773
0.4809928 0.099826 0.2235061 0.7122349 0.4900955
0.5929492 0.09992137 0.4297699 0.835381 0.5601229
0.4339758 0.2689746 0.1188546 0.2230047 0.1225512
0.5123509 0.4887706 0.3705924 0.3165171 0.05136512
0.8224031 0.3626743 0.8166791 0.5189942 0.9747719
0.6431675 0.3504433 0.7630036 0.945208 0.03094017
0.3255305 0.1033747 0.3382269 0.4859012 0.08457679
0.4999514 0.1524831 0.3455492 0.449654 0.3071105
0.5731466 0.1215116 0.7557769 0.08216969 0.07646379
0.3511256 0.822715 0.7815897 0.4596193 0.4100591
0.1046378 0.4994896 0.06663309 0.2970707 0.9204542
0.2343256 0.1487609 0.258706 0.3229593 0.9328028
0.7737703 0.2850457 0.6653042 0.448608 0.07086604
0.404789 0.06447717 0.5571294 0.4177032 0.5840698
0.9005178 0.5705009 0.7571608 0.2778963 0.717982
0.3100678 0.3551039 0.5535228 0.6382909 0.09246759
0.2772923 0.4188271 0.1776873 0.7749745 0.7593428
0.6859132 0.6703229 0.7233345 0.2435694 0.7809101
0.7147035 0.5781279 0.181239 0.5220252 0.6344137
0.7635382 0.1683724 0.1536099 0.8206056 0.9690786
0.6736445 0.8614607 0.2464642 0.4628172 0.8325876
0.8064309 0.6338031 0.7613354 0.6761303 0.3917711
0.603523 0.390026 0.3972886 0.2614591 0.2465824
0.1574528 0.8098557 0.2170523 0.6230879 0.6134872
0.3323646 0.8561317 0.9014499 0.541394 0.8133255
0.7945167 0.1744612 0.3716435 0.5716627 0.6058272
0.3398215 0.3845773 0.6365744 0.9353358 0.9339116
0.4930463 0.3931057 0.10354 0.8067947 0.6477546
0.4983963 0.08514822 0.06344734 0.6419814 0.1913211
0.2764949 0.8828463 0.1062083 0.6552771 0.02860802
0.3986255 0.2362245 0.003096725 0.6534667 0.3290436
0.4790001 0.5532589 0.009150085 0.03849254 0.3255718
0.62196 0.2054914 0.4748015 0.04121873 0.3356884
0.07880194 0.9982922 0.6801835 0.3983975 0.2425777
0.3447538 0.1854013 0.399267 0.8544507 0.7733856
0.5597653 0.5735327 0.6400861 0.2451385 0.2132104
0.413288 0.5958366 0.718143 0.499637 0.8213804
0.1905179 0.2880653 0.8298187 0.3640711 0.7923735
0.5081447 0.6377602 0.2010281 0.2230657 0.4321498
0.1891085 0.9676286 0.2708362 0.1479162 0.8661226
0.05575158 0.06059853 0.1154568 0.6810785 0.8877672
0.7112052 0.2444517 0.01539164 0.9561725 0.08986045
0.6317499 0.2694438 0.2988862 0.2858479 0.5761123
0.08725713 0.515238 0.4841358 0.06596967 0.3558148
0.6206065 0.7487124 0.3459182 0.8256683 0.9154779
0.01036048 0.6427479 0.5714778 0.4102967 0.2602377
0.7879511 0.2633934 0.06998098 0.3774285 0.002491713
0.1503562 0.3353072 0.3216101 0.02552654 0.7295252
0.7151171 0.5828835 0.4886392 0.1973579 0.118555
0.3839144 0.9955099 0.7661776 0.1200898 0.6231304
0.6576109 0.5569602 0.6201366 0.1304413 0.1280457
0.214289 0.4700281 0.9654767 0.1698779 0.5687748
0.3267949 0.07511962 0.6827718 0.1445285 0.7476046
0.5188295 0.6414859 0.2158984 0.8882323 0.607497
0.9995554 0.01364897 0.3164581 0.2809635 0.5334248
0.05275356 0.6202332 0.3011301 0.4829754 0.9677161
0.64168 0.3687071 0.6070958 0.460307 0.5542213
0.831728 0.8164812 0.7529767 0.6264979 0.1164705
0.187742 0.4255566 0.5208439 0.1063267 0.4149925
0.959218 0.39036 0.3751367 0.01045801 0.8386862
0.2985499 0.3349412 0.7242294 0.7100607 0.954345
0.4859314 0.3837409 0.6250643 0.9875492 0.7413601
0.5733794 0.5835284 0.3364497 0.9879762 0.08731381
0.683522 0.223718 0.517801 0.6795273 0.6055459
0.433876 0.8622297 0.5764609 0.05938265 0.4857845
0.8539388 0.3174264 0.381442 0.4066013 0.2146693
0.1349848 0.8269821 0.575247 0.2335397 0.4118689
0.4234284 0.3918729 0.2786923 0.8082873 0.652302
0.8238694 0.9909031 0.5937403 0.1598741 0.378748
0.2608099 0.7447344 0.9494424 0.8790375 0.9274565
0.5495653 0.9037492 0.4219338 0.6281459 0.7334559
0.902652 0.1919117 0.1085665 0.3013493 0.05216746
0.8956698 0.2465657 0.6568613 0.5213348 0.9731709
0.5326479 0.1822141 0.2794799 0.5096139 0.6355139
0.9185921 0.4149318 0.3911743 0.4633523 0.8010356
0.9835701 0.01707946 0.1040912 0.1423196 0.2366156
0.5396935 0.5535623 0.1772945 0.1824268 0.3869311
0.261051 0.3309546 0.4532505 0.3635043 0.1294577
0.5472037 0.6306834 0.1510338 0.7268151 0.361502
0.8216014 0.8521112 0.9419606 0.5277326 0.9303112
0.4815338 0.7416835 0.9765421 0.07587098 0.7221314
0.05399041 0.2134213 0.9056188 0.01195668 0.2371602
0.605091 0.06537862 0.4832834 0.3802765 0.839742
0.9254433 0.1825751 0.6516549 0.7437246 0.0463353
0.9533255 0.6881163 0.9199568 0.9850168 0.4984363
0.5280744 0.9260489 0.7349502 0.8354137 0.2568923
0.6309878 0.9756166 0.119447 0.5123325 0.4342795
0.7119745 0.1238651 0.5039129 0.4879926 0.835599
0.5650127 0.01176929 0.887902 0.3141778 0.8369096
0.7321636 0.2417124 0.4830408 0.3210702 0.8670529
0.8955462 0.6886721 0.3708616 0.2004132 0.5128017
0.23938 0.3062055 0.3483192 0.5998984 0.6254458
0.7134451 0.6442789 0.5569754 0.7395138 0.09628552
0.07317281 0.8922645 0.6181697 0.4385721 0.3577474
0.887917 0.2433202 0.1520019 0.896563 0.09957028
0.4317396 0.6820067 0.501548 0.008681651 0.7334142
0.1000327 0.8353072 0.4868432 0.07387957 0.654657
0.8872584 0.3770211 0.3418159 0.9903867 0.713107
0.6859181 0.8761709 0.9512056 0.02214298 0.9114605
0.1592519 0.3279555 0.6294713 0.03762983 0.1369902
0.6097085 0.8952431 0.824463 0.9260931 0.1794257
0.07621683 0.7442084 0.8019857 0.7440989 0.08604872
0.5905386 0.9669968 0.6812759 0.04764713 0.2065568
1 0.4481959 0.5200013 0.278138 0.1734317
0.6297657 0.8587463 0.1794193 0.8131079 0.528807
0.05451324 0.5216885 0.3850769 0.3209049 0.6462543
0.2209793 0.04080218 0.7333285 0.7948374 0.2852746
0.4707402 0.7729696 0.725247 0.01901547 0.5905008
0.2249194 0.04860419 0.5170146 0.08479557 0.1014239
0.07853559 0.1658883 0.07873828 0.6770506 0.8342984
0.7236221 0.544907 0.4111506 0.1270321 0.2046795
0.9376404 0.01540086 0.284987 0.9044347 0.340391
0.03942528 0.7492115 0.1281457 0.7008064 0.3695581
0.9200029 0.9531018 0.298952 0.6732379 0.3859377
0.0157636 0.02806273 0.6174159 0.7792737 0.7114433
0.7833487 0.4180649 0.08057912 0.645769 0.5415099
0.760814 0.8415847 0.8611771 0.5696361 0.5013389
0.8848816 0.2363135 0.2511113 0.4987657 0.3075901
0.8648347 0.1565203 0.1360634 0.9452204 0.03750803
0.8595023 0.07344358 0.9998781 0.7682224 0.2978707
0.2625983 0.2611296 0.8268604 0.2108363 0.1157074
0.6258096 0.8186087 0.05055273 0.4148638 0.5562989
0.0923989 0.5116889 0.3504216 0.007055496 0.8388679
0.2830712 0.9680546 0.8556747 0.8357631 0.9235276
0.6565767 0.6657738 0.7170354 0.6105972 0.6498595
0.174497 0.1343771 0.9819977 0.9200373 0.06305668
0.1130982 0.4041828 0.8052401 0.5347454 0.2134517
0.3480189 0.8936984 0.4378919 0.1485048 0.5961764
0.7367605 0.6282758 0.4437257 0.1745797 0.3883274
0.3738538 0.7813005 0.05345616 0.3449404 0.7859192
0.1565539 0.917224 0.2617605 0.7841608 0.5431354
0.4272765 0.8684958 0.3864552 0.8189525 0.9759642
0.7402861 0.290363 0.491512 0.6950101 0.2878107
0.7281677 0.7383355 0.7039957 0.5365134 0.8161727
0.61079 0.867382 0.8986336 0.2678085 0.9458029
0.6489161 0.2195837 0.14883 0.3728727 0.04770994
0.04637202 0.3764963 0.9757903 0.7976491 0.5927545
0.2567957 0.6053716 0.9914518 0.7812257 0.7037701
0.2887454 0.8982561 0.5951472 0.6501766 0.3812579
0.2774657 0.6722585 0.1424069 0.1134509 0.5798152
0.8268127 0.2569567 0.2152844 0.7087573 0.3854348
0.2236347 0.2474944 0.5865116 0.8503202 0.7626144
0.7411564 0.01368769 0.6412749 0.1984285 0.07177404
0.9080819 0.10012 0.8244141 0.2895199 0.7501687
0.4524184 0.6230326 0.8117363 0.940333 0.4686266
0.02947264 0.003375496 0.6042146 0.5759929 0.02172815
0.0864364 0.5712841 0.7493883 0.6407545 0.7361454
0.3563652 0.4584128 0.0362624 0.247216 0.9189298
0.7167056 0.008740865 0.792789 0.2330524 0.112852
0.8476531 0.3787568 0.5102744 0.9635062 0.9773184
0.6067193 0.2414945 0.1767118 0.3896251 0.2609478
0.237075 0.4509937 0.1418622 0.8310049 0.5872355
0.254501 0.2666684 0.6369596 0.1075224 0.4932674
0.8098011 0.4485046 0.9550986 0.697126 0.2094546
0.8316278 0.7935071 0.09884608 0.9359849 0.08476268
0.8935043 0.8052565 0.007147171 0.1029215 0.7211848
0.8083535 0.05129834 0.5384289 0.438241 0.840944
0.3678839 0.2353873 0.003690947 0.01063276 0.14634
0.9476712 0.7362047 0.3176276 0.8187114 0.336911
0.4846389 0.7589297 0.5432496 0.09424252 0.392381
0.9972285 0.4478002 0.9175528 0.08012787 0.5670475
0.0718432 0.1013318 0.9378462 0.9957326 0.06572399
0.6404019 0.3744601 0.5501964 0.2789273 0.4061705
0.6672137 0.1721857 0.4672261 0.6516292 0.8159809
0.1107694 0.520794 0.4671939 0.6557464 0.3546242
0.1724843 0.6413969 0.6649231 0.6499545 0.8598071
5.194905e-05 0.4660256 0.8261197 0.490032 0.8940301
0.2741057 0.8674037 0.2710055 0.2351676 0.8011257
0.5115047 0.388066 0.6680453 0.6271656 0.6757728
0.4552332 0.9483898 0.5689341 0.8682347 0.3126681
0.1020034 0.5140168 0.2714254 0.4374531 0.2706437
0.4755351 0.4332897 0.5641178 0.916737 0.3045197
0.9216686 0.9380769 0.91025 0.9991424 0.1448788
0.7462344 0.2358345 0.6993602 0.8456472 0.7063554
0.2199753 0.1718009 0.4677075 0.6175186 0.5224567
0.3655914 0.3696498 0.6219972 0.5370211 0.6042545
0.9350645 0.9292375 0.3533425 0.538653 0.3787794
0.6209641 0.9753452 0.9039514 0.2390465 0.2001047
0.5175613 0.9979248 0.1769432 0.1461097 0.7078156
0.4463045 0.3145281 0.2209706 0.6692202 0.4879881
0.8530018 0.1703914 0.8952794 0.2559668 0.6439785
0.7569333 0.9727338 0.8854063 0.01981589 0.2290759
0.06373793 0.7793458 0.3804644 0.5552937 0.9397828
0 0.09992236 0.9256768 0.5872134 0.6915006
0.2451864 0.3587599 0.7254928 0.6501491 0.364466
0.794742 0.605034 0.8761147 0.8847801 0.7301089
0.1361052 0.6311214 0.235556 0.3691168 0.8457232
0.7686286 0.4846674 0.5312262 0.06645543 0.1817072
0.5361746 0.4678391 0.2307744 0.02966475 0.7675816
0.2611944 0.2286152 0.1425389 0.197363 0.9622144
0.5526846 0.0647975 0.8239818 0.5964156 0.4427969
0.6540382 0.9228368 0.2857051 0.970219 0.5795788
0.2803833 0.2727213 0.5870245 0.5884988 0.5079848
0.06758048 0.2248299 0.2642054 0.47056 0.893269
0.4642681 0.8681371 0.9137498 0.9947406 0.7114109
0.2704284 0.4012211 0.8274233 0.005842518 0.7843671
0.492286 0.2586982 0.2461233 0.947259 0.3458758
0.6942674 0.1882664 0.8255329 0.8931909 0.725455
0.5519287 0.711317 0.06443443 0.2328772 0.5306941
0.1391866 0.04595488 0.2438417 0.1877068 0.6894536
0.5089533 0.8373902 0.95882 0.7244237 0.2961478
0.5132378 0.2341909 0.5677102 0.1945697 0.07193537
0.9078625 0.465201 0.372007 0.8370615 0.01185276
0.4966195 0.3182167 0.01570879 0.3282333 0.3181358
0.4037713 0.3765193 0.8537874 0.5918653 0.243624
0.2825951 0.6200971 0.2239829 0.3237615 0.02391366
0.2548648 0.4311304 0.5762149 0.7044414 0.9386036
0.6705787 0.6884008 0.8938475 0.7394066 0.6917845
0.6302299 0.73482 0.6462115 0.1957403 0.3690756
0.356067 0.968634 0.1737302 0.6659537 0.8308714
0.697718 0.4841664 0.7522216 0.6661986 0.4868413
0.9396002 0.607735 0.1086849 0.3122367 0.7889258
0.07181928 0.5590328 0.5806718 0.4952128 0.5992142
0.01897091 0.6649896 0.413773 0.3200078 0.62351
0.09763565 0.3314382 0.4055133 0.581929 0.009497154
0.9316207 0.03759831 0.3084467 0.1174323 0.6010724
0.03672329 0.02289888 0.3676734 0.6020201 0.4779343
0.156964 0.4525524 0.190123 0.8187294 0.1135402
0.6904969 0.5650437 0.5268362 0.154057 0.5628377
0.7648892 0.281708 0.5297915 0.08261549 0.42509
0.5390364 0.788041 0.9330589 0.02843986 0.7510332
0.5616167 0.2294834 0.8728903 0.4682376 0.9475738
0.8271568 0.7708245 0.9758531 0.7685499 0.9034193
0.3572351 0.8352409 0.153021 0.8952683 0.498526
0.4970734 0.9217198 0.5128834 0.2249855 0.4055825
0.8363886 0.6136394 0.2328549 0.3863372 0.3527158
0.3442158 0.8246623 0.2698239 0.1101963 0.9393734
0.3795957 0.4211971 0.3785941 0.7576398 0.4706809
0.5174795 0.9542615 0.9421689 0.9712281 0.9878007
0.7714083 0.6084825 0.6994259 0.9618065 0.4710388
0.9089095 0.4644266 0.0796752 0.6046511 0.07052563
0.1454981 0.8944337 0.7470987 0.9299403 0.7473932
0.9972527 0.2534147 0.2855635 0.1972943 0.6045147
0.4214424 0.5583874 0.07615621 0.5197855 0.74138
0.003623939 0.8594578 0.9764102 0.5327582 0.3172084
0.3434153 0.3209098 0.8373271 0.1886893 0.7886893
0.9760836 0.2933391 0.3514714 0.8127553 0.245911
0.0926849 0.09111827 0.07882507 0.674285 0.3515628
