0.8049073 0.145093 0.2743937 0.5949979 0.3755753
0.5735099 0.0948271 0.1359232 0.08495974 0.4551865
0.2373997 0.2766516 0.125726 0.4177789 0.2837118
0.8734076 0.3926456 0.6500908 0.8410647 0.7841167
0.2481209 0.5013652 0.1686746 0.3358422 0.4028503
0.7513833 0.04144194 0.6164147 0.9848568 0.03597186
0.5126582 0.6250787 0.9323708 0.4913387 0.7961347
0.3816484 0.1242821 0.5626752 0.5218028 0.3850244
0.5103017 0.3315293 0.1825476 0.8692094 0.2811083
0.7665747 0.1012665 0.4965665 0.5856989 0.9267141
0.9377724 0.001346641 0.1108597 0.5013013 0.9801728
0.3933622 0.7171906 0.9959618 0.2241031 0.7748407
0.9545023 0.9444541 0.5591045 0.3755634 0.989386
0.6652 0.3661225 0.9767442 0.8084335 0.09360684
0.6428675 0.04791111 0.7556089 0.02270991 0.5506336
0.0230948 0.4407441 0.4289673 0.3425937 0.8162449
0.1218471 0.9744948 0.4915223 0.9260992 0.5770024
0.5782301 0.415661 0.3423529 0.4453364 0.1386259
0.5320866 0.7262902 0.1277152 0.3225302 0.8286541
0.1539334 0.9508501 0.04875588 0.6565351 0.6965641
0.2954253 0.09001475 0.9236117 0.2057438 0.889738
0.7260483 0.5759118 0.9474961 0.02469525 0.9745264
0.9742009 0.5957249 0.7835819 0.5618134 0.8784472
0.906347 0.7934647 0.9684703 0.9488267 0.3842434
0.1067629 0.9153277 0.7314059 0.5498694 0.8565828
0.783245 0.9234947 0.6392906 0.3646137 0.1867367
0.2803 0.002396264 0.5880226 0.2766961 0.5776517
0.2756486 0.6244257 0.0755551 0.2012061 0.8474042
0.3443806 0.1210583 0.2156065 0.7450908 0.1161603
0.7450898 0.5485557 0.6200296 0.1850323 0.323561
0.7073665 0.5226744 0.2125508 0.74973 0.7138369
0.0001506874 0.1072064 0.9307552 0.726133 0.945817
0.7586746 0.3989458 0.3614205 0.6306607 0.1305571
0.7544271 0.01069999 0.1786854 0.773226 0.9635457
0.01697734 0.1326882 0.6285425 0.578766 0.3184565
0.8409477 0.2750003 0.9621287 0.7353671 0.8831227
0.06546197 0.2155147 0.3463976 0.5886834 0.8880559
0.5733893 0.2621705 0.9608584 0.4329762 0.5699827
0.7878236 0.168985 0.4925285 0.369127 0.6020526
0.1330263 0.87196 0.3072105 0.7848614 0.3084633
0.007706508 0.0726103 0.08522569 0.1526404 0.5241818
0 0.2702346 0.3785343 0.4170064 0.1124311
0.3943489 0.466653 0.8801087 0.1788988 0.2216437
0.05335705 0.242721 0.8575477 0.4412938 0.5962045
0.2827388 0.3893902 0.09068909 0.9661586 0.8032094
0.3823882 0.2016478 0.9723619 0.317546 0.001672691
0.7478597 0.222732 0.6943082 0.8872488 0.145803
0.1866002 0.5347379 0.8898404 0.697885 0.5890849
0.84762 0.7817055 0.08162825 0.5756025 0.8688217
0.3389666 0.8638742 0.9984694 0.0521432 0.2004651
0.7326883 0.3739061 0.9516799 0.06933239 0.3773681
0.8075591 0.590084 0.6851254 0.8978403 0.2305796
0.1531579 0.6510861 0.09066094 0.3205056 0.1558891
0.5392286 0.4399921 0.6611848 0.9731273 0.08146382
0.3616527 0.03717203 0.1079885 0.663124 0.8313513
0.538901 0.1678854 0.5362663 0.001634009 0.7093072
0.5301801 0.273525 0.6006929 0.4987664 0.6332618
0.2525464 0.1850088 0.05735154 0.04994497 0.7764717
0.811953 0.8042761 0.76143 0.7214957 0.5203404
0.6982492 0.8936842 0.1640703 0.4155572 0.969034
0.802828 0.1765964 0.5479534 0.2616046 0.7245464
0.4713531 0.9662007 0.3451016 0.7314518 0.2386631
0.6625392 0.666962 0.5129196 0.3204502 0.01011842
0.5397122 0.4209756 0.1219337 0.7628173 0.3049409
0.7350458 0.5176941 0.2632677 0.2536561 0.4844383
0.5772749 0.1297858 0.2418128 0.2860849 0.5708791
0.9137796 0.847183 0.3473673 0.4936159 0.9177832
0.7511414 0.668945 0.408816 0.8729493 0.4864978
0.7931235 0.3309317 0.6792745 0.518249 0.8899623
0.01796717 0.5235167 0.7529833 0.5218887 0.7150299
0.5934739 0.6660686 0.2714573 0.726034 0.9160781
0.4934513 0.8088475 0.5837219 0.2582105 0.4059445
0.2253541 0.1972841 0.2974086 0.5606551 0.6059028
0.6723347 0.1525572 0.8219597 0.124379 0.5019358
0.7935077 0.7261787 0.8109071 0.5493547 0.5194979
0.814418 0.8471721 0.8834862 0.1591473 0.5913114
0.1261644 0.8893584 0.6626404 0.8532192 0.4107752
0.06661913 0.2150117 0.4026822 0.1209069 0.505467
0.8713452 0.5420739 0.7825161 0.695868 0.1223201
0.4604824 0.5467442 0.3551898 0.4738873 0.9952563
0.1243342 0.3166668 0.1993736 0.4945648 0.9115171
0.6636918 0.3039491 0.066252 0.4762109 0.5819411
0.9312251 0.2571281 0.1099895 0.6220699 0.8308167
0.07771877 0.5202731 0.6017325 0.1423766 0.4556451
0.3693675 0.749094 0.1422416 0.08367176 0.05553048
0.6110141 0.8943192 0.1404664 0.8400797 0.2148971
0.3294712 0.7628885 0.04298203 0.02367766 0.1154732
0.9982784 0.9146777 0.3936135 0.641221 0.5136459
0.4324577 0.2010481 0.8861993 0.1649487 0.7882031
0.768294 0.1797324 0.2631003 0.9508037 0.7075487
0.3138634 0.05328449 0.3522036 0.5732615 0.7069838
0.2230843 0.2893238 0.02978084 0.6703367 0.596871
0.7356632 0.6025094 0.2574544 0.5597106 0.09330775
0.06885581 0.2899322 0.1287595 0.9936482 0.855301
0.7810904 0.6709828 0.5749143 0.2348095 0.9662116
0.7965693 0.3144501 0.1943281 0.01864473 0.30002
0.7898653 0.9756632 0.4707452 0.7796161 0.008977919
0.9195382 0.2326698 0.8405604 0.1223623 0.8007837
0.34353 0.1443706 0.2238911 0.9538109 0.9590613
0.7640188 0.4645737 0.3629705 0.9667008 0.9248645
0.536128 0.6213978 0.9471802 0.07734823 0.8522592
0.04392034 0.5970297 0.1696346 0.9668849 0.5272443
0.9001179 0.1404379 0.9530596 0.7723449 0.07895863
0.842316 0.7593226 0.3167718 0.7703787 0.8087829
0.4304579 0.3918187 0.1514602 0.6673504 0.7074817
0.4488346 0.9782047 0.6743073 0.0453514 0.3388469
0.6123187 0.6893992 0.1895113 0.4560122 0.9287701
0.1037294 0.2289434 0.6260285 0.5251041 0.7257017
0.6593113 0.3042508 0.5968207 0.03996773 0.4072074
0.9872763 0.3485021 0.8477397 0.8786355 0.2256357
0.8116825 0.4537086 0.7746259 0.2485444 0.8100629
0.3493172 0.2990893 0.4244572 0.8247179 0.9904772
0.3854959 0.5175901 0.9310943 0.5581354 0.3605626
0.2808904 0.3483354 0.03423314 0.2810876 0.809043
0.871106 0.862509 0.5121637 0.812456 0.9178793
0.3066724 0.0005020817 0.05070562 0.1925842 0.4075919
0.3647444 0.3194372 0.911467 0.1094573 0.2731816
0.6366643 0.9967842 0.4421699 0.3592732 0.5210373
0.6546836 0.3524475 0.8045089 0.5499808 0.687078
0.4328998 0.181821 0.1608722 0.7685043 0.8756141
0.9505232 0.4101149 0.3436633 0.00715331 0.2875003
0.8344218 0.7060517 0.6345389 0.3184169 0.600556
0.2055041 0.3230106 0.4609799 0.06352685 0.2659244
0.610308 0.2580169 0.2015168 0.6570729 0.8270207
0.5271258 0.4784723 0.5506249 0.8642411 0.1227365
0.3506904 0.3705002 0.8710525 0.06660914 0.6530399
0.2384508 0.8657667 0.6213749 0.3515236 0.8402031
0.6875807 0.498223 0.4699575 0.2344037 0.2184468
0.1530487 0.4199493 0.3551781 0.7069718 0.8229458
0.6007624 0.9984646 0.519021 0.9960628 0.6055943
0.7764613 0.8476721 0.9783415 0.01487727 0.2702398
0.3826624 0.8558189 0.8958198 0.5000377 0.533083
0.1571829 0.8154217 0.8507612 0.02917245 0.9902558
0.4161908 0.5562658 0.6338771 0.3526927 0.5812939
0.1425436 0.4562252 0.4011053 0.8506866 0.2746165
0.8583999 0.7917612 0.184039 0.6456818 0.1875393
0.9171912 0.396519 0.08886953 0.9929467 0.9491175
0.7804274 0.4482087 0.05811165 0.9521853 0.408951
0.923101 0.8552146 0.4790186 0.7407313 0.8414066
0.4536358 0.9917621 0.6674053 0.09204866 0.9000232
0.9543482 0.9909541 0.5505526 0.07813146 0.7986042
0.6722782 0.4080242 0.125799 0.4041776 0.641422
0.6069726 0.6670173 0.05882981 0.7461612 0.5888519
0.4340716 0.2397397 0.6111455 0.2418228 0.4922339
0.02323238 0.7881282 0.61623 0.5947062 0.4621205
0.1837382 0.5553704 0.7136553 0.3500444 0.3428254
0.417042 0.589751 0.8604425 0.4487591 0.7782067
0.1702246 0.9418996 0.8275382 0.1668949 0.6851495
0.3350468 0.2036775 0.5871422 0.8729339 0.3246063
0.1765098 0.6637187 0.2067506 0.3618176 0.3681411
0.8597267 0.9338479 0.9143317 0.2734059 0.1117056
0.689921 0.03564664 0.7018453 0.160164 0.9698738
0.9240732 0.7271239 0.2853803 0.2869235 0.2662059
0.5999641 0.8784603 0.1157295 0.9323428 0.316238
0.6610405 0.3998066 0.7595646 0.2758719 0.7131487
0.7719046 0.215896 0.961681 0.8686798 0.08412636
0.5147495 0.6230316 0.9068717 0.7804806 0.005658969
0.1304365 0.4066036 0.2485992 0.5284341 0.9442415
0.8668507 0.03465647 0.2885154 0.6264268 0.8293899
0.7931991 0.1450303 0.01736044 0.4062597 0.1744198
0.8886046 0.869198 0.6839832 0.1480392 0.4014802
0.7459395 0.839276 0.2051191 0.4164622 0.02309164
0.5507968 0.3574645 0.8941601 0.07534566 0.8563443
0.0308296 0.3330807 0.9523921 0.5838974 0.8713696
0.1645395 0.9112282 0.8816991 0.6790049 0.7985237
0.04206388 0.8796273 0.3903704 0.7117655 0.7493601
0.9550103 0.8261637 0.7391107 0.3680249 0.3900131
0.2910907 0.1841266 0.4350919 0.4869223 0.3179057
0.3140693 0.9749934 0.6650954 0.5893753 0.4849773
0.1279319 0.05692414 0.06046825 0.0302277 0.3760079
0.9847671 0.4857336 0.7184425 0.02559017 0.3457586
0.4703852 0.4719237 0.9737867 0.1632789 0.5221767
0.7078778 0.0245233 0.9185451 0.812692 0.1291091
0.751593 0.08420504 0.9196941 0.01811146 0.6269568
0.233125 0.6283067 0.1020992 0.4880447 0.4822159
0.5612635 0.8061073 0.8791169 0.8816389 0.4696567
0.2571732 0.2044865 0.3979347 0.9085662 0.3898505
0.1185245 0.1858526 0.2275509 0.5484662 0.0623982
0.8253782 0.443737 0.5642911 0.0517253 0.6759117
0.5520004 0.04295969 0.06864039 0.1607921 0.4900915
0.1217185 0.7377156 0.42031 0.7052028 0.3294955
0.9443403 0.485061 1 0.72192 0.7637609
0.9386367 0.4295456 0.4294577 0.7978747 0.9752654
0.2065426 0.3789987 0.3825738 0.1445427 0.4284618
0.61825 0.8298184 0.9301916 0.4173903 0.2609372
0.7570394 0.198239 0.1159343 0.819592 0.5185484
0.4794499 0.755735 0.163781 0.04385429 0.5882049
0.301972 0.4904349 0.2396139 0.17102 0.8853058
0.7476126 0.9319368 0.172278 0.7551393 0.7974433
0.2405685 0.09022337 0.9817044 0.1805544 0.330562
0.6595153 0.2801027 0.1556575 0.2813898 0.9664179
0.1904857 0.7737151 0.4685625 0.5993992 0.0157731
0.6727827 0.1287812 0.5760387 0.5848321 0.485136
0.806851 0.1704679 0.6901254 0.6025519 0.7911837
0.5420139 0.2764219 0.4415418 0.3225687 0.7424609
0.8202798 0.4295068 0.6506035 0.7320212 0.1030873
0.8163768 0.9842371 0.24989 0.2916866 0.895184
0.2449856 0.7854614 0.5115008 0.0335502 0.6386205
0.2197802 0.5757964 0.4399254 0.4478842 0.7689124
0.6866339 0.5935914 0.7998744 0.5737632 0.3836957
0.8118034 0.4254793 0.4775215 0.5683176 0.7759139
0.9079826 0.1872081 0.1017752 0.2347722 0.4747331
0.765364 0.1771361 0.8039818 0.3232194 0.01142886
0.2152638 0.9655667 0.3275562 0.3666797 0.3303963
0.5819251 0.5523945 0.9511836 0.06074567 0.1593792
0.3055486 0.6928473 0.05267597 0.2635878 0.3813051
0.8085114 0.7208248 0.5628348 0.07055055 0.364202
0.9816011 0.2795627 0.7712313 0.4609484 0.5657952
0.9729474 0.1538755 0.6339256 0.8247113 0.479874
0.4660978 0.8234865 0.1283716 0.3875994 0.6798508
0.06011886 0.710411 0.1965059 0.245115 0.5821446
0.2421783 0.2167932 0.4498645 0.4087631 0.9384156
0.4554958 0.6465051 0.184047 0.7802472 0.7945008
0.8190785 0.7340502 0.2854408 0.5649573 0.4720979
0.1872932 0.08457425 0.2278181 0.1913853 0.2400769
0.6526385 0.4395375 0.1542594 0.03046437 0.1453166
0.1277846 0.5621665 0.4193818 0.3355884 0.7406916
0.7325102 0.1058517 0.6909953 0.3486234 0.6157191
0.6875893 0.260049 0.9413726 0.5032668 0.3627373
0.1121621 0.08376226 0.9116269 0.04855574 0.5350944
0.6720669 0.6838052 0.3533937 0.8986067 0.8320566
0.6474905 0.7586629 0.3391337 0.2123508 0.6214751
0.119928 0.009241617 0.9514953 0.02853487 0.07224654
0.1901171 0.4178096 0.5296865 0.4910979 0.3520913
0.02305879 0.5013127 0.2917779 0.6319745 0.09392145
0.4503762 0.3902095 0.6448677 0.4071983 0.9373555
0.5430623 0.1279358 0.6803596 0.005747715 0.7875358
0.6863188 0.9470192 0.6735584 0.8348094 0.5900774
0.9179308 0.5478789 0.7425524 0.8620022 0.7070006
0.9341476 0.3079949 0.06340739 0.3598972 0.724057
0.2730895 0.5548236 0.6376161 0.5007105 0.06879591
0.7318261 0.5615808 0.02227241 0.8299588 0.5858469
0.8826783 0.7528137 0.4367622 0.8206642 0.5649365
0.3217464 0.3370519 0.6574621 0.4610801 0.4544494
0.7677055 0.6467471 0.01336479 0.3039219 0.4597456
0.6215474 0.885192 0.9262512 0.3441372 0.6225048
0.9571815 0.4831007 0.9988821 0.9367064 0.1782629
0.00413658 0.3262983 0.7488455 0.3286677 0.3656012
0.9527101 0.004712609 0.8218484 0.7256693 0.7539313
0.6480224 0.264921 0.1424624 0.4195994 0.5939022
0.5983205 0.1769157 0.5498062 0.3469386 0.5361567
0.8851222 0.3437454 0.9882491 0.038158 0.1901166
0.1331454 0.5558447 0.3457433 0.175104 0.8204624
0.7488869 0.8509327 0.9432915 0.3424303 0.5420398
0.5167347 0.8593081 0.7059587 0.8031782 0.1898538
0.6328757 0.8335923 0.7074805 0.9911812 0.1089988
0.9544862 0.1115266 0.3997962 0.2676367 0.5064661
0.2439 0.7944738 0.2521741 0.2917446 0.6523091
0.6319637 0.8494611 0.851059 0.816609 0.2262539
0.6656008 0.9132944 0.6788505 0.7000602 0.6350436
