0.3062604 0.205382 0.8058936 0.2156829 0.7132338
0.9025774 0.401494 0.4444554 0.8007613 0.4575119
0.4140105 0.4124321 0.584388 0.3117184 0.3215425
0.8371737 0.8250035 0.9191139 0.6966249 0.2843297
0.2758728 0.5754073 0.5312893 0.6224949 0.3410115
0.7765373 0.7783573 0.01701231 0.5964154 0.7341997
0.181675 0.2186102 0.9051056 0.4708075 0.7778489
0.3614224 0.7953495 0.1151518 0.5582949 0.9168933
0.720748 0.1745686 0.005305951 0.9928061 0.6030646
0.1322572 0.9091552 0.01283779 0.7561285 0.2743437
0.2347491 0.1321566 0.4637904 0.2799327 0.1068574
0.4550854 0.6465908 0 0.5516835 0.5161897
0.03365219 0.05635975 0.237695 0.2028587 0.7042743
0.3010519 0.1010788 0.8826788 0.6990175 0.3792415
0.5639842 0.6569964 0.5653978 0.2815933 0.1237853
0.06915297 0.6808104 0.2944437 0.4409993 0.8923781
0.6263197 0.4036247 0.7430072 0.7897413 0.3457214
0.04251328 0.7200634 0.8896941 0.2807258 0.2950006
0.1265623 0.744083 0.3419214 0.5504622 0.5230829
0.07261877 0.3867122 0.2932152 0.02643263 0.4320382
0.1898061 0.2499562 0.260881 0.7485914 0.3886242
0.6316656 0.728756 0.1379121 0.6666113 0.04558628
0.4115552 0.8803702 0.7187647 0.9529901 0.8897804
0.677582 0.8591648 0.9486237 0.1325952 0.2015789
0.3994304 0.9395312 0.6664672 0.004456755 0.02393996
0.683317 0.8475236 0.9784702 0.5885669 0.2354784
0.3373136 0.5620593 0.4952166 0.09914627 0.5764384
0.423288 0.1002886 0.7785004 0.8358646 0.8656463
0.8320731 0.46311 0.4790986 0.554756 0.5125171
0.01276008 0.08850537 0.03327794 0.3949452 0.06726171
0.2342203 0.3144712 0.6024672 0.1179904 0.5771041
0.4866455 0.9549474 0.4079491 0.7631588 0.8272946
0.4891519 0.1579999 0.786506 0.1819213 0.5511766
0.9162458 0.1908237 0.2072254 0.8923098 0.7912586
0.6813651 0.5310955 0.164386 0.1519689 0.8495292
0.6086889 0.6170301 0.3060831 0.8390879 0.1507912
0.9952173 0.01445692 0.2697903 0.5893795 0.5172171
0.4006066 0.9323719 0.5664471 0.2052558 0.8477772
0.1082406 0.1845448 0.4231283 0.4632392 0.6729736
0.3373804 0.4761471 0.652944 0.9260847 0.2605479
0.6433586 0.5280916 0.09544345 0.979581 0.2571419
0.1630808 0.07387569 0.9205053 0.02281777 0.0824941
0.431754 0.9557192 0.9384571 0.4278967 0.9031491
0.8905737 0.9747024 0.5320357 0.0636103 0.982049
0.2718123 0.2029672 0.7689802 0.05191237 0.242017
0.7214863 0.4473073 0.007122857 0.03360793 0.6501941
0.1082904 0.6183292 0.4416922 0.3579862 0.2373251
0.6456914 0.3132296 0.0995043 0.5515157 0.1722985
0.5290832 0.4100505 0.01390575 0.6996448 0.8961981
0.4050292 0.1138352 0.04096141 0.6096009 0.9579108
0.4193943 0.9767733 0.163004 0.1917269 0.1746563
0.5842389 0.7157744 0.3289909 0.1256094 0.8882318
0.5484738 0.5378444 0.4420238 0.05787861 0.9750141
0.8067582 0.4294714 0.01229425 0.6394249 0.988073
0.942769 0.04093117 0.07153045 0.4413788 0.06935006
0.6851678 0.4470459 0.4662629 0.9744699 0.5429115
0.8856814 0.7162785 0.5165863 0.2170338 0.06053955
0.4905896 0.4199518 0.8082916 0.1743147 0.7712686
0.5682582 0.005651534 0.2356594 0.2832091 0.5922129
0.8026082 0.08635101 0.9486072 0.3327142 0.8752803
0.8979324 0.08175606 0.4337138 0.4406441 0.6523176
0.6913032 0.2892683 0.9422095 0.9392192 0.3522141
0.3744304 0.3870014 0.1934023 0.04998791 0.2403185
0.3670188 0.1360233 0.463793 0.248726 0.7796292
0.9853588 0.006673473 0.4690259 0.8358546 0.7813509
0.1800442 0.3932936 0.2384071 0.2583958 0.2588801
0.5817749 0.1132675 0.5340579 0.4750755 0.7364285
0.4941491 0.1671604 0.3445829 0.3563054 0.614967
0.8734785 0.6357014 0.3671926 0.9393327 0.7393698
0.01690908 0.7436456 0.09449087 0.6406664 0.5496731
0.9290292 0.7475203 0.8695006 0.01676683 0.3520321
0.4767516 0.6741214 0.7191021 0.2554437 0.2351027
0.4208847 0.8578468 0.3665544 0.1835031 0.02094561
0.05360442 0.34111 0.2557167 0.6078799 0.7547758
0.7651383 0.6122956 0.1246335 0.3800913 0.7782387
0.6681025 0.4468411 0.7237689 0.7812703 0.1088205
0.4981911 0.9672475 0.8743281 0.6573025 0.8935205
0.6761077 0.3285126 0.8563565 0.1272768 0.2528927
0.6159354 0.8279751 0.6580797 0.3024481 0.0269124
0.01335207 0.6285043 0.8088665 0.8527295 0.07836639
0.5865558 0.8019482 0.7428349 0.1892701 0.6154251
0.3046785 0.4265385 0.2902695 0.7032653 0.5346
0.4914767 0.1380376 0.3622228 0.2672717 0.5714308
0.7695613 0.2281363 0.9395083 0.3689465 0.6835623
0.1237486 0.3547918 0.3493356 0.2517287 0.1188545
0.3842035 0.803242 0.500821 0.3843639 0.6987897
0.5504696 0.3561646 0.3750881 0.5519246 0.3533206
0.3603649 0.6675179 0.05321357 0.8721254 0.1995103
0.5993749 0.9470231 0.2859831 0.3493658 0.05722472
0.1520306 0.1169609 0.7619166 0.08159206 0.2206355
0.7048436 0.361316 0.4385042 0.09309698 0.7174807
0.4270405 0.3447095 0.6618277 0.3440945 0.8416415
0.8728643 0.03442828 0.1198457 0.1941676 0.8413926
0.300877 0.4866254 0.7578279 0.417029 0.203033
0.002380816 0.1307605 0.6620159 0.8502295 0.3042037
0.8295445 0.4139624 0.6207752 0.6756176 0.3057437
0.5384579 0.6969309 0.6360037 0.1702303 0.4215061
0.8419384 0.7129336 0.2898936 0.0653235 0.7222888
0.09777112 0.449981 0.1774531 0.681428 0.02010508
0.9073001 0.6808669 0.1109531 0.1295629 0.41156
0.5774563 0.112285 0.2422638 0.5582884 0.8089403
0.6289043 0.08943441 0.2288204 0.7659417 0.3952839
0.3492187 0.183131 0.4273626 0.9295154 0.2492342
0.04984132 0.01745328 0.1901608 0.7472368 0.3293866
0.4667724 0.9889326 0.480988 0.7177457 0.9304445
0.7677192 0.7486461 0.3544263 0.6987241 0.4874426
0.6710173 0.6799321 0.3212225 0.2233876 0.7715294
0.381376 0.5695894 0.03689388 0.3586827 0.245498
0.25814 0.03346116 0.1494628 0.3552754 0.5310512
0.9704959 0.2931461 0.1515252 0.6727543 0.9643025
0.4087864 0.6102424 0.9092671 0.4964696 0.2672599
0.9563854 0.1855633 0.233906 0.6617513 0.6266936
0.1789429 0.77149 0.9824602 0.568372 0.8086019
0.9002438 0.772162 0.9637339 0.2933322 0.4229206
0.3916778 0.4902178 0.351211 0.9820353 0.9695057
0.5151703 0.9533017 0.9820048 0.9707246 0.5831216
0.9918137 0.629866 0.4762767 0.08681108 0.9678952
0.5165115 0.902563 0.9392436 0.8873502 0.7295257
0.9468888 0.7886063 0.04587954 0.0491369 0.4173009
0.08168182 0.4070823 0.8140643 0.8172371 0.8505486
0.9970487 0.6714815 0.5129754 0.9594723 0.1670837
0.9470722 0.01467731 0.7858962 0.9004202 0.7667471
0.5134791 0.4453726 0.1496339 0.6960617 0.943858
0.9528955 0.5796799 0.2633552 0.3301827 0.9242385
0.7393165 0.03292316 0.8643446 0.376378 0.6889913
0.5797415 0.7756102 0.5867086 0.7070282 0.335619
0.7266989 0.9113955 0.7305381 0.90123 0.3001807
0.03457712 0.5479502 0.9302491 0.6289538 0.545741
0.2464198 0.01800147 0.318872 0.642243 0.009215439
0.6644268 0.5288542 0.1532217 0.08998698 0.4759278
0.6807773 0.9266002 0.04914716 0.7167735 0.2558954
0.01566583 0.6492653 0.1241219 0.7553961 0.5936049
0.2948053 0.487235 0.6719909 0.1287028 0.7926467
0.1597905 0.5311826 0.6975588 0.8171872 0.05039948
0.6993513 0.02121951 0.3103437 0.5495645 0.7270464
0.1137984 0.1052476 0.2935754 0.5070432 0.2271912
0.2650553 0.1615022 0.916281 0.3176042 0.6151347
0.1616813 0.737434 0.8136798 0.2115409 0.03328452
0.9249748 0.4996636 0.2101276 0.7438139 0.7463801
0.9879 0.02810984 0.9352613 0.3003672 0.5261058
0.9666931 0.4170935 0.4123431 0.04385534 0.4363343
0.5182028 0.7404404 0.8645459 0.004201689 0.5949332
0.8289373 0.05930414 0.627513 0.1135718 0.9084199
0.8415677 0.3224897 0.7177668 0.9707703 0.1254721
0.1546383 0.3787643 0.7113127 0.8144449 0.04650414
0.6868232 0.8844649 0.8391425 0.4029412 0.1339514
0.2496244 0.9516406 0.9970299 0.2112287 0.007578781
0.4706849 0.06780914 0.1935623 0.4184817 0.7681314
0.5145438 0.8083783 0.4713766 0.3966849 0.04945084
0.7975134 0.08209965 0.8906772 0.2906232 0.3587759
0.191054 0.4380389 0.6228378 0.08327103 0.1447231
0.03286155 0.6371212 0.7174322 0.9655688 0.5561526
0.3642107 0.5971351 0.7201633 0.4592962 0.9722592
0.4174237 0.4906278 0.9951209 0.400519 0.3377965
0.7444855 0.412664 0.7289963 0.5066168 0.3493802
0.4262168 0.6653709 0.09359725 0.9281088 0.2703035
0.3680809 0.7943579 0.2248325 0.314822 0.4661842
0.0956225 0.7486467 1 0.2108108 0.2553388
0.6071929 0.7434778 0.4933093 0.6075971 0.7039554
0.3545198 0.4315579 0.079396 0.5790527 0.1775228
0.7604732 0.9366563 0.5828544 0.5888083 0.4344126
0.8123044 0.9568246 0.4644779 0.4943485 0.6164696
0.02874874 0.6997466 0.7787553 0.9978964 0.1439539
0.3281784 0.9926872 0.3515874 0.05494682 0.8947406
0.9774612 0.1970459 0.4565201 0.6940909 0.2445703
0.3638108 0.1133503 0.4059461 0.8493999 0.7566555
0.2886073 0.7358098 0.4830484 0.8045462 0.2899022
0.2458229 0.5483234 0.04568057 0.3732908 0.7447042
0.9697212 0.09157849 0.2457519 0.9292643 0.4526068
0.4350073 0.5003212 0.2821817 0.1745696 0.3316898
0.6453019 0.4688471 0.007954908 0.2276889 0.6877347
0.5404961 0.8691622 0.5632106 0.7626611 0.843045
0.680879 0.9138916 0.4255123 0.05593738 0.6280669
0.9229279 0.71359 0.1359637 0.3434353 0.6318101
0.5128993 0.4176889 0.9939556 0.1365009 0.9434783
0.728319 0.5829835 0.5231003 0.2651883 0.8759567
0.3132547 0.8469888 0.3765926 0.2153779 0.3579297
0.9303156 0.2488723 0.1233835 0.898957 0.4613629
0.6094469 0.7058468 0.8701104 0.2526266 0.4302441
0.4555292 0.9703708 0.490316 0.1289551 0.6964659
0.4114656 0.3868037 0.345393 0.2398382 0.8881285
0.406637 0.8804041 0.5795027 0.4764242 0.4071546
0.4724267 0.5656947 0.9107884 0.1615857 0.328305
0.3033867 0.2045059 0.003757513 0.1442219 0.8756766
0.7905018 0.02232855 0.3649219 0.5139372 0.4166382
0.2970058 0.2538615 0.8870726 0.1774275 0.3450509
0.2526418 0.07295874 0.666893 0.4170167 0.57647
0.4463102 0.7266746 0.6567393 0.2354849 0.424827
0.09228505 0.8627109 0.7994519 0.1046693 0.3402062
0.1171735 0.1690846 0.3916788 0.3715846 0.7642188
0.9965803 0.0735413 0.3054591 0.02999204 0.9662741
0.3318517 0.7569852 0.6663721 0.5567913 0.16331
0.2469385 0.9799943 0.3154563 0.6187055 0.04624853
0.9967467 0.3750324 0.9593465 0.06837871 0.7375575
0.2964262 0.9027179 0.7456715 0.9710007 0.4216521
0.8336065 0.687151 0.6241805 0.8054693 0.8067635
0.969705 0.2440646 0.6589366 0.2003382 0.6729588
0.3428039 0.8548296 0.6903529 0.3374765 0.3953202
0.6489507 0.3498265 0.1728103 0.930624 0.7119591
0.5871592 0.6097331 0.5521019 0.7059942 0.3358411
0.2491925 0.5786088 0.05984895 0.1253873 0.9198616
0.6482553 0.8913708 0.7371682 0.8770307 0.8432544
0.7458935 0.1183619 0.08891101 0.7049444 0.9250084
0.1382094 0.08146032 0.2148121 0.9670254 0.01907789
0.3428197 0.8367379 0.6810085 0.8868435 0.7635974
0.6558977 0.4141722 0.5837445 0.6333717 0.5804351
0.1154195 0.6665351 0.1854536 0.1714435 0.8875809
0.7234793 0.9964174 0.6466098 0.8266136 0.5517271
0.5266187 0.8050763 0.3690543 0.01900962 0.5648963
0.03798174 0.1475565 0.205561 0.7783504 0.5563188
0.3311056 0.9560202 0.1980105 0.6973501 0.5237962
0.5732446 0.1708357 0.9002996 0.2403785 0.3020869
0.9050687 0.527977 0.1927335 0.5270758 0.3142885
0.5525614 0.6246259 0.2573446 0.5570282 0.3006282
0.6453909 0.8590057 0.2294952 0.2705445 0.1037277
0.4055233 0.103648 0.1020117 0.4235825 0.8106924
0.7182465 0.3083812 0.7863955 0.1629145 0.1314891
0.3426653 0.2726726 0.7202312 0.9276476 0.6041557
0.7226866 0.583265 0.265396 0.3452334 0.9188142
0.2582231 0.3218375 0.5100928 0.763206 0.5785221
0.2323506 0.104759 0.5890578 0.1016102 0.4164893
0.8285877 0.8374933 0.3424599 0.3331966 0.6667553
0.9398437 0.974636 0.1825377 0.7945112 0.4059652
0.4718404 0.600608 0.2640856 0.4456879 0.406447
0.7749874 0.02365736 0.5265207 0.6515037 0.6054124
0.4540904 0.9717934 0.2515537 0.804343 0.149543
0.02646507 0.6132409 0.2881131 0.7148734 0.02482586
0.4771919 0.9769459 0.5479984 0.3901768 0.951119
0.09198621 0.8467948 0.1982514 0.9087923 0.6455075
0.1957992 0.9851533 0.4224316 0.8899852 0.1543418
0.1874608 0.3166777 0.09542772 0.9754807 0.7456814
0.7250021 0.2398107 0.3212902 0.708289 0.5027002
0.1899648 0.8378596 0.4920942 0.2998251 0.8688271
0.008689382 0.2674048 0.2942087 0.3318372 0.6091246
0.1227422 0.718282 0.5750641 0.1674643 0.48505
0.1785125 0.462724 0.8537159 0.5899322 0.2065999
0.9462372 0.4742118 0.5216686 0.4338087 0.1346812
0.5830609 0.2848079 0.06767717 0.997062 0.4564944
0.7721515 0.8334647 0.4437336 0.7615928 0.05831379
0.0260868 0.2246006 0.6102247 0.3700478 0.8005208
0.4511026 0.08935602 0.02869287 0.4608698 0.2395885
0.01130092 0.4040264 0.2512333 0.973592 0.1027071
0.4929983 0.521398 0.5821735 0.740446 0.5152872
0.7686939 0.3460941 0.3757614 0.276443 0.5520259
0.3423573 0.4874334 0.3849893 0.1113417 0.2456455
0.8674423 0.516833 0.3211477 0.7538902 0.02275332
0.3771951 0.2241077 0.6647056 0.6496964 0.8462097
0.5672954 0.7966932 0.3431589 0.03714833 0.4296562
0.7405598 0.3940396 0.8652741 0.2985005 0.3518964
0.3296963 0.3844241 0.6293983 0.6127734 0.6584724
