0.6711904 0.05501056 0.3215198 0.6134599 0.650838
0.7004539 0.5478505 0.7102463 0.7308468 0.06005191
0.1884137 0.1762675 0.3508591 0.3991948 0.60628
0.4186915 0.8451704 0.008187005 0.08992863 0.8960005
0.9634182 0.9151548 0.7979815 0.3126732 0.5347541
0.51826 0.2111016 0.5581883 0.04561698 0.5096099
0.6323291 0.05010908 0.9305614 0.5825491 0.7607717
0.1594415 0.6982211 0.5419869 0.2944518 0.5463672
0.8635549 0.3534817 0.004262352 0.1373075 0.9677636
0.09044543 0.3155983 0.5611168 0.4568118 0.7461737
0.9300801 0.7758945 0.8365596 0.7382986 0.2820757
0.3745219 0.426977 0.7280263 0.4483452 0.8384882
0.6761836 0.2359126 0.1146566 0.6211077 0.2937597
0.009558395 0.3549767 0.4225377 0.3951682 0.2062
0.05788559 0.1225314 0.2491792 0.5348897 0.1641751
0.6665483 0.2917137 0.596356 0.5428841 0.09903184
0.1374988 0.6341496 0.4209336 0.03029584 0.1205346
0.950365 0.6478932 0.1144262 0.2455709 0.8359947
0.1147483 0.8462316 0.2146916 0.3584374 0.3365573
0.6583576 0.1893966 0.5750396 0.6824577 0.8130411
0.6064595 0.6202702 0.1400402 0.8808231 0.9554626
0.7099554 0.8558993 0.2511265 0.8164292 0.370601
0.4612428 0.3136572 0.6162859 0.3510645 0.4768924
0.1039911 0.8881566 0.3694774 0.249059 0.8631314
0.6748568 0.2763067 0.6077804 0.967997 0.6692322
0.1985083 0.4785231 0.01158341 0.7649736 0.0295839
0.2036163 0.08233685 0.5892485 0.5474937 0.6455274
0.8315196 0.1292149 0.3705522 0.06114199 0.1595933
0.5426655 0.4325243 0.7175064 0.9428643 0.02096547
0.5753164 0.6590835 0.6410661 0.4339291 0.05189926
0.3081071 0.7438459 0.9475389 0.1916787 0.1297066
0.1173371 0.1421015 0.01513837 0.3066424 0.3989918
0.7152607 0.2705235 0.3999562 0.09429815 0.045054
0.2864817 0.1121174 0.9995176 0.6895167 0.6400312
0.715437 0.9770095 0.6053667 0.3758768 0.7046468
0.4985995 0.4384994 3.173771e-05 0.9164612 0.8437364
0.6409048 0.3143602 0.1897029 0.1447438 0.3119902
0.7139861 0.5197653 0.4525228 0.4466786 0.859063
0.5718703 0.6161655 0.4113247 0.6871443 0.7281558
0.3486689 0.02394381 0.1761035 0.005158185 0.2514806
0.4373289 0.1377073 0.7954384 0.7436755 0.6475818
0.4772478 0.7765741 0.7720787 0.9353731 0.3177797
0.8677025 0.4517071 0.8558733 0.4089098 0.02029028
0.04205341 0.5470815 0.1851789 0.170228 0.3326892
0.7488288 0.4234591 0.4451223 0.6233426 0.5041781
0.6310597 0.0688615 0.4294999 0.5637793 0.172468
0.1509823 0.1840523 0.6281313 0.7946923 0.1034984
0.5983743 0.2314494 0.5765982 0.8688806 0.4632602
0.179076 0.9041763 0.2631453 0.5906677 0.7963611
0.4879746 0.7929037 0.5692636 0.3083872 0.6932674
0.1120964 0.7180267 0.6340931 0.4939871 0.8794217
0.6029472 0.6431427 0.6626971 0.3940093 0.8123864
0.1850594 0.4179697 0.1458054 0.8050232 0.5664623
0.9585839 0.568328 0.7242605 0.5841904 0.2986259
0.5580276 0.9381488 0.2847715 0.3865808 0.8260865
0.4554716 0.6047044 0.2983842 0.6363016 0.4927087
0.7401535 0.9869467 0.5717393 0.4209561 0.589134
0.361588 0.6527555 0.7864182 0.9066276 0.9046071
0.5480813 0.05592526 0.4400831 0.5704813 0.09606231
0.9052898 0.9308576 0.8862626 0.08823118 0.7634395
0.0500176 0.3948714 0.3264977 0.2908805 0.414632
0.3385445 0.04286979 0.6869519 0.835463 0.9193912
0.2114364 0.03403709 0.97537 0.05273681 0.2772986
0.301051 0.3180668 0.06756434 0.2247433 0.237566
0.53073 0.5777894 0.9340827 0.394303 0.3252215
0.8919827 0.7638078 0.7659515 0.5409289 0.8814471
0.07135588 0.1995 0.7726892 0.131853 0.8822335
0.138119 0.6967565 0.9584347 0.1720011 0.4296955
0.9690883 0.7352479 0.1670139 0.9100611 0.5974037
0.1533253 0.06594828 0.7138864 0.08412083 0.3307023
0.6782592 0.1034886 0.2218299 0.5030715 0.2323155
0.4670775 0.6794722 0.9907616 0.6385264 0.4574917
0.3329752 0.7629098 0.02879908 0.2314377 0.7672914
0.3940407 0.9969354 0.6486239 0.8262315 0.9106373
0.5659566 0.9261538 0.4897578 0.1112419 0.2494839
0.2891061 0.01521719 0.6544844 0.2577792 0.2445964
0.5026384 0.1412003 0.1219634 0.9857202 0.02257087
0.7718286 0.2115662 0.7727037 0.9939135 0.1614432
0.7719655 0.8050991 0.6114804 0.7036771 0.4754071
0.496243 0.4617609 0.6095407 0.8201028 0.1675113
0.3311902 0.2284597 0.3032571 0.02759238 0.2257065
0.6485122 0.8481083 0.3698554 0.7951786 0.8752502
0.7048184 0.6993995 0.7671602 0.5313144 0.5316086
0.3715013 0.3998524 0.7677657 0.261842 0.5900445
0.1017659 0.8538875 0.9126711 0.1343461 0.9752925
0.1770387 0.6467421 0.2166228 0.3718105 0.235987
0.1425246 0.282562 0.9895449 0.5264655 0.8179154
0.09763077 0.9059486 0.8440491 0.6205521 0.8059828
0.9052509 0.9914017 0.639284 0.3434732 0.7798161
0.8311812 0.935242 0.8539838 0.4761331 0.6215667
0.8041262 0.7790142 0.2895926 0.1884518 0.7021663
0.5449071 0.906729 0.08625192 0.03435406 0.4599448
0.05601413 0.4137847 0.2063912 0.1825788 0.2390664
0.8410897 0.02500749 0.1720517 0.8017478 0.08735609
0.4831819 0.7909914 0.2997501 0.4923182 0.4013145
0.3603718 0.5517423 0.2127232 0.7279152 0.9933499
0.1748946 0.3283788 0.5991101 0.04381688 0.7946498
0.9196869 0.884817 0.1677872 0.3913782 0.5552153
0.6047399 0.472001 0.3986656 0.4867742 0.823242
0.1243725 0.243039 0.2718458 0.8248894 0.4922632
0.5404395 0.1082184 0.227719 0.5173136 0.8711447
0.4100362 0.7072273 0.9586978 0.8371302 0.7739054
0.76871 0.335122 0.5191533 0.4267959 0.6106752
0.1703729 0.9384323 0.7423526 0.05472568 0.2330731
0.3463304 0.4689211 0.3550851 0.5167106 0.3301243
0.5577735 0.4942296 0.104248 0.8503577 0.3477505
0.826174 0.9468325 0.6313266 0.1762794 0.08512455
0.2482201 0.2422417 0.6011498 0.9127148 0.483657
0.1330564 0.2110463 0.0580088 0.8730182 0.6820862
0.3460084 0.111684 0.4608774 0.4964082 0.2226425
0.4996584 0.1956011 0.9223726 0.9508442 0.5319948
0.1313561 0.7411355 0.7434069 0.58825 0.1285327
0.2468645 0.8337763 0.3595856 0.6715997 0.8565546
0.05752489 0.02991299 0.9100666 0.2500384 0.3828195
0.9196759 0.6529005 0.2872546 0.7817674 0.4473533
0.01620073 0.4655062 0.8499542 0.9469886 0.2871695
0.1557762 0.7258638 0.7721254 0.4890459 0.6880613
0.8894301 0.2462751 0.1968042 0.5006167 0.6147269
0.8923523 0.6981492 0.120784 0.7431289 0.4304826
0.9655928 0.2571479 0.5078336 0.3978713 0.5021855
0.3192818 0.2836667 0.5999833 0.1956855 0.5437706
0.4251409 0.02513173 0.2759804 0.3177372 0.02185685
0.6200217 0.1771747 0.6829037 0.04693164 0.8007729
0.5759381 0.4657387 0.1010505 0.4842467 0.1079928
0.3447363 0.8614727 0.511519 0.4057557 0.7821142
0.826581 0.7978491 0.7848648 0.3071975 0.8019144
0.9620863 0.2581995 0.8509822 0.7229694 0.1254982
0.3822239 0.5555109 0.04784414 0.595231 0.3023841
0.04068898 0.1318204 0.4880503 0.8159389 0.1193956
0.02735483 0.8113532 0.7926705 0.06952838 0.04807414
0.2266743 0.9092759 0.5683864 0.3289027 0.780606
0.5584018 0.9477251 0.01718009 0.5478573 0.8772504
0.9601782 0.1322714 0.9009335 0.3809015 0.9232526
0.1981613 0.0420461 0.3630927 0.7606882 0.7315212
0.9879677 0.9651766 0.9833986 0.4359944 0.9049537
0.8818489 0.6713582 0.1723298 0.2811105 0.3924464
0.05628107 0.7898883 0.5913166 0.9652776 0.03198455
0.6457292 0.3001596 0.107915 0.657324 0.4612594
0.1116587 0.6176084 0.1831233 0.9187508 0.4119857
0.4093528 0.3923396 0.3246208 0.3054112 0.5913354
0.08674282 0.5904719 0.8869412 0.9432552 0.04022736
0.113099 0.2764397 0.165736 0.7908023 0.6102632
0.1796141 0.5016359 0.7078113 0.2105345 0.2582829
0.3784575 0.9224659 0.5800508 0.702656 0.8747047
0.2888941 0.2063059 0.8836736 0.2882394 0.7323339
0.3386428 0.3876742 0.9910228 0.281387 0.1052037
0.9262202 0.05012091 0.8006949 0.05594583 0.3868908
0.6468352 0.2012483 0.2818571 0.555385 0.2922536
0.7634705 0.2919786 0.9255507 0.2744443 0.2268523
0.6457589 0.3985217 0.7788277 0.1969734 0.9071684
0.4662888 0.1281407 0.5289117 0.2808857 0.5404537
0.8582646 0.9200328 0.5055411 0.7980179 0.2911168
0.1114116 0.08551491 0.5180838 0.4954317 0.8581786
0.6027723 0.9746211 0.1675134 0.1307594 0.5243801
0.2508964 0.4915605 0.7933556 0.8038147 0.7582729
0.3578625 0.1501226 0.6846077 0.3448414 0.5179431
0.4395278 0.01670138 0.322926 0.5072336 0.3695709
0.5833269 0.6169928 0.1810431 0.8131938 0.6017455
0.2073557 0.2743289 0.1812692 0.6788414 0.1054104
0.8911937 0.7628331 0.4550824 0.5174803 0.4992263
0.1012912 0.879494 0.8369728 0.06262303 0.1947589
0.1650247 0.1573453 0.8857625 0.8009961 0.4227173
0.99639 0.1192868 0.5377794 0.5463459 0.2608145
0.1960114 0.7394708 0.9038757 0.6890079 0.8179302
0.355186 0.004348935 0.166889 0.4259136 0.6002927
0.8839584 0.184636 0.6997287 0.801128 0.7365595
0.6730288 0.169564 0.8510053 0.3684455 0.9857515
0.074067 0.6969772 0.9972179 0.1734854 0.9265773
0.8000652 0.5358412 0.4556279 0.874629 0.7815028
0.630218 0.3029111 0.7129745 0.9389658 0.3465063
0.465328 0.9321681 0.3181146 0.7396398 0.6497359
0.7928252 0.5647001 0.4606561 0.2808301 0.391302
0.1725193 0.278261 0.3782342 0.864341 0.5382298
0.9305844 0.1707301 0.1985641 0.6390104 0.9493434
0.8667469 0.733917 0.424356 0.6578172 0.9384322
0.3786175 0.4675774 0.8834396 0.7891747 0.7490403
0.5443579 0.6891371 0.8132935 0.2511771 0.5745926
0.5943202 0.8026754 0.8124635 0.826795 0.05451234
0.4251329 0.3633272 0.6664903 0.7187533 0.2323951
0.2325065 0.1602334 0.3568759 0.8776884 0.4601007
0.1271897 0.3878338 0.5484563 0.6433233 0.3817644
0.8545609 0.2102195 0.8729178 0.6094177 0.2370703
0.3585648 0.6258545 0.1862581 0.1699271 0.7629682
0.409841 0.2898956 0.4220562 0.04992007 0.2898396
0.9854912 0.7195581 0.8357629 0.5278284 0.3166688
0.4610049 0.8215196 0.03595849 0.1971982 0.1954857
0.9744715 0.9445652 0.03049462 0.441124 0.5192417
0.9533313 0.08745436 0.7852188 0.08519261 0.8763252
0.3466726 0.3621889 0.5413127 0.351596 0.5038661
0.2816341 0.3002735 0.05341179 0.7137106 0.9309093
0.09515051 0.268813 0.9764351 0.2070465 0.9180347
0.3148801 0.774105 0.4614747 0.5398699 0.7144851
0.8864663 0.2259779 0.001300779 0.65355 0.1030357
0.354169 0.03943264 0.150106 0.7624416 0.8605431
0.849654 0.3738955 0.3972237 0.5573471 0.787923
0.4100119 0.9686862 0.848413 0.8811559 0.07847632
0.03073341 0.6086433 0.3879517 0.9074203 0.137369
0.05916384 0.5284898 0.3953327 0.8883221 0.003299573
0.9239183 0.3390143 0.2177005 0.02438022 0.9896186
0.09026155 0.07616055 0.1205784 0.4024519 1
0.5932252 0.7177494 0.5294795 0.6530001 0.641218
0.09308922 0.2863956 0.9294466 0.6152054 0.9603627
0.1656606 0.5658178 0.1961771 0.4579593 0.3429286
0.4723587 0.7063703 0.2272162 0.1009377 0.5276041
0.105148 0.2712825 0.1032309 0.9303385 0.9221017
0.9402042 0.8339129 0.4345108 0.8159417 0.2332393
0.3615505 0.3260007 0.362137 0.7617665 0.8411153
0.6452157 0.01098911 0.6770733 0.9931593 0.845366
0.5925525 0.9132319 0.068909 0.6114815 0.7134222
0.03027058 0.1308701 0.9503243 0.169934 0.7825306
0.9092392 0.5172951 0.1942895 0.4852492 0.7892755
0.4573339 0.5756008 0.5182767 0.3988966 0.4578511
0.3568209 0.210344 0.6541586 0.4952173 0.4669874
0.7225654 0.6912695 0.9714051 0.0228814 0.5496322
0.7455474 0.8223683 0.939385 0 0.9773488
0.08317154 0.4858146 0.8210788 0.9892267 0.8434361
0.6761009 0.8360938 0.4491054 0.9083813 0.2429578
0.2988365 0.2473841 0.8340366 0.663978 0.6574102
0.6241503 0.5876027 0.08786733 0.006976509 0.03351763
0.9515274 0.4467227 0.565375 0.5863288 0.2840783
0.8003488 0.2992789 0.2236475 0.396336 0.7352117
0.6615095 0.227594 0.02416214 0.5849323 0.2614611
0.3920057 0.6018294 0.7171003 0.5885865 0.315577
0.721168 0.5026055 0.7685428 0.4731168 0.3900243
0.3898113 0.4435101 0.4718685 0.1736605 0.4193008
0.2697682 0.9428094 0.2186215 0.4597168 0.2608347
0.5396985 0.1789191 0.9445855 0.1460095 0.8628558
0.2971664 0.01132953 0.1634137 0.6334648 0.2047385
0.5444219 0.09351193 0.8725637 0.4077963 0.6269245
0.8676037 0.9715547 0.4190986 0.6507713 0.1083204
0.3404416 0.1327675 0.2065476 0.4275303 0.5756328
0.1931479 0.3858748 0.4079255 0.9229903 0.7471813
0.820494 0.4800519 0.6078995 0.3940818 0.1574949
0.2897987 0.9441986 0.665078 0.2581026 0.3923769
0.2013421 0.748405 0.6522321 0.2846052 0.3920761
0.3633483 0.3572779 0.2541336 0.2896301 0.1401863
0.9819057 0.721782 0.3400758 0.5151823 0.001268386
0.8690254 0.3277998 0.02393953 0.5764125 0.05538105
0.8727847 0.4502645 0.5424293 0.2201192 0.8958454
0.5712988 0.9407889 0.3776024 0.8795635 0.1480159
0.01470584 0.01727649 0.2479565 0.3248744 0.02586288
0.9666376 0.007835496 0.9188868 0.8231649 0.3011853
0.7842932 0.5799214 0.3056183 0.8386607 0.3151708
0.6789624 0.3163414 0.8866004 0.2479494 0.4265677
0.06443262 0.2238961 0.01179645 0.1870319 0.987805
0.6270708 0.6404649 0.3597724 0.1454732 0.5687541
0.9384216 0.4509029 0.9197741 0.7353398 0.6390479
0.6041667 0.6655009 0.4116832 0.9213185 0.1333059
0.4677987 0.9253836 0.5460787 0.636332 0.3079917
0.4299842 0.300539 0.05759039 0.1495379 0.4986933
