0.005731245 0.5020179 0.6984094 0.3435968 0.1835386
0.8926382 0.8794547 0.2529152 0.3064718 0.2637047
0.6813902 0.05116102 0.7619022 0.5650226 0.1318169
0.9421113 0.8272756 0.09136714 0.1631406 0.4795841
0.7567355 0.1011778 0.3818246 0.7268583 0.0581416
0.8113517 0.02271669 0.615919 0.08570473 0.03742068
0.7021208 0.2283473 0.2846677 0.02732706 0.5615918
0.05060738 0.6652898 0.06537177 0.3748442 0.2405092
0.5375085 0.121312 0.7229012 0.3649055 0.01072805
0.2585626 0.4220175 0.422689 0.2949333 0.3386304
0.04095247 0.7885771 0.2045114 0.3765771 0.08001432
0.9090486 0.5671429 0.9132959 0.9271801 0.7526599
0.8424867 0.3292976 0.6662675 0.4528592 0.5805911
0.8686097 0.5788406 0.7872012 0.0753575 0.1149608
0.3714622 0.9647311 0.7253533 0.2462694 0.4948672
0 0.8741744 0.8034532 0.168122 0.5852631
0.598708 0.4706948 0.1701092 0.4458747 0.1852344
0.5709139 0.8560584 0.2370597 0.05422063 0.1845261
0.9222986 0.4393695 0.8089726 0.5621149 0.3950394
0.8243418 0.08976938 0.9951601 0.9242417 0.976077
0.7610382 0.8456457 0.2477459 0.002661128 0.9230184
0.803925 0.9237982 0.9205357 0.8749675 0.7159019
0.6878495 0.6439354 0.6147073 0.5131922 0.8388699
0.03361899 0.8297688 0.8921795 0.8205654 0.6413659
0.2331053 0.808242 0.2490568 0.4023707 0.302713
0.2076338 0.308703 0.8698546 0.6840418 0.8628329
0.9406046 0.311319 0.668928 0.8210441 0.8851018
0.2834339 0.6885265 0.1708371 0.2170018 0.5449794
0.1821619 0.6381634 0.1059607 0.2957948 0.4592899
0.9626574 0.7558273 0.3622277 0.4675422 0.04124777
0.5540396 0.6470336 0.8945087 0.2700053 0.7770403
0.7646389 0.4384064 0.3920836 0.4836831 0.6745197
0.3110857 0.4276205 0.862851 0.159594 0.992659
0.7754314 0.9163661 0.3610917 0.3960924 0.6243922
0.2143638 0.4366764 0.9141574 0.4434053 0.08610184
0.3517517 0.052193 0.7894556 0.7012262 0.08323607
0.3488874 0.465623 0.7433048 0.8442731 0.850084
0.7573787 0.7577795 0.8429282 0.9663557 0.03972722
0.9548868 0.8171299 0.5782614 0.9692674 0.2846486
0.458994 0.0683556 0.4125371 0.7149577 0.4969361
0.7262735 0.886072 0.03336251 0.7309673 0.6804101
0.1465467 0.07818708 0.06220598 0.3899163 0.6993768
0.5167812 0.5133056 0.1829251 0.3378325 0.6853968
0.8742718 0.3414272 0.8814574 0.2077052 0.5249602
0.8064841 0.7187898 0.05938759 0.003137574 0.757143
0.4394443 0.4684307 0.7952515 0.6930107 0.142472
0.9832234 0.8494662 0.4352318 0.0208409 0.587711
0.6070854 0.9173341 0.5741645 0.08444523 0.844469
0.9610374 0.2101153 0.3922384 0.9157377 0.7106043
0.9391076 0.973858 0.9023662 0.5741944 0.9667668
0.8049417 0.2567326 0.1457351 0.4927764 0.6900166
0.3888399 0.1049293 0.4136164 0.9597394 0.3464297
0.9860229 0.4431644 0.6507062 0.5593446 0.6422318
0.8819052 0.8609477 0.9716858 0.3404304 0.6715518
0.7733437 0.9819925 0.1160121 0.08951516 0.618731
0.5946029 0.1739523 0.2987864 0.7004561 0.6654155
0.5910166 0.2602686 0.09071516 0.8218358 0.08805486
0.3055783 0.9124419 0.1432081 0.7720887 0.9258456
0.04926047 0.2230026 0.1236861 0.130113 0.0538434
0.791002 0.4737487 0.8923656 0.08844327 0.3813837
0.9830835 0.07934289 0.1178267 0.9309185 0.433168
0.7249461 0.7612912 0.4417565 0.8393167 0.67995
0.1221447 0.519843 0.9577395 0.4134554 0.1252026
0.4213844 0.660416 0.1395969 0.9310087 0.0982798
0.2618851 0.3931398 0.6986544 0.7514935 0.2461647
0.5278003 0.7467341 0.4263137 0.4186717 0.2218149
0.404041 0.09547178 0.2076248 0.8067267 0.8714951
0.5637424 0.005468332 0.7886203 0.7487277 0.171779
0.2452715 0.1148528 0.05451755 0.4802206 0.4058037
0.8424411 0.9421013 0.3091714 0.4529996 0.03101729
0.7842626 0.336879 0.5185968 0.4522887 0.494106
0.6977615 0.933384 0.9516241 0.05863427 0.5256821
0.5458958 0.2230671 0.5926552 0.03928354 0.2550504
0.3422307 0.78127 0.8852369 0.3101992 0.5864952
0.0823687 0.2371043 0.5766987 0.997492 0.4205125
0.5143941 0.6791397 0.5258401 0.2057582 0.9354468
0.6906366 0.4569583 0.8922397 0.957952 0.1546299
0.4809841 0.7646218 0.638904 0.2944938 0.4491864
0.5987593 0.4655316 0.9377963 0.6284312 0.2444307
0.07045577 0.4527542 0.5604858 0.1430869 0.03861156
0.02880492 0.2035305 0.4785734 0.8273663 0.08228156
0.9100652 0.189216 0.3651555 0.4305097 0.1906586
0.9218075 0.4100379 0.2689141 0.1037599 0.9552066
0.9619027 0.4438731 0.08447702 0.2572081 0.7908598
0.7911025 0.03103989 0.1631146 0.5047441 0.3500138
0.1944926 0.6766295 0.1411309 0.07147344 0.9702014
0.381358 0.7042716 0.976251 0.2132523 0.5056968
0.437573 0.6799403 0.4680964 0.3613794 0.9058691
0.9186963 0.5648414 0.5796108 0.9446986 0.9354995
0.2520699 0.5870303 0.9382156 0.3290175 0.2545544
0.5003844 0.7398886 0.1277608 0.07394486 0.7954199
0.4945088 0.1894813 0.7938929 0.3675061 0.2835819
0.3192418 0.7185595 0.1002253 0.4662799 0.9985439
0.046001 0.7056523 0.9224243 0.127558 0.3575887
0.2446281 0.0581698 0.8390791 0.9978009 0.4993411
0.6201711 0.2171791 0.3199763 0.5438075 0.8430306
0.9205599 0.8654866 0.9214105 0.7481725 0.2626483
0.2604613 0.7624216 0.1825256 0.5115279 0.8698774
0.1978016 0.655161 0.002472772 0.6349 0.6182523
0.09022716 0.3794843 0.7907608 0.9396779 0.538311
0.5404641 0.5109806 0.03136194 0.2046875 0.8519561
0.8281532 0.01380958 0.8508967 0.8764663 0.613416
0.314569 0.7919013 0.7253055 0.09352969 0.09191209
0.1958671 0.0958406 0.7609311 0.8145785 0.626189
0.4224214 0.2601116 0.4656749 0.7763933 0.1378352
0.2798703 0.7845016 0.9276087 0.7736146 0.7616959
0.09753123 0.5744767 0.2240573 0.2616787 0.4084991
0.4999124 0.8549164 0.9605233 0.3594388 0.6893302
0.2185994 0.6094609 0.07376293 0.7005473 0.753553
0.4920693 0.2991242 0.4132961 0.6767979 0.4957483
0.1071705 0.08793243 0.950401 0.8938504 0.08086708
0.7072261 0.01517382 0.919608 0.2300989 0.4937353
0.505555 0.6979408 0.492982 0.4236134 0.6224641
0.06493652 0.0482602 0.06878546 0.654284 0.8534355
0.7709603 0.02660809 0.6285418 0.2742888 0.9772141
0.4231951 0.9559142 0.3075985 0.5750379 0.165954
0.2336497 0.883298 0.900752 0.1045994 0.5214463
0.02897149 0.5512159 0.1633817 0.3562948 0.960541
0.5428579 0.9594919 0.4446075 0.4902927 0.225826
0.1767518 0.9472911 0.9068621 0.3095026 0.848578
0.684317 0.9224943 0.03787026 0.2088769 0.6662872
0.6977241 0.9974661 0.8799422 0.9962686 0.823249
0.3336138 0.2750741 0.3368058 0.4579873 0.06507615
0.0145557 0.4187011 0.08706123 0.6926993 0.5275222
0.8415762 0.4703532 0.3797895 0.0981715 0.1365266
0.5880361 0.6355959 0.3480389 0.8886469 0.00456385
0.1823183 0.4569715 0.6917579 0.5952068 0.2643271
0.9342515 0.2388284 0.698658 0.7480509 0.1810646
0.5495417 0.8234626 0.0131285 0.2247824 0.5500892
0.532964 0.2889791 0.8978496 0.4087946 0.3124387
0.1627221 0.2929514 0.8648303 0.7514433 0.1336631
0.04341814 0.4631967 0.9388272 0.6879534 0.3541074
0.02356672 0.0678116 0.8868488 0.3623764 0.6936337
0.992414 0.3279165 0.09769296 0.6810951 0.559935
0.6488554 0.6535448 0.6103491 0.4734785 0.378488
0.8177071 0.3845336 0.7307554 0.8992021 0.5323145
0.9780973 0.5970587 0.4570025 0.6198225 0.0381921
0.4247277 0.6088165 0.9539899 0.8106817 0.7449738
0.8599648 0.973954 0.9738303 0.6970497 0.9018291
0.6980013 0.3432961 0.6392982 0.6155108 0.5216433
0.7328224 0.02221067 0.9048626 0.7796574 0.06468071
0.08629201 0.5522368 0.3427564 0.9350962 0.2076334
0.4606654 0.8367889 0.3762267 0.02492251 0.4075497
0.3753568 0.03271315 0.8969054 0.493954 0.03008841
0.2558937 0.01233177 0.955383 0.4717149 0.7583731
0.2553487 0.5718566 0.9346836 0.6200148 0.8006343
0.8989448 0.2995221 0.0180252 0.2967802 0.1973425
0.3758337 0.9048355 0.9841229 0.7988636 0.3480173
0.612017 0.1379152 0.1225337 0.432558 0.5628941
0.4197153 0.2995636 0.9780351 0.5896438 0.09492815
0.1939647 0.2912277 0.1233569 0.5687492 0.8519942
0.04020719 0.3302202 0.03486537 0.4845177 0.2916036
0.1283477 0.6538792 0.8854503 0.8183557 0.353689
0.6530738 0.3599327 0.591661 0.2637511 0.3258753
0.3890023 0.1772078 0.9234285 0.3092108 0.9315342
0.2527971 0.5841547 0.6880086 0.9291394 0.5700564
0.9611172 0.5782318 0.7835056 0.9894432 0.565402
0.4361794 0.2449596 0.3121262 0.3867952 0.819158
0.6336758 0.6360424 0.6706424 0.5482142 0.4927897
0.5592066 0.6387018 0.1206216 0.9357636 0.4344114
0.1300752 0.3542437 0.9555764 0.1208399 0.9005045
0.7119631 0.5210469 0.4027777 0.382152 0.1772127
0.01811717 0.2685864 0.7047514 0.6046885 0.6056027
0.9914351 0.487337 0.3544454 0.130206 0.4783461
0.2188251 0.469648 0.5747209 0.4910512 0.1555789
0.2743941 0.5707095 0.1396669 0.410896 0.4736568
0.3100238 0.7032019 0.4318199 0.8937045 0.5423263
0.2077288 0.8108545 0.9256798 0.5748788 0.8557732
0.5900684 0.9158354 0.4464637 0.210611 0.4386685
0.4068014 0.08344037 0.04133597 0.6320462 0.3556995
0.07433476 0.6136723 0.7258921 0.8570124 0.3712779
0.5476351 0.7353928 0.8569048 0.7708864 0.9516948
0.0134666 0.008763158 0.5157532 0.3036563 0.5434599
0.04328187 0.8151107 0.2046587 0.18267 0.7729971
0.6650046 0.7402901 0.8104751 0.7459407 0.6429741
0.3582965 0.4253297 0.9672271 0.5975489 0.3569381
0.5256606 0.1550552 0.7286562 0.4094918 0.1175737
0.02018303 0.7170804 0.9051473 0.1180828 0.1284909
0.7129785 0.3241872 0.1187137 0.5825349 0.9581693
0.1798008 0.4529209 0.2010705 0.06604704 0.3252846
0.6471361 0.5697462 0.7424017 0.3994342 0.600838
0.07569657 0.484804 0.6996519 0.1316102 0.8544427
0.8018331 0.7371561 0.592751 0.5178301 0.5614574
0.5672017 0.03889772 0.6728833 0.5992928 0.1390466
0.9987197 0.772996 0.3563744 0.7955828 0.5527841
0.5963321 0.9533334 0.1236151 0.01790663 0.5237915
0.5700571 0.2791523 0.4939979 0.5657572 0.768793
0.3337508 0.7674257 0.7517173 0.4514417 0.1342449
0.5455456 0.2056353 0.04412677 0.5750994 0.6591814
0.5738697 0.2455719 0.3308471 0.2176653 0.3401727
0.4648815 0.7559086 0.182257 0.06738244 0.9180807
0.6523714 0.9005939 0.03453857 0.8622266 0.6999558
0.534299 0.5165631 0.3160991 0.1585966 0.2985163
0.3824635 0.540143 0.4183154 0.4694736 0.4970844
0.5107562 0.05333322 0.8825991 0.5042713 0.002173267
0.3436598 0.1347897 0.511556 0.5937217 0.03638121
0.1964416 0.8952324 0.742466 0.06324615 0.1000724
0.5592624 0.4684312 0.7107496 0.9147384 0.941878
0.1925831 0.7105797 0.03383276 0.8960431 0.36549
0.4650469 0.2023529 0.5131854 0.1066941 0.3076538
0.8410884 0.701253 0.7662477 0.3221077 0.3181408
0.499241 0.3475532 0.3469357 0.5161429 0.308691
0.4271473 0.05450904 0.1864834 0.3295772 0.6992238
0.07542994 0.7377643 0.3367465 0.3640932 0.4957394
0.5826789 0.7273099 0.9357454 0.2650306 0.4203952
0.1562237 0.6322824 0.767688 0.7875217 0.8482798
0.04399139 0.6427195 0.6679783 0.9912111 0.2574073
0.1220221 0.9537709 0.3458759 0.4116463 0.2147112
0.5455423 0.1422384 0.6736204 0.371129 0.3810998
0.8461423 0.5982703 0.2910972 0.3803988 0.4859514
0.1824985 0.8143392 0.1056676 0.7830759 0.9786756
0.4919065 0.6306446 0.816327 0.7889044 0.4139089
0.307272 0.5525777 0.9347355 0.8085753 0.9177705
0.07874136 0.1004553 0.5583609 0.5624681 0.2795452
0.5688379 0.2939439 0.1610147 0.08911235 0.5531065
0.2075078 0.1927965 0.5305508 0.9975636 0.650289
0.0007595789 0.05761835 0.3268008 0.8947988 0.8013849
0.6699153 0.5130736 0.2125005 0.6471957 0.131533
0.2630575 0.2942704 0.08663724 0.09698467 0.6400621
0.4123692 0.227666 0.5936108 0.6764553 0.3068079
0.4528761 0.8170426 0.921078 0.1835577 0.5112817
0.8056403 0.6032662 0.582214 0.2739823 0.2012631
0.1701476 0.737876 0.9034874 0.5712201 0.6798148
0.6507532 0.9459072 0.313336 0.1094076 0.2590111
0.7544251 0.4807868 0.7764998 0.6276317 0.7004643
0.9212426 0.6810571 0.5000931 1 0.5020339
0.7288481 0.574961 0.5977157 0.7559544 0.1760369
0.7585626 0.637799 0.0925848 0.5387762 0.9943678
0.8318931 0.971662 0.19835 0.6480569 0.6351565
0.4664315 0.2159627 0.505082 0.2645283 0.4815346
0.1576854 0.8957061 0.4189825 0.903134 0.607958
0.8502542 0.2133708 0.6002697 0.4625159 0.7083848
0.8883381 0.07838883 0.428584 0.9124199 0.1975149
0.04818122 0.9051588 0.1204394 0.3986912 0.1786478
0.5643594 0.5395791 0.9172663 0.4517551 0.7813697
0.7908595 0.5714459 0.1887761 0.2081994 0.8143348
0.1452982 0.9910117 0.8546854 0.4311929 0.3378691
0.4610572 0.1787282 0.3538752 0.5906433 0.8304268
0.8885288 0.762255 0.8876321 0.7160099 0.2355238
0.8814907 0.1025148 0.670632 0.1172501 0.2472888
0.55052 0.5655611 0.4750175 0.9755776 0.2415545
0.6992755 0.7003219 0.6470944 0.8025754 0.1092897
0.3570018 0.6419985 0.429128 0.9346924 0.9743987
0.331271 0.8869572 0.589755 0.4324575 0.9306284
0.3126697 0.9182919 0.6587915 0.02011989 0.19608
0.5675274 0.1469684 0.01205271 0.2306319 0.5121062
0.2061845 0.7530577 0.1560197 0.2846506 0.3244378
0.5181999 0.913557 0.3577013 0.669679 0.2909083
0.3260502 0.7461305 0.7146123 0.04632446 0.9919618
0.5625852 0.6965217 0.4807413 0.8947278 0.4334071
