0.980956 0.4472277 0.2412971 0.9987463 0.2277697
0.2306748 0.4250503 0.3454961 0.8433418 0.8951482
0.5134882 0.8061454 0.2038259 0.6499028 0.7102504
0.1584998 0.8353945 0.3969084 0.4072357 0.4127299
0.1834462 0.0005615131 0.7823993 0.5425781 0.03823566
0.4584124 0.6023134 0.9275819 0.1720273 0.4096959
0.07598631 0.981556 0.106578 0.1141687 0.5678497
0.1948847 0.8612185 0.7847331 0.9776076 0.07427867
0.2490675 0.3447294 0.3162375 0.02617675 0.7991731
0.2928872 0.1965971 0.168691 0.4910699 0.2282144
0.1689964 0.664734 0.6533989 0.4420813 0.02205893
0.4292611 0.8073565 0.6388732 0.9176177 0.7085189
0.1333295 0.7389133 0.6119842 0.6814183 0.9120602
0.4112177 0.0532401 0.1975647 0.1401394 0.4951875
0.9661973 0.2176338 0.2820104 0.2497061 0.9249236
0.5883683 0.1602914 0.4463271 0.6884799 0.751474
0.3503966 0.9355025 0.8138353 0.06463699 0.6957302
0.5300373 0.2653581 0.4244391 0.8516744 0.2069425
0.5303201 0.05163969 0.9918257 0.7542217 0.08612342
0.868127 0.6551892 0.2741164 0.07618085 0.07973909
0.8124498 1 0.5030691 0.9836425 0.6539798
0.1965274 0.6116871 0.241298 0.4360575 0.4457539
0.7989988 0.8505391 0.8080622 0.1122161 0.1976988
0.8211317 0.2215076 0.774392 0.5585355 0.383997
0.4963074 0.7957614 0.3492718 0.6887989 0.006056658
0.9345224 0.3232106 0.07114182 0.1273807 0.2571932
0.553489 0.5911464 0.3722665 0.2036755 0.7790784
0.5528941 0.3779565 0.6153912 0.03715925 0.9706751
0.04952618 0.1767677 0.04114704 0.5303563 0.1819071
0.9337898 0.5606717 0.04564945 0.691037 0.2798089
0.5571178 0.9021497 0.200624 0.8045833 0.1498086
0.880328 0.6468072 0.5648403 0.4436737 0.3808485
0.7958733 0.9939369 0.1732851 0.4235764 0.6568148
0.9340067 0.9427846 0.6498719 0.5128361 0.9987703
0.4931582 0.7189297 0.2087703 0.4151301 0.7411681
0.9287667 0.6391117 0.1413459 0.6898265 0.2037589
0.5553138 0.5989682 0.5489463 0.1255132 0.9283747
0.5501552 0.9755576 0.5735616 0.07894076 0.3233482
0.9625632 0.7678896 0.2386077 0.3276768 0.3808447
0.880796 0.3122893 0.4907351 0.4740186 0.989213
0.06908783 0.3648726 0.03997114 0.7971291 0.9708553
0.6805717 0.4648487 0.806711 0.893214 0.852511
0.04079001 0.4160914 0.4915314 0.9796174 0.06260282
0.5504359 0.2817812 0.927677 0.5077246 0.4132122
0.659699 0.7899199 0.1782407 0.4753625 0.3066218
0.8776364 0.7564011 0.3918703 0.5757871 0.4965772
0.9201105 0.1516802 0.9038412 0.3290841 0.03201163
0.7001946 0.5962853 0.2149558 0.3052149 0.5556386
0.6813911 0.7370688 0.2795982 0.7540846 0.2143898
0.6114044 0.4579898 0.2527125 0.4865454 0.2457575
0.3087525 0.5060469 0.2864645 0.2431177 0.8866074
0.9188052 0.4546835 0.575131 0.5583523 0.05605014
0.8599032 0.6015402 0.4509118 0.6184127 0.5371005
0.8865211 0.9370739 0.5795304 0.0205738 0.7463704
0.8916411 0.7252211 0.04982607 0.2119881 0.4526303
0.06827961 0.1228937 0.9441116 0.7609894 0.06392025
0.3106227 0.3533341 0.8757859 0.2750982 0.5217394
0.6950773 0.2546315 0.7896141 0.8888896 0.2388307
0.4219254 0.6305749 0.2821362 0.09737895 0.6949192
0.7612168 0.8921878 0.9827785 0.6234129 0.2020182
0.902217 0.9807134 0.07541879 0.7006071 0.9980034
0.8142095 0.3700932 0.5788105 0.08640171 0.5044362
0.9594018 0.5778975 0.8418098 0.3881912 0.7792732
0.1871336 0.493643 0.7425838 0.3528082 0.4759633
0.8237424 0.9661141 0.5226124 0.2476936 0.8543865
0.06633635 0.7998238 0.6292759 0.002690321 0.2865099
0.8420697 0.7207912 0.7878845 0.7810868 0.4837862
0.2634526 0.662 0.6719198 0.969659 0.917666
0.6145844 0.8824853 0.4340211 0.2709446 0.5902825
0.9693661 0.4777576 0.1558573 0.2699527 0.01130776
0.2943187 0.2266193 0.128362 0.04338764 0.08535961
0.1241985 0.3994759 0.06579655 0.7929281 0.2095104
0.4423311 0.7466201 0.1135665 0.3798258 0.3727887
0.8004171 0.1953346 0.4705174 0.6045237 0.4688663
0.1356184 0.8530423 0.3433295 0.2944218 0.3289097
0.5112984 0.2643417 0.03222041 0.406911 0.6910081
0.9977575 0.2996548 0.4578917 0.5138525 0.02670676
0.2688717 0.5175674 0.9032902 0.3685004 0.3673575
0.4148459 0.1952002 0.8797337 0.5067827 0.5926707
0.5406772 0.110421 0.6323195 0.02267867 0.1387002
0.7129479 0.00456662 0.981127 0.08999483 0.1945454
0.519251 0.314038 0.9797171 0.9831935 0.337794
0.5889757 0.3388557 0.8303083 0.4938425 0.9612185
0.06446692 0.488899 0.5571515 0.4587189 0.1109992
0.9726143 0.3730096 0.2496316 0.8904822 0.7419611
0.2799862 0.3762164 0.9213893 0.8430718 0.1509748
0.6252622 0.5203603 0.3036259 0.8879973 0.9003079
0.9393286 0.7225035 0.2930411 0.9166711 0.9632501
0.3408953 0.6043209 0.4760399 0.6128873 0.7136687
0.2380132 0.3906021 0.994641 0.08369652 0.9268022
0.8445255 0.4556615 0.8340138 0.6063531 0.2141151
0.1884669 0.9163554 0.2653541 0.06226836 0.6018401
0.8502769 0.5728252 0.5253994 0.7125796 0.5172905
0.8823334 0.8789278 0.003876742 0.9663254 0.01221955
0.5708257 0.8289733 0.3965511 0.6126353 0.7889453
0.6421928 0.6330383 0.005224871 0.6718186 0.8084821
0.001275564 0.9072919 0.5054959 0.4967205 0.5815333
0.5277388 0.3693606 0.8027022 0.2658686 0.3521566
0.8753911 0.001848814 0.5791759 0.8839427 0.1766558
0.4959791 0.02193072 0.6993183 0.8429263 0.1039332
0.1809511 0.4735385 0.03111646 0.1863287 0.02989658
0.4172871 0.01174718 0.2785514 0.5505848 0.5849906
0.5770864 0.5231966 0.2626664 0.9076364 0.1688251
0.2555433 0.7077516 0.2924411 0.8859642 0.9533027
0.1234036 0.6477058 0.4203977 0.1165734 0.09544002
0.3967485 0.1268208 0.8147484 0.9239545 0.0315866
0.1179009 0.9750126 0.4743686 0.03945587 0.4509771
0.1324554 0.2633313 0.3268457 0.2321403 0.163419
0.524643 0.03568179 0.9243557 0.3468405 0.2957553
0.5490586 0.1244761 0.8591023 0.667291 0.1232951
0.4690249 0.6190735 0.7139899 0.8441418 0.1053433
0.2757875 0.3721097 0.9571605 0.4697103 0.2320062
0.01128896 0.555475 0.1094603 0.01658003 0.6546318
0.958674 0.482124 0.209501 0.3787224 0.3754158
0.28288 0.4391721 0.4105713 0.4412909 0.8944067
0.01941626 0.7448474 0.6636752 0.4511087 0.5254213
0.7567919 0.2895697 0.7093438 0.1852689 0.322566
0.1019863 0.05544846 0.3645153 0.552145 0.1383125
0.5671858 0.8388337 0.04842445 0.3886036 0.04235727
0.01087785 0.2465122 0.4918323 0.9275972 0.6682998
0.5611726 0.2141683 0.7065588 0.8658291 0.1841368
0.8527015 0.01854314 0.3985833 0.1690417 0.1469129
0.6163655 0.6858663 0.392607 0.08170375 0.9214666
0.4342295 0.9240646 0.6291775 0.8038025 0.02918525
0.8783672 0.9121854 0.05409542 0.5375264 0.32765
0.5970023 0.3951962 0.9063198 0.3937236 0.8416172
0.979711 0.8310626 0.2657325 0.6879174 0.5973782
0.1900114 0.3369183 0.002698516 0.2923134 0.6937646
0.5100962 0.7713398 0.675031 0.7237315 0.8791822
0.3698498 0.7608467 0.3560024 0.6076557 0.3025382
0.2867201 0.3704543 0.1188494 0.6179483 0.6604543
0.1082658 0.656895 0.9474054 0.09189563 0.1138982
0.888567 0.9652241 0.6437808 0.4907985 0.5882112
0.297288 0.8912093 0.6885273 0.9380926 0.4153051
0.3741424 0.4410806 0.054576 0.4341339 0.5849342
0.7428862 0.5135519 0.2481164 0.1808309 0.5774616
0.2881814 0.1343349 0.3916106 0.7922048 0.284576
0.3367168 0.07410843 0.9371077 0.4583219 0.1458679
0.04152853 0.3285708 0.4746925 0.04002365 0.2541576
0.4783565 0.08831008 0.4399791 0.9467971 0.05159125
0.4509237 0.6294493 0.1231972 0.7124387 0.4100441
0.4540312 0.3465543 0.4152358 0.09338187 0.2398642
0.3017812 0.8226294 0.2056587 0.8273188 0.4547534
0.3736441 0.2483862 0.634111 0.5094659 0.04877544
0.6065895 0.1975832 0.3951253 0.9062618 0.6259501
0.01314338 0.7082879 0.4168661 0.6634823 0.5286946
0.1711905 0.5508251 0.2776899 0.06858121 0.7162872
0.3870088 0.4292539 0.7116495 0.9373083 0.8775575
0.1932797 0.9067296 0.4455221 0.5963197 0.8280901
0.6203938 0.7412488 0.2074345 0.1559246 0.2936089
0.07540559 0.7226817 0.253789 0.09341478 0.3592517
0.9183848 0.469343 0.508333 0.265888 0.4723253
0.7135731 0.7095321 0.8701847 0.5246987 0.09662561
0.2941462 0.7988984 0.6815526 0.712216 0.2259432
0.4584566 0.0190202 0.9858018 0.4782094 0.7669027
0.3000351 0.9437502 0.8839884 0.7132986 0.2285305
0.5641054 0.6474887 0.06639644 0.798219 0.3520596
0.04723383 0.3877009 0.6998786 0.2377985 0.2581258
0.5455109 0.1228215 0.5344795 0.6498076 0.02562952
0.8610446 0.8282497 0.2591296 0.3721364 0.591365
0.8852763 0.8880305 0.370769 0.06169698 0.8701375
0.1308773 0.1477796 0.714958 0.9367932 0.6196612
0.07183785 0.1086732 0.04592497 0.7806466 0.9869112
0.7891062 0.1791336 0.4367042 0.2046598 0.379793
0.1464001 0.850283 0.4508794 0.1144006 0.4834235
0.6202127 0.8530991 0.6901622 0.774973 0.3235044
0.2244716 0.3014977 0.9704761 0.7577931 0.3985205
0.1429162 0.1671231 0.6574653 0.2544775 0.6861015
0.2447931 0.4717465 0.8711602 0.119749 0.4255059
0.1264558 0.0325425 0.1276704 0.09879506 0.6686667
0.8745144 0.04412649 0.2384885 0.7076727 0.8869561
0.9590525 0.6428941 0.9642324 0.608097 0.06625436
0.5618332 0.4578594 0.5913124 0.8877605 0.7408561
0.9719066 0.888186 0.8631808 0.08109375 0.1586886
0.1643104 0.07478607 0.3448238 0.8709397 0.8678061
0.2468194 0.2626501 0.6345038 0.6191923 0.04592594
0.9873045 0.3592419 0.01998854 0.09398972 0.3471778
0.4694623 0.7788039 0.8002247 0.0790982 0.2636682
0.2782335 0.02482209 0.7404505 0.200781 0.3509966
0.6908576 0.7454369 0.2505824 0.2652578 0.2098752
0.5029164 0.7108629 0.282796 0.4253389 0.9594479
0.7504597 0.8092636 0.5305348 0.08407861 0.9564646
0.02501509 0.4295501 0.3941179 0.3284995 0.8523463
0.5981014 0.7437661 0.7559833 0.09831184 0.5238133
0.1830625 0.743173 0.2051229 0.2633946 0.851023
0.981305 0.9990385 0.7948753 0.7135751 0.0362207
0.7576652 0.1189994 0.5104863 0.506242 0.3816578
0.8969389 0.02872091 0.316317 0.3951135 0.356649
0.5939463 0.601555 0.7202373 0.04671604 0.5463859
0.9081714 0.8193065 0.1045572 0.8657821 0.7020828
0.4610216 0.351104 0.3321315 0.699329 0.5376883
0.8769814 0.1685341 0.2925816 0.9683503 0.5683823
0.8594246 0.9239237 0.6493135 0.320707 0.8077545
0.5518754 0.8763458 0.4248702 0.3778655 0.0348686
0.362048 0.4728987 0.0289061 0.2322263 0.5400978
0.8791027 0.4761088 0.6761642 0.4384303 0.2329394
0.3507386 0.5224676 0.5524715 0.9668376 0.7341756
0.1438304 0.1639464 0.4507723 0.2859204 0.08623388
0.5526572 0.9380111 0.9467841 0.3308288 0.6670822
0.4086199 0.7373693 0.6715783 0.8435052 0.9323777
0.5136618 0.436615 0.369114 0.7509479 0.6226097
0.5525722 0.865769 0.3179659 0.02771501 0.07848423
0.2741708 0.04163047 0.9077008 0.5594905 0.4200316
0.6185516 0.2642342 0.04215016 0.9026598 0.6335491
0.6031161 0.6850117 0.2670669 0.3390315 0.8525733
0.8752012 0.108725 0.9888682 0.8370608 0.06550245
0.7045645 0.9128677 0.9058488 0.114746 0.5220459
0.002694356 0.1068859 0.1712155 0.154849 0.5494341
0.4824398 0.3853333 0.4548868 0.8902965 0.4461077
0.8955325 0.2059407 0.02592716 0.393927 0.2408446
0.6975841 0.9348129 0.462898 0.03882365 0.8911752
0.03339378 0.8978287 0.4359068 0.9294879 0.8704088
0.1180605 0.530012 0.04593153 0.4202608 0.5292625
0.973914 0.2156055 0.983438 0.3142051 0.587626
0.2221575 0.4675553 0.7483469 0.09902632 0.939738
0.3775191 0.3563754 0.4738612 0.4045191 0.1035236
0.1479985 0.4332266 0.9020047 0.992173 0.1437004
0.34163 0.3896972 0.5742781 0.4781107 0.4673069
0.2545904 0.09910525 0.3645479 0.6354681 0.2612644
0.3523287 0.02729693 0.808222 0.4056802 0.6614754
0.3897809 0.5960191 0.8827264 0.4717409 0.1988622
0.3585484 0.9503145 0.6596412 0.4989879 0.4230517
0.829706 0.2827732 0.436519 0.9799746 0.448802
0.9861107 0.4542473 0.6361118 0.7540296 0.528767
0.5240717 0.09120601 0.01865457 0.6411759 0.3445137
0.2165782 0.1022738 0.7227803 0.5318622 0.1801585
0.3514468 0.3788183 0.489609 0.5499254 0.03230792
0.07062592 0.1767773 0.1301459 0.3385393 0.9646222
0.1624894 0.5007539 0.9643606 0.4696471 0.1769997
0.8080387 0.5680269 0.659163 0.2747601 0.735141
0.2242364 0.7940423 0.3581882 0.8483931 0.05282806
0.2729863 0.4364562 0.7067875 0.772713 0
0.7632478 0.4839519 0.2685048 0.3220193 0.8994687
0.513463 0.09625112 0.2822473 0.4809337 0.8413832
0.450327 0.4427661 0.118563 0.2719933 0.9274363
0.01817102 0.5476105 0.3444112 0.6156183 0.6970243
0.7807803 0.174273 0.8740053 0.8796297 0.2778107
0.1309766 0.2396494 0.8925911 0.5710402 0.890067
0.2488306 0.5663903 0.07407091 0.3304401 0.8098008
0.1607867 0.1397393 0.9663022 0.1838508 0.695273
0.8896475 0.6293981 0.378983 0.8912946 0.7977059
0.8358715 0.6519346 0.7650699 0.8743063 0.5982885
0.8671481 0.4062049 0.6585173 0.0342056 0.3818373
0.8399692 0.59057 0.892182 0.02183473 0.9219008
0.3099145 0.3733871 0.1531475 0.02591668 0.1857083
0.6720377 0.9062915 0.03554579 0.6176644 0.3300376
0.1964325 0.03814994 0.6221274 0.4245564 0.6666977
0.1469033 0.1413888 0.02216274 0.7179462 0.62993
0.6200412 0.4984334 0.5340164 0.1063536 0.4600548
0.2248019 0.2872488 0.3375199 0.8490723 0.3955009
