0.4306559 0.8485068 0.3197453 0.2436512 0.3923111
0.9022305 0.02517414 0.4139596 0.5975324 0.08676512
0.7174629 0.3253469 0.00258086 0.04746835 0.6223378
0.05848924 0.1043368 0.0304624 0.4428697 0.8311856
0.3329885 0.4353625 0.7646965 0.6202914 0.5393807
0.713052 0.08917606 0.6211799 0.6507086 0.9168281
0.1867285 0.51602 0.7745014 0.3903373 0.151483
0.5781594 0.3280353 0.1690165 0.8971966 0.0005758333
0.1073428 0.9162626 0.7243489 0.8544512 0.4466046
0.3378302 0.209083 0.4584828 0.4370916 0.3127539
0.66558 0.006379491 0.6698804 0.8594188 0.305883
0.3308745 0.5608696 0.4528497 0.1978977 0.599504
0.7144945 0.2356112 0.08565657 0.108831 0.884532
0.4559336 0.952265 0.7083096 0.1995264 0.2080592
0.55943 0.485595 0.5708042 0.4595578 0.3773657
0.9268715 0.5791566 0.6005069 0.3811211 0.116953
0.1123057 0.3415877 0.6439205 0.4249467 0.6559361
0.3775269 0.4751638 0.911647 0.926149 0.488711
0.4570703 0.2714038 0.7736558 0.7372126 0.3293631
0.9364435 0.6004359 0.5660271 0.7211026 0.938853
0.7803046 0.7096045 0.2496365 0.9017201 0.5594542
0.5017755 0.1304379 0.805846 0.8555589 0.7432756
0.7125579 0.149302 0.8715737 0.9802282 0.5324176
0.860799 0.1604384 0.3006109 0.03823616 0.3172659
0.3396202 0.7373346 0.2289584 0.9929671 0.1733714
0.005921561 0.01041704 0.02109743 0.793334 0.3922041
0.002436715 0.02278814 0.901176 0.06940983 0.4071458
0.4961176 0.4781401 0.3981499 0.493992 0.04690791
0.8443141 0.4801207 0.6900447 0.2960965 0.7102122
0.1782061 0.6318279 0.3408637 0.8531633 0.9281879
0.4115402 0.9349667 0.5246386 0.9938563 0.09523332
0.8075469 0.6597734 0.3087488 0.8759959 0.07969865
0.6304825 0.2432909 0.5308319 0.8936029 0.9212957
0.2776847 0.1805615 0.1226125 0.7492457 0.9091844
0.7740127 0.6375123 0.2367628 0.02963905 0.1680457
0.6642561 0.7823483 0.9658511 0.1420009 0.03887156
0.3445075 0.3736008 0.7551634 0.4891497 0.3784674
0.2405242 0.8273817 0.7773018 0.2803931 0.5663429
0.134159 0.65873 0.5079404 0.279007 0.3023039
0.5693817 0.7834454 0.932639 0.4075469 0.7476288
0.6787961 0.7228233 0.9654217 0.4918026 0.09438194
0.3937234 0.0116222 0.5683723 0.9296413 0.6467346
0.4452238 0.005142297 0.5656478 0.1111512 0.972118
0.3653471 0.5901879 0.1300046 0.8484185 0.9358191
0.5664476 0.3946975 0.854932 0.7364887 0.10284
0.4054757 0.9505765 0.8263033 0.6324551 0.8713742
0.5942331 0.3172421 0.7344392 0.5877001 0.3460545
0.3395276 0.7580174 0.8805357 0.9864207 0.01076021
0.4271435 0.533927 0.3961886 0.7448894 0.2668051
0.3916225 0.1658359 0.3372424 0.6416783 0.4982378
0.7814324 0.4314876 0.1495363 0.3947927 0.5619251
0.2330174 0.7336328 0.3132821 0.3078982 0.5753091
0.1437183 0.9411492 0.8571234 0.7194591 0.2896403
0.05533021 0.995436 0.573607 0.8482795 0.797156
0.2720908 0.9334314 0.2189992 0.6656607 0.6839905
0.9613404 0.8534262 0.7076215 0.9182079 0.4358354
0.3530504 0.8890279 0.1234966 0.806049 0.9342258
0.07668328 0.5964078 0.7401736 0.7180601 0.343213
0.9527519 0.4110422 0.08517083 0.2037648 0.05350506
0.8716149 0.3796368 0.3815378 0.9125419 0.4960516
0.3889931 0.05020304 0.2773984 0.5070471 0.9918556
0.3687423 0.3295953 0.1885366 0.9384562 0.1218633
0.6906811 0.9178398 0.7461806 0.9842035 0.6834535
0.1626332 0.85142 0.8416867 0.832053 0.006382182
0.3886439 0.1497555 0.2597198 0.1673759 0.4478662
0.6329575 0.3939198 0.8296145 0.2251756 0.3357501
0.5053084 0.1005264 0.6534227 0.2133753 0.2311857
0.03231365 0.02111405 0.8673049 0.1295181 0.8132289
0.478419 0.125174 0.1056267 0.7293214 0.5542232
0.8803786 0.1382721 0.05104015 0.2812662 0.9232538
0.2475923 0.5271022 0.1427861 0.6131724 0.453163
0.7426535 0.1962276 0.6516733 0.390249 0.4314568
0.7362401 0.0915953 0.02805565 0.3365539 0.1095227
0.751865 0.4485623 0.6714334 0.06307503 0.1160389
0.1873402 0.2038943 0.8255834 0.7257163 0.02362083
0.3112286 0.6146871 0.8807015 0.5927104 0.4802151
0.6830986 0.437409 0.345009 0.9680609 0.6586246
0.007409804 0.3384507 0.1509644 0.1985987 0.7539739
0.8386982 0.1744334 0.2906144 0.6788301 0.7246426
0.5225703 0.4022163 0.2187618 0.7206889 0.2659148
0.4719192 0.2243349 0.6077651 0.7932964 0.6688395
0.6704512 0.3521905 0.8620549 0.6916459 0.120697
0.5323644 0.7687429 0.08846819 0.3663516 0.7903787
0.3960696 0.9062184 0.6180292 0.9101627 0.8492229
0.2504468 0.8820323 0.7936838 0.7988662 0.4094505
0.7369114 0.7468206 0.7042312 0.6387758 0.4027382
0.9593193 0.3938607 0.7382822 0.08370062 0.261562
0.02917483 0.7261617 0.2043489 0.255492 0.8923868
0.03822789 0.9368532 0.918957 0.3110366 0.1228403
0.9118545 0.265248 0.3095279 0.3950558 0.6621245
0.1260815 0.9575881 0.3400374 0.4515443 0.8605673
0.06650352 0.3762306 0.5989526 0.3366595 0.8884273
0.6992489 0.1771924 0.9169499 0.4437157 0.6581798
0.5184744 0.8678953 0.1764743 0.4367032 0.7825399
0.968049 0.2660425 0.8554196 0.8631031 0.4689355
0.977137 0.5889997 0.6349924 0.5607449 0.9681713
0.9021559 0.7796844 0.02015859 0.15054 0.8932603
0.07687055 0.6161893 0.4634995 0.4515399 0.5420906
0.151865 0.7013586 0.6081938 0.2892494 0.3193806
0.1615435 0.3395622 0.7689502 0.7846626 0.1416442
0.4845902 0.5706022 0.437087 0.3812001 0.857989
0.563986 0.9098346 0.556984 0.4274051 0.02648802
0.9675228 0.1208205 0.2855331 0.009399288 0.5487321
0.2414023 0.2225265 0.775013 0.854958 0.762952
0.9227783 0.555167 0.1079749 0.1550583 0.6085708
0.3494897 0.03096312 0.7185919 0.4917925 0.15233
0.9730904 0.1699454 0.007835096 0.7465471 0.7401648
0.5134321 0.1407522 0.6116793 0.5702906 0.6082047
0.4235285 0.1036101 0.0563167 0.9827394 0.2180916
0.2517708 0.8559635 0.2520203 0.943929 0.2218717
0.221359 0.09441565 0.05118287 0.2448707 0.1112737
0.09806542 0.9111976 0.9966476 0.6314201 0.2319165
0.5622301 0.1978099 0.4590019 0.9049351 0.1458477
0.6371668 0.8235265 0.2151063 0.5559268 0.06299453
0.6969603 0.5952757 0.8173402 0.5542612 0.4318297
0.2726859 0.3261109 0.4854526 0.1968273 0.4846139
0.3926287 0.8974911 0.9344285 0.09813307 0.5359191
0.3520005 0.8256874 0.7546504 0.5445899 0.8172155
0.7703596 0.03734705 0.577881 0.1318419 0.1925787
0.9022663 0.2007869 0.9300164 0.8345134 0.434166
0.7924415 0.3115882 0.1653469 0.9227878 0.5546195
0.5232571 0.1130632 0.1234041 0.4466117 0.6733583
0.2030267 0.2721491 0.8050118 0.9112448 0.5401026
0.7408757 0.4405032 0.08281066 0.542966 0.3750684
0.3017052 0.2861438 0.9924278 0.7435523 0.7176731
0.2487208 0.8232499 0.4748531 0.6352869 0.1547827
0.7364711 0.869591 0.03651864 0.8020449 0.8431197
0.5687528 0.9054917 0.9859157 0.2325306 0.2344039
0.8229629 0.9418928 0.1797393 0.6389649 0.5526972
0.2083571 0.2784006 0.4219118 0.536679 0.7361988
0.6867522 0.8977771 0.2811547 0.4151888 0.9297641
0.6891408 0.8176865 0.01541984 0.5161969 0.2850994
0.9337687 0.2546376 0.1356033 0.1693948 0.9600929
0.9611783 0.6031389 0.4071449 0.9997821 0.1642817
0.8743379 0.6135887 0.902219 0.7952372 0.9687019
0.8516561 0.2013081 0.8741832 0.3986374 0.4343931
0.3496304 0.4400891 0.1175174 0.628215 0.7275007
0.430881 0.2215763 0.5464281 0.3310642 0.9991598
0.4156996 0.7597726 0.7155398 0.9310492 0.734029
0.297762 0.7227094 0.7590795 0.5514352 0.8484122
0.2208527 0.3814184 0.4243864 0.841143 0.3129549
0.2906511 0.2623504 0.7660646 0.2951242 0.116219
0.4025519 0.4185941 0.07496602 0.3258227 0.3065244
0.7176379 0.1084709 0.8098003 0.8924411 0.3036791
0.3827046 0.5297212 0.8224927 0.5040543 0.1100453
0.1472989 0.0455603 0.5908099 0.7747622 0.646679
0.7611635 0.520442 0.1849521 0.5928395 0.646123
0.6633541 0.6819733 0.761233 0.732226 0.5105417
0.46351 0.291347 0.5766819 0.7581667 0.8774652
0.7646521 0.8086421 0.2389455 0.3932175 0.3378433
0.6207395 0.8203777 0.481992 0.9731692 0.7813268
0.6277308 0.9602758 0.07253117 0.5952116 0.5439654
0.304382 0.6742646 0.03318142 0.6029896 0.5400983
0.3979513 0.9820556 0.8035827 0.1461811 0.2115413
0.7190744 0.3379603 0.4325222 0.4321612 0.1119272
0.7883487 0.8731507 0.8631836 0.4829182 0.9034232
0.1776908 0.1406155 0.1563423 0.8937243 0.9087383
0.7618664 0.7987444 0.5590591 0.1330498 0.5086745
0.1912732 0.4040163 0.6913402 0.02769348 0.9277331
0.905161 0.5532026 0.4938353 0.1604365 0.2237747
0.1786569 0.7131787 0.5804892 0.8652801 0.2070782
0.4092098 0.2724323 0.1884261 0.34205 0.6058295
0.630224 0.2067902 0.03725063 0.5904927 0.8970443
0.3134603 0.7541197 0.1574227 0.4899464 0.7643588
0.4463095 0.8615202 0.4239686 0.9805501 0.145542
0.1789947 0.6959363 0.4001149 0.5684218 0.2144541
0.1506983 0.1791413 0.5733935 0.7863536 0.4910566
0.4602691 0.5478943 0.7026005 0.4798081 0.3067519
0.7171906 0.6251619 0 0.4094936 0.9069763
0.4990062 0.641578 0.8385848 0.5449743 0.230173
0.8750211 0.497325 0.7749842 0.8921982 0.5419083
0.06017921 0.378577 0.7242463 0.8818586 0.3515215
0.07661 0.01167729 0.5105387 0.9560778 0.7772293
0.6603109 0.2337389 0.1904579 0.6170428 0.9771886
0.2542864 0.9963463 0.952796 0.1661369 0.6878337
0.1024175 0.950231 0.9698088 0.4621097 0.9542748
0.7475122 0.3779921 0.2062177 0.02453746 0.6060043
0.236806 0.8944658 0.5966128 0.8041349 0.002054567
0.921148 0.3918179 0.2793323 0.7676057 0.2309813
0.6085888 0.6251251 0.5009152 0.7147197 0.2782622
0.75284 1 0.5082633 0.4642327 0.7470451
0.7627354 0.6258292 0.2918188 0.5414432 0.01847305
0.2914467 0.04932713 0.2110166 0.8072183 0.9530516
0.9165998 0.4042535 0.4654796 0.05534095 0.8549675
0.4958163 0.3494145 0.892993 0.3858989 0.01926966
0.2584231 0.127523 0.0292602 0.4656715 0.8367557
0.6001444 0.390988 0.6453265 0.6114412 0.5209674
0.1019944 0.8647085 0.880848 0.7876121 0.1791538
0.1774277 0.2590561 0.7657943 0.7949364 0.8428654
0.02424261 0.1469642 0.5922517 0.654409 0.1047916
0.330156 0.5137285 0.5988703 0.9279716 0.2289238
0.6716463 0.6344635 0.1261843 0.7366727 0.7529077
0.9691134 0.9975379 0.7821227 0.2712013 0.5745245
0.3978378 0.2473905 0.4958715 0.2514104 0.443996
0.4732844 0.1944342 0.3259061 0.261637 0.04862591
0.7778795 0.4924639 0.7687702 0.2628502 0.2070796
0.6644248 0.9523283 0.22961 0.5621553 0.3211513
0.8357552 0.4339843 0.7130793 0.8640111 0.387866
0.7993542 0.02106414 0.6498928 0.2087031 0.8310569
0.4098448 0.706777 0.127199 0.03940586 0.1380159
0.9772698 0.9315835 0.7774256 0.7205336 0.4315134
0.01051666 0.3109254 0.7813536 0.3101729 0.4478871
0.8221221 0.04948672 0.9613602 0.6552497 0.9179947
0.9092563 0.4726491 0.196339 0.6333033 0.8800269
0.4364627 0.5892552 0.1867714 0.3976719 0.3297764
0.3145936 0.2950717 0.6038074 0.8899389 0.4336646
0.1484283 0.5673656 0.2068625 0.5197693 0.4592822
0.3267516 0.3798396 0.3388475 0.04683606 0.1030395
0.158505 0.6113145 0.8079558 0.3798934 0.7998867
0.0009753364 0.3296175 0.6760688 0.1247519 0.5587213
0.6584083 0.1508558 0.7837267 0.7709986 0.7008211
0.191021 0.9312023 0.02243631 0.8289231 0.3438068
0.8248084 0.1678835 0.5556057 0.03404535 0.6000567
0.5492167 0.8117546 0.7157728 0.5126933 0.03767776
0.09168822 0.753878 0.005461125 0.740048 0.2156705
0.03887944 0.2134277 0.591707 0.394411 0.1593038
0.4112685 0.3974595 0.09305466 0.9080695 0.6300654
0.8379278 0.2417407 0.7129354 0.3170205 0.5952518
0.1481037 0.7268044 0.9210318 0.7857804 0.006382851
0.1179017 0.7082194 0.3100717 0.04221421 0.7280298
0.7367136 0.3560273 0.08350771 0.1543803 0.4878756
0.7982103 0.1015174 0.7045277 0.7568086 0.5164621
0.6642223 0.4307924 0.9407095 0.3428903 0.3725283
0.9764609 0.5401093 0.2250538 0.6164259 0.1610832
0.6721857 0.05753244 0.1100972 0.4405519 0.2370101
0.1147702 0.3893945 0.8510343 0.6995742 0.6560591
0.6478619 0.6945284 0.4609012 0.7992243 0.08102421
0.01016783 0.438464 0.8152226 0.4435123 0.5782326
0.5210207 0.639068 0.008696969 0.5585659 0.04116685
0.8417487 0.4205382 0.6916884 0.3927567 0.8824383
0.131516 0.9922332 0.7783566 0.7757683 0.710358
0.2977528 0.06398557 0.9341836 0.849871 0.2578456
0.1746148 0.2103071 0.287041 0.5031961 0.9142766
0.6727615 0.8425316 0.1215532 0.05423403 0.5362989
0.793455 0.9437694 0.9829934 0.4401613 0.8127972
0.1267437 0.2466694 0.8837139 0.8913901 0.9210428
0.216582 0.9100041 0.2277146 0.4898634 0.9500422
0.5580039 0.4998075 0.6835344 0.3048882 0.8894128
0.9633795 0.3571495 0.7446169 0.3259672 0.8440501
0.3510196 0.7543063 0.06737756 0.9222537 0.4375505
0.3009384 0.6025264 0.549076 0.2414807 0.1167195
0.5187226 0.5263792 0.5889692 0.8210692 0.4339959
0.06167244 0.7113376 0.2384755 0.7971438 0.5605551
0.8303111 0.7446865 0.008534755 0.1797241 0.4383479
0.5807766 0.5409995 0.1170507 0.6605589 0.8512147
0.3795602 0.5696362 0.7766051 0.80551 0.7151836
0.5928097 0.4131984 0.08844485 0.2017693 0.8986062
0.7878833 0.6817433 0.9089119 0.0524036 0.8479776
0.8558187 0.007704612 0.4819956 0.1578747 0.3424421
0.1211153 0.4823148 0.07391835 0.004434271 0.6407588
