0.5314988 0.323531 0.9296832 0.06332926 0.2369638
0.2339035 0.3302366 0.8133086 0.7317595 0.1178645
0.4085747 0.960095 0.6090021 0.5969644 0.4046594
1 0.6084071 0.4936598 0.2347274 0.1891996
0.2242577 0.7956999 0.3785653 0.4908387 0.3931775
0.1230439 0.9995507 0.90993 0.5584866 0.9645979
0.4151408 0.6615019 0.7829912 0.1773663 0.4894206
0.2785701 0.6412591 0.6757819 0.7063423 0.5385586
0.1906913 0.5516505 0.7408751 0.1285526 0.5082436
0.369966 0.974602 0.5680567 0.5584017 0.4170655
0.4727607 0.4959876 0.163543 0.6892287 0.5146209
0.223072 0.2926351 0.1875401 0.1404818 0.7614492
0.9381396 0.6979689 0.790203 0.7940882 0.7482426
0.4236653 0.1999967 0.8824783 0.6403891 0.9858338
0.4269692 0.7618326 0.5438886 0.1628416 0.1491204
0.2748301 0.6956886 0.6790367 0.3672799 0.1324343
0.5846666 0.8483277 0.5000221 0.2616473 0.7886261
0.1841215 0.2853222 0.4542734 0.4380318 0.9353943
0.6004526 0.3867959 0.1557125 0.7767582 0.1399036
0.9460907 0.2677373 0.3265008 0.8087495 0.8965296
0.1644288 0.2457311 0.4439403 0.2449766 0.8137655
0.7907437 0.4615572 0.8492076 0.2150291 0.2684675
0.749661 0.3424685 0.7556936 0.9641487 0.6188454
0.5844244 0.2416443 0.7305537 0.3900525 0.3752735
0.4636299 0.6254359 0.7962941 0.04102161 0.5370834
0.3311111 0.7902201 0.9153731 0.1773923 0.9946705
0.6938158 0.6874241 0.1802522 0.1229035 0.2527979
0.929701 0.4614319 0.1773293 0.4815131 0.2982857
0.5516755 0.2182067 0.6991836 0.7570176 0.798054
0.3580677 0.6169813 0.8712769 0.2811672 0.0118572
0.3243356 0.8230778 0.1277055 0.04491596 0.4894612
0.1748927 0.5190784 0.7325136 0.1610775 0.1301784
0.9783124 0.2656164 0.1435886 0.8760924 0.2876417
0.3540151 0.2552512 0.289538 0.3602591 0.3762005
0.7631635 0.5727601 0.8456868 0.0349277 0.3056607
0.4935679 0.9191499 0.3119169 0.7097072 0.06789594
0.1879404 0.2188436 0.2281423 0.3953506 0.9725609
0.0226933 0.1006778 0.4956224 0.3577675 0.5027161
0.429175 0.1179117 0.6211544 0.193969 0.4173524
0.8716286 0.76937 0.305046 0.4845507 0.2158492
0.3307737 0.6836868 0.9161249 0.2453065 0.5045078
0.468749 0.8881673 0.5654129 0.8188203 0.6592131
0.8961749 0.5159823 0.5326339 0.5161936 0.1594842
0.7079182 0.2237812 0.0009524734 0.8570087 0.1059584
0.9064303 0.6640129 0.5632669 0.809898 0.6550868
0.07689802 0.7889381 0.7173623 0.9800439 0.9492476
0.2278961 0.3054404 0.4160249 0.1736526 0.5157656
0.03482062 0.3715441 0.4323812 0.3458166 0.06820466
0.1992773 0.7143279 0.7495703 0.6019103 0.1473336
0.08028381 0.5857838 0.08163281 0.6543622 0.7772451
0.9505793 0.5410731 0.5847661 0.389726 0.8348575
0.1256489 0.009512472 0.5129516 0.9482064 0.2540478
0.7752836 0.9513775 0.5639658 0.8984271 0.6090798
0.09044754 0.2273356 0.7934962 0.3094207 0.8532784
0.7256428 0.06587129 0.9654541 0.7754758 0.08335972
0.1621233 0.2497309 0.4015575 0.9005925 0.8646708
0.01361306 0.6190195 0.960443 0.2462909 0.2577377
0.1653658 0.2924222 0.8590742 0.3237686 0.893929
0.3261003 0.8685124 0.8760376 0.1018779 0.1194849
0.8611333 0.227028 0.5723641 0.7770892 0.5451282
0.941472 0.2251957 0.1682996 0.6324609 0.8661712
0.7087875 0.425217 0.3424676 0.3475864 0.02418124
0.3610941 0.9941827 0.1122801 0.4289408 0.5990361
0.9824206 0.780048 0.3919845 0.5324036 0.5619989
0.2875373 0.546056 0.6006135 0.7506521 0.7290639
0.7166026 0.9058526 0.1473893 0.8225985 0.3277245
0.674422 0.743633 0.1757619 0.5455063 0.2027852
0.29896 0.2950345 0.4021117 0.2946528 0.06529866
0.04887729 0.2295379 0.9763467 0.3901185 0.813911
0.1362716 0.2282742 0.7605987 0.5354291 0.8445254
0.3094002 0.395686 0.9220745 0.308164 0.6913974
0.1173999 0.2825473 0.0317611 0.06749469 0.7913309
0.7794993 0.6953996 0.4513384 0.09683864 0.2324879
0.5225775 0.3085754 0.03647646 0.02093565 0.232007
0.7336672 0.46442 0.1160174 0.8198286 0.33478
0.6052919 0.2412188 0.3676175 0.09648243 0.5070987
0.9327485 0.9233403 0.002822874 0.4901212 0.6790762
0.7776424 0.5113007 0.01710719 0.7542702 0.3094057
0.2047981 0.9908648 0.01693765 0.4516577 0.4587067
0.5440111 0.06722385 0.7822165 0.51816 0.1714365
0.40871 0.2305609 0.7429144 0.4365261 0.2872678
0.2846479 0.8854964 0.7099124 0.8105008 0.4463338
0.2076821 0.4458084 0.6780852 0.8439218 0.8994879
0.07625527 0.1071047 0.4906603 0.9923006 0.1112706
0.6159265 0.3956913 0.06428756 0.07069361 0.710812
0.08224181 0.4001677 0.1851036 0.2008692 0.3563896
0.3413787 0.799294 0.08018736 0.0103131 0.3791501
0.5171605 0.5578839 0.8961211 0.04156469 0.2546682
0.6889122 0.6250519 0.5869368 0.08285802 0.8472472
0.1546441 0.9569755 0.1691409 0.1089645 0.6362748
0.4850387 0.6927314 0.887652 0.7651958 0.01400231
0.3899978 0.8660805 0.7928147 0.1329664 0.04206969
0.7049614 0.6297924 0.4797276 0.9884098 0.004606913
0.1478364 0.7280058 0.3099313 0.8188574 0.6571772
0.1763759 0.04916938 0.7656193 0.07316677 0.5584599
0.4925803 0.2858852 0.1547205 0.2109339 0.9224766
0.6345812 0.718464 0.9136685 0.8516585 0.6649599
0.4177086 0.3934437 0.3594822 0.5097674 0.8850375
0.1992326 0.8786704 0.03431486 0.7228823 0.9287324
0.3440265 0.7809627 0.2785063 0.9925835 0.9389542
0.2719837 0.04355789 0.455786 0.7517892 0.9914917
0.05389961 0.8052818 0.8627623 0.7666336 0.05161801
0.1374226 0.7935259 0.06533253 0.6595246 0.740409
0.5018742 0.7302581 0.481344 0.006614542 0.9532576
0.2851967 0.2019808 0.149984 0.02661702 0.5037275
0.001442758 0.8340198 0.9895473 0.6752478 0.6034449
0.2054397 0.1561362 0.112983 0.9799337 0.08830221
0.2940384 0.6491483 0.09576718 0.1994564 0.9742104
0.8349428 0.09805716 0.7333241 0.9567781 0.5752306
0.9311051 0.8042646 0.2943536 0.9321232 0.1650502
0.3892263 0.003062717 0.9671051 0.1082099 0.4881825
0.2421983 0.0415442 0.09311656 0.782366 0.5325051
0.4863133 0.2712662 0.1814776 0.7145084 0.8217908
0.591725 0.9171559 0.3222106 0.6521569 0.1279119
0.11936 0.6921368 0.1859715 0.1009904 0.3135675
0.235835 0.932787 0.8786691 0.5340814 0.1814815
0.4930253 0.9221695 0.5975826 0.8191391 0.8751648
0.1825585 0.8929544 0 0.2315232 0.600592
0.6263358 0.7158824 0.09155522 0.3483579 0.04820809
0.6411844 0.7085819 0.764937 0.5367891 0.07227358
0.21135 0.4406688 0.4559283 0.7186261 0.5900533
0.4414447 0.07786045 0.0469114 0.3824406 0.7850969
0.2562011 0.7594342 0.06608146 0.1934842 0.794786
0.9455552 0.9270342 0.3863935 0.994728 0.7674922
0.3372633 0.9408049 0.5148125 0.7578922 0.3135843
0.4573315 0.8622897 0.6998962 0.3104998 0.7638689
0.04783214 0.06433524 0.03739127 0.5559356 0.9684094
0.3862512 0.7671616 0.8860554 0.1571823 0.9184817
0.0574212 0.09849888 0.2976352 0.1826421 0.2012445
0.4022145 0.818104 0.0687102 0.4790221 0.6645604
0.03304527 0.3927258 0.1234637 0.3076059 0.7303882
0.7164598 0.3679191 0.8857557 0.76485 0.9085368
0.2278063 0.9303335 0.2789358 0.04572456 0.1970073
0.0452347 0.6664457 0.1507283 0.5649482 0.2012562
0.1775346 0.09577173 0.8383622 0.4804324 0.552358
0.95079 0.5323915 0.1588656 0.4111957 0.6912999
0.6996559 0.6308203 0.7763762 0.1496456 0.1958085
0.7840844 0.9050912 0.4099363 0.7280334 0.7781332
0.3460489 0.1289759 0.3868105 0.9775699 0.1113024
0.6917414 0.8023077 0.3921884 0.5030931 0.9462717
0.2954212 0.8814962 0.6706445 0.1868746 0.1083505
0.791731 0.1211502 0.4480635 0.5917787 0.09833345
0.4711901 0.8677541 0.3197491 0.9079111 0.9899501
0.6974235 0.6019542 0.8597748 0.7411636 0.98321
0.8706872 0.2326694 0.05883371 0.4802318 0.1711536
0.7321256 0.61457 0.07777655 0.6576189 0.3189527
0.8699791 0.5675911 0.9178439 0.2322941 0.3474727
0.5115795 0.8010196 0.5444307 0.9814342 0.4529779
0.1883606 0.245708 0.1976394 0.9035254 0.01499395
0.003788855 0.4223961 0.187302 0.3813418 0.09984839
0.5699871 0.9958392 0.2407241 0.2560314 0.1414136
0.3565568 0.3729127 0.9175053 0.7308897 0.1997652
0.8813979 0.9230996 0.6934886 0.0494987 0.7336979
0.1092648 0.7538289 0.7175852 0.2087419 0.1649615
0.9250773 0.5768867 0.6383712 0.7808977 0.1109642
0.4603563 0.698701 0.3884375 0.2434502 0.1275978
0.2415374 0.7976144 0.7845434 0.3220592 0.8673712
0.9003853 0.2213599 0.5180769 0.5205746 0.005897015
0.3392542 0.7615835 0.5928422 0.7350547 0.428678
0.6540436 0.01990056 0.01361807 0.4186344 0.9059335
0.1036599 0.7369714 0.8208142 0.748334 0.2914926
0.5192602 0.4779696 0.05691047 0.5816734 0.4629394
0.6429988 0.4945844 0.8795805 0.6081977 0.1695244
0.3749605 0.7460774 0.152559 0.7849764 0.2735999
0.226236 0.8726977 0.7444836 0.5359639 0.3874502
0.0574161 0.8017554 0.007559277 0.6458619 0.6300933
0.4443206 0.4350222 0.8232857 0.00240858 0.1334439
0.9430071 0.2196849 0.9788247 0.7560677 0.05528378
0.250223 0.6827523 0.7185337 0.2440705 0.4342881
0.7450751 0.2120326 0.2778755 0.8785865 0.6029299
0.8057394 0.7970857 0.9894487 0.7787603 0.1214642
0.9800911 0.3152386 0.0897381 0.6516149 0.3441083
0.6963098 0.6414763 0.8205821 0.3774008 0.8780545
0.3051215 0.8951163 0.7211047 0.8817712 0.03352355
0.6006621 0.7736331 0.05905088 0.539753 0.8622057
0.5187069 0.5811385 0.6775759 0.6322139 0.4481685
0.04582834 0.5255749 0.7129679 0.7170196 0.4561298
0.5290186 0.03599749 0.7650762 0.4299175 0.2997787
0.858822 0.8983175 0.1773849 0.2349405 0.906696
0.2523024 0.3067819 0.02140577 0.6800429 0.3611979
0.7614016 0.2132905 0.2918742 0.7848561 0.3182642
0.5200482 0.8853783 0.8933232 0.03076367 0.981187
0.001954107 0.6480528 0.5422829 0.4847951 0.1926651
0.8400147 0.328891 0.2231848 0.1779992 0.2112227
0.1802438 0.9859297 0.424079 0.2975163 0.35573
0.2783563 0.6785281 0.7518159 0.4460576 0.4693781
0.452681 0.2948118 0.0845637 0.4993011 0.5778842
0.008395393 0.5475138 0.124416 0.5458285 0.7288588
0.01480049 0.2264508 0.6793808 0.005682083 0.7653089
0.321482 0.5459611 0.6693003 0.5948041 0.971818
0.1509406 0.6687907 0.9891398 0.5238926 0.679572
0.2582757 0.742398 0.7155446 0.4283736 0.1232958
0.9362673 0.7963754 0.6456564 0.6047922 0.07253739
0.8344888 0.9373857 0.3756854 0.6982657 0.074347
0.4898867 0.5574629 0.1111188 0.7911249 0.233673
0.553083 0.5915119 0.2531077 0.9698591 0.5977427
0.02491536 0.6116406 0.1860586 0.4188047 0.06351186
0.9046657 0.2433355 0.2640879 0.501364 0.5471529
0.4656994 0.6948608 0.9698994 0.4080789 0.9151023
0.8672694 0.4163397 0.554125 0.5332925 0.7430083
0.7223697 0.6706268 0.3922627 0.5976364 0.4231396
0.4705456 0.5400662 0.8143868 0.109502 0.6158666
0.8061148 0.02097486 0.8614535 0.6993831 0.6555621
0.6988326 0.9263091 0.8902236 0.6097869 0.315971
0.1259043 0.7448269 0.4928364 0.05562705 0.4153788
0.7996762 0.7169309 0.6879029 0.554488 0.3494138
0.08540006 0.6782781 0.8574491 0.04735059 0.4426593
0.5342094 0.3085204 0.3713404 0.4039376 0.724487
0.3456579 0.775313 0.8111937 0.2147772 0.2870478
0.4866708 0.8646827 0.5294853 0.4902919 0.1931028
0.7342288 0.5412721 0.0509845 0.0505523 0.3763349
0.3806569 0.06680621 0.444132 0.5317529 0.9998087
0.259796 0.7067847 0.569276 0.2138808 0.1409695
0.3127857 0.7489833 0.5342891 0.9883098 0.6401491
0.3795522 0.8379342 0.7446247 0.02396482 0.2021166
0.7257175 0.9305486 0.423004 0.5827574 0.003271195
0.3897821 0.1578211 0.7776373 0.6496319 0.5575427
0.9101094 0.562579 0.2435403 0.6610999 0.002934874
0.5196849 0.890854 0.9354121 0.9626457 0.1249812
0.9877612 0.2070394 0.7662168 0.8610213 0.9421207
0.2239651 0.3788328 0.5882004 0.05121305 0.6787655
0.7462753 0.6682154 0.09680918 0.6065164 0.3150884
0.6937254 0.07023523 0.05530513 0.4407051 0.1403469
0.2473042 0.6468779 0.1214171 0.5614116 0.2782278
0.7543322 0.005932043 0.5651795 0.5224327 0.1999364
0.5929235 0.5816935 0.2546841 0.434797 0.4564883
0.1166857 0.7000542 0.4291984 0.3586427 0.5171097
0.2526204 0.5177892 0.04994892 0.448587 0.7771033
0.05521583 0.3549411 0.5658369 0.4760617 0.1262122
0.7410941 0.6534464 0.9352114 0.903534 0.5180497
0.4038621 0.3153841 0.3641036 0.2255277 0.1391264
0.9883977 0.5295364 0.9906864 0.1336742 0.1434106
0.9900671 0.6143748 0.06301753 0.5087681 0.4776116
0.08330072 0.6225251 0.02398221 0.0425355 0.5716228
0.009750716 0.3931238 0.2251415 0.5425402 0.078627
0.0025313 0.60344 0.3274072 0.5169392 0.1798615
0.3652555 0.5320986 0.544854 0.5985168 0.4398754
0.485151 0.0472197 0.04147777 0.4300747 0.8518406
0.6817837 0.2672628 0.5921541 0.6591499 0.5916505
0.6628221 0.8393771 0.8502284 0.9013208 0.7866712
0.9523086 0.2266637 0.402572 0.5402388 0.6696855
0.1504157 0.3362384 0.9552766 0.5465304 0.5666139
0.5069383 0.9342408 0.2645297 0.3261406 0.2343138
0.06382546 0.6936883 0.6299802 0.3278985 0.6487414
0.5832589 0.5162962 0.6390258 0.1107128 0.2406613
0.822842 0.4985705 0.1808208 0.2459805 0.5872428
0.491546 0.8599541 0.5264047 0.9034632 0.03708113
0.8606982 0.9749123 0.6150502 0.5733071 0.7941353
0.2306813 0.6531154 0.01877994 0.8261892 0.1277498
0.4075171 0.9122618 0.8210042 0.1740683 0.0236382
