0.5071912 0.2141663 0.3512794 0.1737782 0.8405352
0.4603312 0.8492753 0.5735377 0.274578 0.8313834
0.8113929 0.5717906 0.9917517 0.1865275 0.988264
0.2035486 0.6719067 0.6546899 0.6681621 0.7931967
0.8781547 0.8209117 0.6193395 0.6824201 0.07499558
0.2790844 0.6125984 0.5418638 0.3324099 0.4076682
0.8765435 0.7668795 0.4553037 0.6784568 0.3346618
0.02779582 0.9543349 0.5311409 0.5806604 0.8120069
0.462288 0.6991119 0.8128185 0.549029 0.7951544
0.04303464 0.8488262 0.3747241 0.4959334 0.397316
0.8185089 0.3123483 0.6411918 0.888888 0.2690442
0.4057189 0.802313 0.2018694 0.3785486 0.3664708
0.9874196 0.8836485 0.593358 0.08136349 0.222604
0.986671 0.9447677 0.7354598 0.5694628 0.02461115
0.8202345 0.5240156 0.2843864 0.8082642 0.01147411
0.7349442 0.9050272 0.9385422 0.07434606 0.6257994
0.9116062 0.2428452 0.6247725 0.5534722 0.9068289
0.1225348 0.6106325 0.6434398 0.3316357 0.1645406
0.2866332 0.7390137 0.8374238 0.5507312 0.2435232
0.4660252 0.3764317 0.6078204 0.2212669 0.6097488
0.6352829 0.4316241 0.540518 0.5518509 0.0631022
0.1627639 0.6463433 0.862546 0.7288922 0.4852533
0.7333199 0.9883822 0.2685334 0.1629952 0.08984728
0.1220462 0.3187213 0.5051318 0.009503437 0.01292719
0.226683 0.1684428 0.7675701 0.6664626 0.654141
0.6522475 0.9682635 0.5767668 0.2461736 0.9057488
0.6595733 0.4038781 0.3675432 0.5440468 0.1501818
0.3042963 0.9911688 0.746406 0.06959038 0.8860225
0.9233746 0.7883857 0.4697432 0.9058012 0.3174187
0.07577448 0.9759074 0.1373891 0.6027325 0.9491344
0.1683597 0.6579849 0.2546182 0.07221786 0.1201732
0.8033873 0.5292165 0.8893498 0.1338732 0.4366895
0.08615818 0.1749046 0.4463838 0.009986802 0.7487768
0.4682624 0.7962388 0.3970019 0.5150457 0.8654016
0.7210102 0.8796862 0.4757456 0.009483175 0.7661283
0.2429891 0.9992371 0.8329148 0.6514569 0.5398442
0.7174514 0.8762127 0.1930112 0.7964814 0.1033398
0.03105686 0.8568012 0.2926927 0.7673971 0.6446864
0.0219551 0.5780774 0.8225878 0.5878506 0.9350833
0.7376955 0.8002273 0.5888262 0.4375776 0.3797986
0.3348203 0.05152751 0.02259147 0.1786764 0.4490704
0.01725534 0.8968485 0.7619368 0.6359545 0.02891444
0.87943 0.8798436 0.430582 0.9107558 0.8619191
0.7068962 0.3714953 0.02281959 0.8914782 0.8760892
0.4607953 0.6733419 0.3860685 0.5483545 0.9413486
0.9797689 0.100838 0.7617847 0.9146973 0.1397488
0.9435705 0.1893924 0.467847 0.3856812 0.3093498
0.04012854 0.02704804 0.7309962 0.6148722 0.7064398
0.4821615 0.3501044 0.8958467 0.5235463 0.6939431
0.772955 0.924773 0.4969837 0.2843454 0.2153831
0.3955961 0.6014382 0.1460191 0.06016989 0.2926916
0.2323817 0.7499132 0.01564139 0.4379762 0.4331837
0.05766666 0.8030351 0.7929021 0.3875871 0.9364298
0.9890361 0.5216586 0.3890652 0.5887304 0.9581969
0.3810144 0.7499767 0.5142689 0.3905974 0.8047919
0.2807679 0.7203823 0.2532133 0.6350287 0.8356237
0.6570811 0.572137 0.9863974 0.7987412 0.01447738
0.9553665 0.1734891 0.8600657 0.9547583 0.4105328
0.7083595 0.2636982 0.7230841 0.4492825 0.5745205
0.470865 0.4029425 0.05333493 0.699727 0.8212591
0.739364 0.06097761 0.03804062 0.811795 0.5877365
0.06359987 0.9479625 0.2315892 0.2931902 0.08004561
0.7765858 0.1286889 0.9118469 0.2463525 0.1984744
0.7373751 0.8727456 0.8987171 0.7602838 0.615507
0.5558244 0.6365367 0.5280711 0.9329763 0.9303596
0.01837811 0.9073597 0.6560802 0.1657345 0.9254283
0.303308 0.402088 0.710963 0.8502631 0.2051516
0.6642225 0.05083943 0.251096 0.736139 0.1248201
0.1020403 0.4830537 0.6211476 0.5929218 0.06517677
0.1766731 0.8206343 0.4439449 0.5677819 0.7665621
0.6213499 0.1109114 0.03002438 0.7109132 0.4448615
0.6142061 0.9536219 0.3647475 0.06447622 0.578032
0.05017282 0.3477955 0.04112849 0.2937563 0.6069271
0.9693149 0.8717812 0.7830792 0.07113366 0.7193992
0.01459939 0.8203833 0.07437673 0.512288 0.7419363
0.09424265 0.988832 0.2277517 0.9497093 0.4641766
0.5222418 0.9798325 0.3507428 0.1634489 0.1894853
0.7037841 0.8060379 0.9550033 0.09614834 0.8669806
0.5683279 0.20182 0.341071 0.9726999 0.1876815
0.5733947 0.3245363 0.6588324 0.9778761 0.4260952
0.7419108 0.3859826 0.7373604 0.6958738 0.7761512
0.03871942 0.555764 0.1066186 0.7025566 0.7487283
0.2165412 0.9693706 0.932308 0.9515284 0.4593882
0.6620586 0.7787513 0.4220061 0.749598 0.309517
0.2746386 0.4993762 0.4334877 0.8093729 0.623193
0.8316403 0.08652919 0.8401979 0.8304969 0.8048834
0.4813803 0.8362049 0.6843038 0.2849966 0.2931887
0.7686519 0.2284042 0.8110531 0.07660665 0.7964554
0.2050455 0.3934082 0.9580367 0.6930541 0.1021954
0.5464014 0.839479 0.8776847 0.7266068 0.6839359
0.4444226 0.8152863 0.4246227 0.1917642 0.159255
0.1851621 0.6782175 0.1207984 0.07226371 0.4665669
0.5088072 0.946425 0.433358 0.7859554 0.9725668
0.5090272 0.9935838 0.8136243 0.9972938 0.6800901
0.7470138 0.1317732 0.5916844 0.7199035 0.003000857
0.900033 0.7646983 0.7686856 0.8972354 0.5711786
0.3056776 0.6195122 0.5103244 0.5341969 0.4660878
0.3289676 0.3942453 0.5061173 0.5418565 0.4718673
0.7293429 0.6483324 0.3464926 0.1194919 0.7330956
0.5895493 0.04983764 0.5976183 0.02654275 0.4306047
0.9720163 0.4342178 0.205926 0.9180053 0.5673054
0.1234278 0.174399 0.6123118 0.1186424 0.7512049
0.8169727 0.5406162 0.2539027 0.5889901 0.3546022
0.5884204 0.8340239 0.0689007 0.3404286 0.1336474
0.8275259 0.9985485 0.05101381 0.1188386 0.04240516
0.09111095 0.503896 0.3557829 0.9311168 0.03262978
0.5683127 0.4530194 0.6707743 0.8172863 0.2827093
0.1076458 0.251283 0.5277021 0.1257111 0.9785825
0.004783796 0.5252169 0.2664588 0.03243979 0.5948275
0.4565725 0.5220367 0.1716163 0.9957886 0.976838
0.1480923 0.1151912 0.9616641 0.6812954 0.6721149
0.04970757 0.5373203 0.6408802 0.491002 0.7587847
0.1279973 0.5210539 0.6789916 0.3987296 0.190305
0.534634 0.9126869 0.3044483 0.4708639 0.8430244
0.2031106 0.330071 0.7414228 0.7715918 0.6295558
0.5832986 0.8989933 0.7344779 0.4680779 0.8677658
0.7391618 0.3241785 0.8604038 0.8114418 0.9335632
0.9200877 0.163098 0.6824129 0.126224 0.8140352
0.08240084 0.6053214 0.8565318 0.3296634 0.854319
0.2589788 0.03534669 0.03586563 0.9548981 0.6860294
0.664373 0.08106053 0.691827 0.6590347 0.5309408
0.9555629 0.6608407 0.9599156 0.1091211 0.6363003
0.2128841 0.2006448 0.3381691 0.330119 0.1508994
0.7575083 0.7632617 0.7698966 0.7132525 0.376598
0.6906813 0.7079807 0.527421 0.3286768 0.3939229
0.743443 0.5671002 0.4189839 0.5501295 0.3530902
0.4304453 0.8257611 0.2671369 0.3991578 0.3758378
0.4657337 0.6334098 0.0869354 0.9575451 0.739068
0.6924089 0.2691446 0.09425483 0.3410288 0.3564611
0.4340402 0.492391 0.6302578 0.1366531 0.4753438
0.3417954 0.5377296 0.01249865 0.5832827 0.3217448
0.1322105 0.7369085 0.6271032 0.7443396 0.6330449
0.6096137 0.1194546 0.3890587 0.4904247 0.8305397
0.5050869 0.6813345 0.5476671 0.07926836 0.2063853
0.7075455 0.930215 0.2634488 0.3262823 0.8875615
0.3065163 0.07188417 0.2532815 0.4918426 0.3489579
0.753476 0.04084158 0.4314193 0.858858 0.522916
0.5603719 0.1995106 0.9873666 0.5732866 0.6559866
0.4538133 0.7114724 0.1617026 0.9465609 0.835847
0.5812665 0.2413654 0.6594848 0.4551931 0.6814041
0.5708796 0.2982713 0.8577577 0.5783456 0.5975662
0.8188985 0.2455658 0.8659902 0.3215101 0.6215232
0.4433962 0.1098534 0.3500446 0.1256611 0.7551834
0.129615 0.20474 0.5730881 0.9075777 0.8637292
0.5368207 0.4671898 0.1236706 0.3777918 0.7189897
0.6465049 0.9747202 0.3145836 0.8175602 0.3055556
0.09564924 0.8428543 0.0984799 0.9174019 0.603688
0.6536918 0.2055098 0.7962617 0.7037559 0.1894927
0.3012098 0.08093461 0.0402366 0.5380941 0.7298112
0.9530466 0.9799133 0.7091596 0.3274386 0.05519925
0.1894512 0.8711412 0.7017288 0.6854342 0.230894
0.2955472 0.2465559 0.6319719 0.1633799 0.7495437
0.6678147 0.4505466 1 0.5258581 0.9171506
0.4862053 0.9672079 0.5104946 0.0504707 0.3761411
0.04338607 0.2477803 0.04819975 0.782727 0.1386142
0.1522174 0.3173268 0.9379937 0.8923801 0.4504156
0.1567792 0.8947264 0.009042036 0.2328101 0.998901
0.9582697 0.5040627 0.2792078 0.7806118 0.2831662
0.4820564 0.5944298 0.826907 0.08458865 0.5140576
0.7565471 0.9625987 0.9144661 0.7164352 0.07759653
0.7318558 0.008651949 0.7841097 0.1233345 0.04977287
0.1592347 0.9405161 0.3322812 0.7210095 0.04852222
0.1997685 0.2206071 0.3649178 0.4327008 0.2970405
0.5820683 0.8526068 0.4690553 0.3728723 0.9905615
0.4075648 0.2519102 0.209695 0.04966082 0.9314629
0.5661608 0.8700423 0.6839191 0.650988 0.8672255
0.7544041 0.3986716 0.04737776 0.3693513 0.3781049
0.334896 0.7735939 0.1041961 0.08202871 0.1495378
0.2057188 0.1531179 0.5996394 0.8540955 0.3913728
0.8633485 0.5982092 0.058349 0.2362123 0.0003205236
0.3413045 0.6739437 0.9802032 0.101777 0.7055636
0.8613096 0.2625919 0.2394771 0.8516108 0.8363236
0.4089772 0.2990348 0.3541362 0.2776509 0.3980242
0.8580987 0.4506921 0.2410133 0.5310369 0.8820308
0.2106396 0.1994733 0.5604837 0.152812 0.2185389
0.8804528 0.1730585 0.9532294 0.8804555 0.663959
0.3571967 0.2594898 0.66733 0.3646917 0.1784162
0.8841633 0.7458246 0.6340224 0.1646411 0.7708949
0.500594 0.8200523 0.2298052 0.6777525 0.2921042
0.3282886 0.7210705 0.2917411 0.3601854 0.1358959
0.2678893 0.04691694 0.3235779 0.1772267 0.133319
0.569648 0.7345981 0.9191306 0.9324597 0.3471462
0.5253274 0.5776592 0.4119608 0.8330384 0.1050916
0.1199929 0 0.2249693 0.5640707 0.4197744
0.6175239 0.8039507 0.4641769 0.8278666 0.4951756
0.1578363 0.9199578 0.9516218 0.5963523 0.2265121
0.9590868 0.3136345 0.5096845 0.7904568 0.9794482
0.8979574 0.961266 0.5372637 0.7749905 0.5789703
0.4999447 0.8676993 0.3830722 0.9728206 0.5070187
0.3232613 0.07204838 0.305616 0.2635957 0.8597915
0.01744023 0.9951768 0.6899726 0.385812 0.1537116
0.2809222 0.8399307 0.6143607 0.9139463 0.1871057
0.7621407 0.7864067 0.8249622 0.657799 0.787788
0.1364378 0.2950526 0.9828891 0.9921367 0.05631454
0.9367684 0.8489812 0.6701966 0.5493585 0.299018
0.2652072 0.267283 0.74279 0.08097861 0.1305511
0.9261277 0.7066382 0.7558325 0.6314321 0.3439373
0.1909979 0.3703507 0.5759144 0.693463 0.2510989
0.4700595 0.1221195 0.4860678 0.3761666 0.5075561
0.7543235 0.265714 0.7500541 0.4717332 0.8496592
0.1674783 0.5159007 0.8960239 0.6394961 0.6026807
0.1832238 0.4247149 0.8752805 0.6367541 0.8450138
0.1906979 0.5686049 0.1683925 0.003807597 0.8516038
0.8539714 0.6238341 0.0288921 0.5154686 0.5872314
0.4409243 0.4985217 0.5069659 0.313304 0.9196066
0.8992567 0.9250113 0.1346744 0.4780163 0.5279344
0.7010458 0.6774558 0.882905 0.5157854 0.2693809
0.6003212 0.05824546 0.406384 0.1738655 0.9831384
0.2322115 0.7006652 0.5476871 0.5912479 0.8370467
0.8290185 0.04544686 0.4942173 0.04813062 0.8635041
0.2731291 0.9940029 0.2984193 0.84903 0.09800058
0.8152568 0.2160872 0.5895636 0.0982891 0.924667
0.844949 0.8209885 0.1734127 0.3219753 0.9669884
0.9077698 0.5231737 0.3455055 0.04724699 0.6005968
0.6548598 0.3410242 0.33065 0.3227803 0.3502136
0.6746377 0.9675537 0.5856023 0.977982 0.7414088
0.1295499 0.06481956 0.1439959 0.5360022 0.875368
0.4773632 0.6249128 0.5529708 0.3647358 0.1288562
0.4814795 0.439179 0.09750007 0.3263906 0.8079061
0.5739532 0.04074126 0.8039632 0.421935 0.463552
0.1458773 0.716382 0.8531333 0.06123362 0.3952522
0.9015972 0.8534252 0.4611846 0.65071 0.2203059
0.2673685 0.811832 0.4401258 0.8188079 0.9316972
0.6457546 0.9580284 0.8442439 0.6387554 0.8499982
0.2947931 0.6358192 0.4773028 0.2365731 0.7901555
0.3741386 0.4231567 0.2101626 0.4109801 0.4602278
0.7012513 0.9861738 0.0151416 0.7733172 0.5794224
0.1764478 0.1833983 0.1040719 0.6210262 0.3561056
0.3027487 0.3235499 0.001646165 0.02942487 0.3992619
0.1777934 0.8132706 0.771428 0.4207561 0.9171516
0.7969452 0.06824737 0.8864679 0.6420167 0.8875298
0.8915177 0.3690664 0.5708538 0.5682335 0.9845295
0.9198172 0.2500949 0.7710245 0.8339543 0.9772488
0.6956565 0.8817561 0.1477067 0.1786547 0.8840272
0.2324813 0.06399888 0.9887297 0.5200869 0.6876993
0.04196119 0.9032827 0.4547411 0.1349004 0.242512
0.3826237 0.6174071 0.9865697 0.5801999 0.1881975
0.7450639 0.9025256 0.1460729 0.1923624 0.09733473
0.05183103 0.425799 0.2655673 0.1687162 0.3890206
0.284709 0.7142509 0.9531148 0.8648242 0.5029673
0.7876244 0.8032145 0.02605905 0.9934351 0.1911537
0.4905552 0.07134697 0.04875546 0.8365387 0.08348416
0.9695159 0.17391 0.2054255 0.7141404 0.6377536
0.7529362 0.5108488 0.01817248 0.3242452 0.4528753
0.1418037 0.5443351 0.1657842 0.9938874 0.9600713
0.4688411 0.7198492 0.7051196 0.3144199 0.029628
0.2473961 0.345757 0.01986547 0.9832686 0.9376502
0.1576125 0.5979736 0.2231193 0.6474025 0.2271355
0.9333489 0.9503308 0.6917536 0.6667292 0.1703074
0.9451298 0.6448169 0.1142143 0.2664917 0.8716513
