0.4286976 0.6014001 0.5077046 0.5386859 0.8657846
0.9228312 0.230282 0.8067361 0.2108207 0.7677556
0.4644072 0.2832804 0.4356445 0.4762676 0.7541093
0.5295295 0.7766028 0.8860819 0.5972413 0.3901081
0.5541542 0.3684617 0.4593426 0.7725385 0.3199687
0.1617121 0.2572555 0.4394353 0.618083 0.1151308
0.6665082 0.9130167 0.8053529 0.6926436 0.3137333
0.1359684 0.00635518 0.01724317 0.3536738 0.3573088
0.3859169 0.3542698 0.7369186 0.1040105 0.854316
0.9940697 0.2444077 0.7260023 0.07865775 0.3180487
0.1935564 0.2605542 0.7430044 0.6432901 0.6626722
0.8845811 0.5040874 0.6890835 0.5747266 0.8370664
0.3785948 0.8911323 0.9249365 0.7484063 0.7969012
0.5280234 0.08629818 0.9937555 0.06701924 0.3088635
0.672419 0.6143164 0.6715403 0.9771251 0.9152859
0.8026839 0.5217127 0.2996436 0.3404729 0.5849799
0.5525796 0.8050164 0.02728642 0.4470448 0.3742738
0.2632067 0.7075356 0.1180997 0.02021335 0.07500689
0.4467569 0.7681848 0.3273143 0.9537334 0.2286648
0.9178086 0.04739679 0.2254906 0.4042024 0.7013782
0.2142495 0.918982 0.5973123 0.9700324 0.1256685
0.4959405 0.0920207 0.0575075 0.10921 0.3198598
0.7031304 0.1000676 0.4757507 0.8509563 0.8042227
0.9348537 0.4359492 0.5621907 0.03806339 0.2469269
0.7176479 0.3778697 0.07949042 0.5876683 0.8808097
0.3298377 0.1960141 0.8903701 0.483641 0.2447867
0.2901255 0.8860354 0.195007 0.7466162 0.3007259
0.2155276 0.4474291 0.1659898 0.6886717 0.5514544
0.4143016 0.6926533 0.2825323 0.9477763 0.9594752
0.004630225 0.2290843 0.4520679 0.3854095 0.4924955
0.9203239 0.3198794 0.1829259 0.8230982 0.6445459
0.9018289 0.09101066 0.8051794 0.06287754 0.5370834
0.4799035 0.663577 0.08291904 0.9794902 0.9159179
0.2355408 0.7348198 0.990266 0.4856521 0.8312206
0.06436638 0.2740691 0.5998024 0.8765514 0.4214492
0.3355609 0.510725 0.7329847 0.0336359 0.5878748
0.7978237 0.06536345 0.6541458 0.1299092 0.6349544
0.3252955 0.8369672 0.8927713 0.1298809 0.4319598
0.5132665 0.8144735 0.6663984 0.6950662 0.4062019
0.7544453 0.1648738 0.350698 0.9625526 0.07707344
0.6600719 0.1554697 0.2970259 0.6116292 0.8650412
0.4704118 0.2349468 0.1401794 0.2347701 0.7613957
0.7929361 0.7680141 0.3233733 0.3534749 0.5241583
0.3901388 0.6456031 0.2417509 0.4759126 0.5331293
0.3652943 0.7251954 0.7208844 0.8327199 0.9755361
0.3770756 0.2868269 0.4386366 0.3947633 0.6777217
0.7780266 0.9686981 0.453154 0.08269565 0.9876422
0.2885595 0.4814923 0.7111749 0.02585527 0.6518045
0.3684944 0.3818415 0.6876025 0.2387179 0.6451374
0.5472455 0.38005 0.7061043 0.2842275 0.6317475
0.2488561 0.7843322 0.555493 0.9011093 0.3996901
0.5478546 0.1358015 0.263678 0.8986141 0.5208893
0.9490613 0.8143696 0.2081471 0.3785578 0.5664223
0.8038366 0.8608795 0.5132989 0.1210654 0.287519
0.2188912 0.9650703 0.2478458 0.04378935 0.7889713
0.8142092 0.540614 0.6764816 0.1260732 0.3494904
0.280119 0.9879927 0.6195416 0.829051 0.1873401
0.1528056 0.8563573 0.3781072 0.001496716 0.7223456
0.4077877 0.03499752 0.8290461 0.8859812 0.9981606
0.1360528 0.2339066 0.8214168 0.2567257 0.9647149
0.4631151 0.2156904 0.4101901 0.5737377 0.1641673
0.9121977 0.4808502 0.1284848 0.5801025 0.9505868
0.8098248 0.6438152 0.5638996 0.9562054 0.7658948
0.4195978 0.2429443 0.8195577 0.7411759 0.4932159
0.9276244 0.5223214 0.2149818 0.1653407 0.7700272
0.12844 0.6783758 0.9162601 0.9328798 0.1536633
0.02113672 0.1854384 0.869108 0.2132234 0.7368295
0.5844617 0.02950152 0.5633241 0.08427121 0.1749729
0.8343991 0.1250021 0.574326 0.160653 0.8654933
0.1145543 0.6864327 0.8001536 0.7382655 0.5392351
0.1333984 0.651339 0.2556433 0.1046319 0.5795385
0.7008194 0.06842255 0.3756358 0.7559266 0.01425171
0.4670717 0.02089427 0.3131128 0.5119217 0.5177862
0.4143359 0.2943873 0.8153479 0.8155664 0.1388003
0.5428883 0.9863325 0.0753865 0.9892737 0.397429
0.6989499 0.9326454 0.3708226 0.8460066 0.8776612
0.6778911 0.8901695 0.4538225 0.8614992 0.5172276
0.6560312 0.7394078 0.5121277 0.8542334 0.9508255
0.6654338 0.6684785 0.354804 0.6611223 0.7742397
0.5873387 0.708328 0.8593924 0.4224981 0.3475795
0.7300028 0.1629918 0.6291606 0.6497876 0.297526
0.1231665 0.6996224 0.1719388 0.4220156 0.3908777
0.6671372 0.6157663 0.5109917 0.5888132 0.8433078
0.2130681 0.2130551 0.8056012 0.256251 0.02930006
0.8793144 0.3975797 0.194129 0.1979977 0.9565002
0.5032189 0.728936 0.4622026 0.3438826 0.4830386
0.9302587 0.34174 0.9449002 0.08840357 0.1012544
0.9430518 0.9960585 0.2039073 0.3964628 0.4403942
0.6115157 0.5266263 0.9196904 0.5160738 0.3884564
0.6997092 0.8440423 0.5800753 0.8162927 0.4370125
0.1638276 0.7986897 0.6489693 0.03374751 0.1221227
0.5108766 0.8366258 0.4031589 0.9884116 0.2198011
0.1080984 0.443806 0.257197 0.5219418 0.7547906
0.5362448 0.3465022 0.3019444 0.7472625 0.4681512
0.7827411 0.07844501 0.7252391 0.5380708 0.3011934
0.2264191 0.7935521 0.3375113 0.6387394 0.8234451
0.6766986 0.5807232 0.4574928 0.447081 0.5384428
0.3463185 0.118317 0.1977377 0.1703576 0.3140168
0.7841355 0.07299435 0.3117773 0.06678068 0.8101002
0.2392785 0.3171043 0.8697516 0.03030564 0.4124267
0.3247478 0.5007314 0.5285356 0.3024407 0.9073338
0.7253728 0.7678889 0.6928368 0.6122243 0.3381444
0.09672278 0.03017524 0.5544872 0.7377107 0.002835896
0.2636333 0.1945356 0.2601856 0.1275815 0.10704
0.6845225 0.06881725 0.8771557 0.526715 0.4091537
0.2844753 0.3217132 0.7737925 0.2299608 0.1635841
0.03501645 0.9485227 0.6521362 0.02337148 0.9068154
0.5210244 0.9603263 0.01375507 0.3600545 0.2752555
0.5761477 0.4905069 0.7070356 0.3608832 0.1902425
0.6433685 0.3167792 0.7035028 0.1289922 0.6262157
0.2250377 0.9487992 0.4391771 0.7573364 0.2004764
0.1935113 0.8264258 0.1361701 0.9565125 0.5213697
0.9979149 0.4439745 0.05292949 0.4081629 0.6900259
0.8759427 0.1898325 0.9662711 0.9654601 0.121448
0.2127758 0.8586864 0.1626346 0.9636501 0.1029384
0.01784925 0.8207123 0.6416548 0.8079859 0.2618334
0.02071372 0.6341166 0.8219502 0.8959335 0.4487702
0.7757171 0.6457407 0.8589326 0.6020914 0.9685231
0.1771351 0.1210122 0.2668464 0.5558359 0.229442
0.3325637 0.32421 0.5293034 0.5166854 0.3083657
0.1593205 0.7158168 0.2434842 0.8664399 0.61195
0.01636996 0.3286534 0.4093333 0.06918008 0.472731
0.8316951 0.4816477 0.3296163 0.7414423 0.2911962
0.28395 0.08300508 0.9583503 0.880318 0.4360793
0.3398762 0.7135398 0.1463064 0.1142328 0.8145563
0.3343475 0.2814277 0.7627334 0.3114459 0.4728021
0.06266029 0.911155 0.09935221 0.5260709 0.3764007
0.2200167 0.578149 0.9106104 0.8437505 0.8895171
0.3217184 0.5740383 0.7392897 0.2511123 0.5839699
0.5887605 0.4831812 0.1286594 0.459384 0.9503336
0.988732 0.5404325 0.834375 0.5239642 0.8315328
0.2279111 0.5601758 0.8850523 0.05834551 0.9916182
0.3719355 0.2332101 0.5451553 0.04111556 0.8332246
0.06882543 0.1948984 0.9416412 0.7135852 0.04080584
0.8327437 0.3352611 0.1620547 0.416613 0.0101539
0.001770169 0.60121 0.4070112 0.5345738 0.7736672
0.9727933 0.3806707 0.5212881 0.792792 0.7142665
0.2829808 0.160595 0.2619771 0.3700386 0.4965468
0.0387679 0.2698458 0.04724369 0.5479064 0.7765229
0.5100656 0.8307635 0.3571584 0.4565402 0.7298855
0.1979453 0.7123555 0.6805526 0.9232872 0.9158513
0.5992853 0.7249204 0.4430908 0.7306774 0.1195368
0.406218 0.5549866 0.7723402 0.42831 0.6379073
0.84408 0.03973858 0.5297921 0.2723103 0.8293408
0.2386627 0.5232678 0.3669843 0.7740625 0.8301686
0.418249 0.3100579 0.3144288 0.3280814 0.2281669
0.6998163 0.3144057 0.05268175 0.2345117 0.7260474
0.8977642 0.1815614 0.08070731 0.1953335 0.6032011
0.8505119 0.5012947 0.9209266 0.1091393 0.05799525
0.5929493 0.1053985 0.1791682 0.8449918 0.5897255
0.9082191 0.608571 0.1120335 0.4726901 0.6837281
0.933929 0.6259252 0.04828003 0.6180302 0.8127933
0.1493463 0.3307716 0.4069722 0.4951213 0.4559427
0.9874222 0.6045631 0.9211646 0.04735583 0.5723116
0.06728291 0.2635085 0.4988063 0.6508688 0.4278061
0.5499928 0.521625 0.09583021 0.0001861002 0.3795711
0.3171531 0.07981229 0.584475 0.8724396 0.8131361
0.7944452 0.4001074 0.8735035 0.562479 0.24411
0.7071826 0.7506072 0.4156964 0.4603233 0.03621597
0.8812755 0.7530041 0.2246335 0.6052817 0.9079245
0.9198416 0.6144112 0.1597994 0.07681909 0.5549938
0.6606543 0.9643132 0.4118212 0.03979002 0.4145179
0.01107161 0.944152 0.3066581 0.374983 0.3757019
0.2121189 0.4156543 0.956813 0.127433 0.01136797
0 0.07321891 0.459981 0.6644077 0.6569498
0.7256302 0.1113807 0.275219 0.6664792 0.8818789
0.08841866 0.09443368 0.543897 0.5292443 0.8364411
0.2963946 0.06090718 0.1076903 0.8761439 0.1525687
0.3701902 0.7682479 0.673586 0.07313278 0.1005002
0.4668986 0.06878636 0.03678242 0.6934848 0.9258844
0.5465851 0.3708103 0.6327055 0.534028 0.9139322
0.2189815 0.8228497 0.07668157 0.4271742 0.5698646
0.9404062 0.3380869 0.03900731 0.8944453 0.8183974
0.5948309 0.2109792 0.1633816 0.7580448 0.6266434
0.3145846 0.5036114 0.776004 0.9369533 0.9023338
0.761791 0.5689587 0.9284011 0.9767324 0.6725947
0.6899374 0.7909245 0.8668027 0.1891462 0.1812709
0.4188528 0.4476118 0.3703011 0.8893727 0.9892737
0.9391957 0.5194849 0.1286602 0.6609782 0.9051202
0.06606807 0.2510924 0.1002504 0.4133411 0.4799106
0.4101588 0.4231568 0.3077613 0.3063561 0.4537851
0.001348349 0.2121828 0.4587737 0.1399215 0.4717051
0.3283327 0.5273145 0.02994569 0.3255622 0.8444827
0.3275155 0.6321965 0.1808628 0.2111304 0.6212429
0.5191573 0.1923091 0.8219548 0.4134853 0.9517809
0.3831888 0.2815674 0.3253578 0.02398936 0.1272587
0.7500539 0.6475331 0.9423305 0.8501768 0.3135276
0.8872381 0.2827539 0.01040353 0.6198226 0.9965635
0.912925 0.9487246 0.2204553 0.4115483 0.945164
0.6781827 0.4471972 0.3683135 0.8094579 0.3985204
0.463704 0.5849668 0.9931052 0.6116009 0.1945512
0.732315 0.4238467 0.2974441 0.2891972 0.9765716
0.7135424 0.2292185 0.3971528 0.7460433 0.6543021
0.798238 0.4997225 0.7778217 0.4969516 0.7183899
0.7562206 0.0830281 0.0188366 0.1923664 0.2769166
0.5224836 0.7330205 0.01979803 0.6476207 0.6768023
0.01570529 0.1285906 0.724573 0.5184736 0.5263095
0.4921504 0.2860611 0.4562832 0.7324848 0.09313721
0.9293046 0.6823668 0.4023581 0.6186959 0.8467885
0.634995 0.8448214 0.08507552 0.4988466 0.200591
0.6154966 0.2557737 0.2652297 0.03384561 0.288216
0.8768027 0.6317389 0.07244357 0.1613973 0.5376189
0.1500888 0.1015629 0.6778846 0.3083215 0.4379627
0.6667566 0.754237 0.9967428 0.4953914 0.2273577
0.1694032 0.4052362 0.007125549 0.6971118 0.604399
0.7303468 0.4666721 0.6506181 0.1855468 0.7618231
0.6392414 0.4133737 0.7565484 0.6895365 0.9339594
0.2169379 0.4841027 0.5051533 0.3130936 0.8818928
0.7691633 0.7259183 0.2949703 0.41478 0.6502932
0.7992646 0.01756641 0.7961342 0.9812906 0.6275549
0.9571557 0.1696199 0.4686705 0.2230415 0.05655518
0.919998 0.02575901 0.4670131 0.4138233 0.8545781
0.4313889 0.6840773 0.434928 0.7169824 0.3101486
0.7343624 0.06717262 0.4335031 0.7198213 0.5603655
0.7344689 0.9338015 0.9561565 0.9368029 0.557231
0.03791874 0.6171524 0.1256562 0.5099052 0.8467301
1 0.6595947 0.6407021 0.7734604 0.3527886
0.4453145 0.648423 0.5799766 0.8067438 0.939928
0.5499614 0.4412603 0.9992056 0.7472405 0.5231148
0.7559017 0.009702915 0.8966358 0.09451428 0.3338012
0.6482198 0.6063869 0.1823939 0.4315095 0.7709026
0.8891608 0.05914381 0.2928364 0.2333118 0.6259794
0.9878644 0.04045829 0.1224191 0.1282316 0.4856294
0.04948301 0.4167114 0.290501 0.6371852 0.8508246
0.5949975 0.1125669 0.4734147 0.9009401 0.5959347
0.7476819 0.3772588 0.9338825 0.5645028 0.1497299
0.7654502 0.9133339 0.2046674 0.4988839 0.4507295
0.7222536 0.5818777 0.9160915 0.6740594 0.3188469
0.9999536 0.1204581 0.1619776 0.2723981 0.653822
0.2970447 0.9342891 0.9927694 0.2494371 0.9826047
0.8743704 0.8254188 0.6180699 0.6435025 0.09278489
0.6481869 0.1166315 0.815428 0.6129515 0.03420927
0.0893831 0.7179809 0.2209501 0.01103216 0.6938118
0.3061175 0.2286698 0.801208 0.4813217 0.351764
0.5103371 0.4861591 0.9176169 0.672795 0.2880245
0.5172049 0.1048896 0.4636838 0.02498601 0.7925855
0.1515743 0.6757625 0.5313313 0.4295491 0.1100237
0.8872145 0.5930837 0.5128509 0.7140803 0.1817815
0.1633587 0.6795243 0.3680686 0.647362 0.9496649
0.2849067 0.745198 0.09940216 0.9909139 0.5537119
0.3485832 0.2326783 0.2780905 0.1025605 0.6024005
0.09343975 0.5606408 0.9531363 0.4627108 0.3017427
0.04601528 0.9042635 0.1186619 0.3381777 0.462243
0.9078165 0.2367485 0.427349 0.06137683 0.86959
0.5826796 0.2581341 0.05861722 0.2287955 0.2122333
0.8000319 0.8733772 0.382913 0.3228881 0.002509536
0.8015938 0.2907562 0.5052476 0.04750163 0.90216
0.9938017 0.536834 0.8343145 0.9916845 0.1447884
0.5123441 0.9200804 0.5638417 0.6995202 0.2460401
0.8778674 0.3428254 0.707398 0.8218171 0.1281637
