0.09490891 0.339554 0.4553704 0.9298598 0.3145806
0.644674 0.5714573 0.8493328 0.5008177 0.4235595
0.09051133 0.7008415 0.1748599 0.6636648 0.2296329
0.244137 0.7021456 0.6496006 0.8363239 0.9496664
0.5306411 0.04537038 0.28736 0.8362887 0.3198382
0.3063328 0.8078167 0.8526861 0.4752289 0.0308486
0.9601023 0.8212237 0.2500294 0.8371468 0.007981936
0.03369261 0.663157 0.8706227 0.3624896 0.8885959
0.1758132 0.4445028 0.06936086 0.9714009 0.4606094
0.2531984 0.2775514 0.170923 0.1873167 0.336789
0.007429081 0.9850652 0.1089895 0.7669224 0.9154987
0.2010549 0.2577203 0.2157643 0.6608018 0.545335
0.2533651 0.5340143 0.1067416 0.416678 0.003634951
0.09788519 0.691644 0.3892729 0.9876456 0.8309037
0.06575065 0.1801036 0.9826803 0.03311276 0.6227635
0.3924282 0.5940732 0.6910522 0.1219777 0.6699729
0.3105939 0.2381646 0.8911797 0.7588112 0.5344943
0.06524738 0.3419346 0.261756 0.5380196 0.4190815
0.8601743 0.6320999 0.5643319 0.212993 0.3483565
0.6053538 0.9446002 0.8111268 0.1365648 0.7705194
0.4467948 0.8143941 0.894917 0.1889842 0.5067277
0.6560659 0.8990523 0.4944397 0.980926 0.08260771
0.4605491 0.6667678 0.08693485 0.9169578 0.2563421
0.6907328 0.3233626 0.2949975 0.9839524 0.3923244
0.1731615 0.5918148 0.6866461 0.1789262 0.7547573
0.05535599 0.7506383 0.4112236 0.7081072 0.8151393
0.4608365 0.9175596 0.6374067 0.6840396 0.2154322
0.9155128 0.3095715 0.8459403 0.4773942 0.3607808
0.07874904 0.3943903 0.491163 0.3025652 0.1369782
0.1357839 0.1389595 0.8675518 0.58591 0.9680239
0.3706173 0.8301974 0.09038646 0.6541028 0.9979978
0.6043423 0.2403687 0.5036245 0.1973987 0.690024
0.4100003 0.09129366 0.5662733 0.5699213 0.989891
0.773327 0.6477624 0.1362545 0.5049848 0.3992384
0.7605181 0.3267775 0.4400299 0.4710557 0.9663358
0.5971211 0.02561667 0.3656928 0.07637622 0.127289
0.429386 0.3667202 0.9995775 0.4099683 0.956932
0.06203364 0.3757659 0.05935798 0.221862 0.9317427
0.7226172 0.7759924 0.0806967 0.6053372 0.4518118
0.7120952 0.1325722 0.5434035 0.01244971 0.8105698
0.3490456 0.3003506 0.2963073 0.01710368 0.0871882
0.8834606 0.5445265 0.9110367 0.1042686 0.7954913
0.9902426 0.6314821 0.4230314 0.02956936 0.4272929
0.6651223 0.02557639 0.5899781 0.935375 0.719309
0.6188212 0.6990222 0.01471744 0.224943 0.6441969
0.910721 0.1064866 0.486405 0.7248792 0.1762976
0.3163329 0.5736868 0.08837653 0.2261058 0.5439042
0.1016772 0.2316418 0.7517213 0.5106228 0.4825268
0.6508603 0.7111343 0.9100128 0.5692765 0.2234719
0.5708808 0.9708368 0.787404 0.860523 0.9911719
0.5787916 0.1834283 0.582565 0.507951 0.8325457
0.872657 0.7717518 0.7622309 0.868135 0.805935
0.5297093 0.03584988 0.287835 0.775519 0.7027905
0.4526014 0.7172131 0.8211172 0.5104882 0.6395924
0.2457604 0.3331677 0.7831278 0.8602901 0.977039
0.2414815 0.1322359 0 0.262255 0.7181116
0.3985025 0.6339101 0.4845194 0.01713862 0.01849573
0.9473996 0.8129973 0.2089604 0.5065053 0.9568851
0.9844927 0.09011043 0.7499198 0.06236619 0.3316352
0.5630594 0.5210442 0.7603943 0.3487018 0.904067
0.5078094 0.000194425 0.623874 0.4765743 0.5848161
0.760968 0.6511445 0.2998812 0.8064848 0.9517598
0.7596854 0.1134506 0.5180552 0.7231085 0.103648
0.08942671 0.1305827 0.4132072 0.00754418 0.7386808
0.08246334 0.195763 0.2513237 0.8548597 0.7805538
0.7579636 0.4961664 0.1847807 0.5969831 0.6259993
0.2303469 0.6917785 0.9367112 0.2607912 0.1759259
0.2158215 0.02891657 0.8798189 0.9342298 0.9145375
0.04526282 0.3358485 0.3672489 0.0139532 0.6242863
0.1807543 0.8556203 0.0774305 0.2049235 0.4366077
0.217613 0.9927987 0.7063251 0.8964098 0.4868856
0.3727304 0.4027699 0.2533749 0.4246843 0.108206
0.049183 0.8970487 0.3888249 0.02422488 0.7281371
0.1063422 0.2008254 0.4623643 0.9009919 0.6399078
0.3059988 0.1899424 0.9667828 0.7760977 0.8220559
0.5501836 0.9933514 0.8708086 0.3436814 0.3570428
0.196133 0.5024983 0.7118734 0.9951123 0.6904106
0.2266304 0.02312362 0.5286987 0.5044635 0.06302234
0.06286214 0.5473264 0.02860955 0.2968749 0.002103958
0.8785417 0.920394 0.3520929 0.6655226 0.8412759
0.4933907 0.4961904 0.06755454 0.8518342 0.6517152
0.1143148 0.8216126 0.5790449 0.4123344 0.5547497
0.1835069 0.6517386 0.02735792 0.06431829 0.09006398
0.2424372 0.05130356 0.01521831 0.884956 0.5230296
0.7073544 0.2090383 0.6028496 0.9627181 0.8381474
0.4210084 0.2659677 0.1257706 0.2932524 0.8554612
0.4226593 0.4551326 0.7599903 0.5961633 0.3134531
0.04547555 0.4409667 0.2299316 0.5934383 0.937091
0.9846756 0.6206259 0.7373447 0.5054449 0.6233677
0.2279028 0.1158142 0.6415063 0.3903515 0.1069596
0.8861755 0.5327258 0.1544225 0.9339712 0.03777828
0.4843287 0.4113058 0.734525 0.02044732 0.4777673
0.3303257 0.1398036 0.7808313 0.4536487 0.7547781
0.8355223 0.3116392 0.0126869 0.5644277 0.2371659
0.004519082 0.9178688 0.2098175 0.1449086 0.8123341
0.2409046 0.4195022 0.1067857 0.6303417 0.4993738
0.6225277 0.9389045 0.1655022 0.9046024 0.248136
0.4188497 0.07223191 0.298296 0.4681025 0.7770417
0.4982006 0.6119125 0.8427074 0.2447782 0.3878482
0.2494023 0.9780695 0.1705941 0.4577893 0.4989586
0.1033111 0.125576 0.2522544 0.9122267 0.3490205
0.4091014 0.1722135 0.8433078 0.7043789 0.5048924
0.3514106 0.8193269 0.2971808 0.4895261 0.4162487
0.8224963 0.9357319 0.2745313 0.8828765 0.8194839
0.02350695 0.4605154 0.5967873 0.1621099 0.4741685
0.9150409 0.7368431 0.7259312 0.04035672 0.09206328
0.8836334 0.4077804 0.1218205 0.1476804 0.3199922
0.4970159 0.8802527 0.5053734 0.9758051 0.1200268
0.6240059 0.0762489 0.6086082 0.5227325 0.006546336
0.5597581 0.1228278 0.6012128 0.0841165 0.8433159
0.9985361 0.1193799 0.6441962 0.8002335 0.9606657
0.3373612 0.135145 0.2905439 0.4662154 0.1128677
0.7126453 0.4636141 0.1924713 0.1898231 0.4296359
0.09334632 0.1833534 0.9118431 0.5289514 0.1429676
0.9225997 0.0567268 0.9403462 0.6879019 0.4247844
0.04603461 0.5544766 0.7125457 0.1633661 0.1003533
0.7333933 0.5781496 0.8898089 0.09539882 0.9706496
0.5857089 0.5862804 0.5977483 0.5909062 0.2675116
0.7903581 0.2500501 0.3581287 0.5730137 0.952388
0.2372835 0.5891594 0.5846858 0.5143903 0.1253999
0.7086083 0.6967311 0.5622545 0.2198189 0.5388644
0.8387967 0.1093563 0.6249821 0.07168995 0.9168237
0.4443724 0.1697107 0.886386 0.2253986 0.6126901
0.4284258 0.607662 0.698744 0.6194596 0.003552042
0.06974303 0.7181236 0.1037164 0.1373045 0.1867377
0.7795304 0.3320917 0.160629 0.6886017 0.5941386
0.3582474 0.810965 0.6844242 0.2192057 0.6202051
0.06714956 0.8101627 0.08205714 0.1314168 0.1319404
0.4749821 0.8684591 0.6082276 0.50249 0.5203973
0.1853551 0.1535691 0.9545523 0.9203312 0.6140585
0.1721347 0.9508372 0.5529999 0.583702 0.9704721
0.5258475 0.760643 0.02953136 0.0710337 0.9375877
0.4947596 0.9874339 0.5913879 0.5553374 0.3743911
0.3117905 0.8010748 0.829843 0.9811885 0.3697754
0.1293245 0.675841 0.941066 0.5913888 0.8251037
0.2451147 0.07845652 0.3148607 0.7013588 0.7389804
0.233948 0.3279902 0.3037166 0.266274 0.007820305
0.6204357 0.6737264 0.6049151 0.977973 0.7484265
0.5865112 0.6984504 0.438607 0.7309645 0.7480001
0.4067036 0.2470817 0.4697799 0.4787298 0.3263819
0.5125238 0.337549 0.834822 0.373744 0.7049281
0.4801053 0.184502 0.9817904 0.6331918 0.1917258
0.9592233 0.3992665 0.83074 0.3037291 0.5627874
0.1540598 0.1184591 0.4083663 0.06940236 0.5991321
0.4852207 0.5867084 0.7340718 0.8598495 0.3928489
0.2004913 0.5142225 0.1421406 0.4708216 0.3082384
0.1489475 0.3496461 0.1490475 0.7072616 0.1324621
0.07632877 0.8447982 0.04145139 0.2356294 0.8300472
0.5655521 0.3359424 0.04210207 0.873998 0.9778908
0.4153779 0.04833787 0.5183285 0.1471897 0.03782333
0.6895448 0.4709131 0.4771627 0.5870287 0.4376423
0.4962337 0.4155536 0.1976501 0.9248628 0.6189418
0.5451032 0.4010849 0.589427 0.04839253 0.1873945
0.2492624 0.3883586 0.2467337 0.8322485 0.6287619
0.3676667 0.8800767 0.6311863 0.2941208 0.2653191
0.4844331 0.007695072 0.9539654 0.2045445 0.2957357
0.661452 0.8962286 0.9409734 0.5727258 0.4721607
0.1563807 0.1233569 0.7323726 0.227352 0.7319868
0.4775299 0.3353566 0.7609788 0.1632567 0.6684803
0.3438448 0.4663915 0.2820925 0.4397678 0.2763709
0.5045841 0.7029491 0.120019 0.1941951 0.578747
0.8243064 0.05542846 0.003012607 0.5477358 0.7245543
0.5905288 0.4317748 0.3937961 0.1612947 0.344748
0.08688089 0.2755877 0.9985741 0.8057873 0.2466848
0.4712268 0.9298689 0.7483781 0.3908776 0.1974502
0.04285441 0.7521451 0.6928912 0.7315488 0.03448816
0.600711 0.1731786 0.6177314 0.8552945 0.3042067
0.3977389 0.8649339 0.2279008 0.3963454 0.1090492
0.4618473 0.6674397 0.4585378 0.4400416 0.2599614
0.9207072 0.6561361 0.6717332 0.5312529 0.9631807
0.5830669 0.2293575 0.8747469 0.1025708 0.3193453
0.3304234 0.8575832 0.153463 0.4313155 0.8343296
0.8097156 0.5530696 0.6423751 0.4215038 0.3378129
0.2078824 0.06205827 0.990107 0.2843634 0.2052328
0.5008038 0.4074112 0.2970469 0.6373024 0.3892492
0.7471251 0.1670561 0.7589361 0.6368061 0.5852007
0.1571826 0.9709861 0.823774 0.3024525 0.4363673
0.06095796 0.2069954 0.7658777 0.7735981 0.3939337
0.4366017 0.3272405 0.7521708 0.7441917 0.9911679
0.488543 0.8349858 0.609032 0.6766841 0.2135923
0.3062607 0.3036946 0.8692033 0.4102321 0.4758015
0.3935539 0.3047081 0.680491 0.5787138 0.05805148
0.04037966 0.5930379 0.2247297 0.997374 0.003728212
0.7613648 0.9235445 0.5859759 0.9963776 0.4722795
0.921538 0.8810627 0.1780731 0.6712083 0.01518032
0.07456478 0.8592164 0.8789324 0.1189374 0.3634125
0.4124371 0.03553858 0.4416317 0.6960417 0.9168945
0.1807069 0.6275256 0.4452585 0.2260575 0.3320335
0.03534643 0.1280801 0.01268956 0.3604404 0.9359348
0.1812868 0.6528588 0.9234262 0.7513137 0.9182558
0.4382019 0.9890801 0.03954397 0.8270697 0.6237039
0.5955911 0.3176615 0.4640762 0.8960544 0.4124889
0.02408055 0.9405145 0.7356382 0.5521863 0.2656244
0.9604722 0.3947195 0.6829448 0.4509214 0.2573324
0.435242 0.6835819 0.7270654 0.9707119 0.4744604
0.7754912 0.716323 0.5899961 0.9350407 0.6281932
0.8664405 0.877049 0.9470548 1 0.07563013
0.9306615 0.4365427 0.9441571 0.01591633 0.3259925
0.6248642 0.3638617 0.6111074 0.1304573 0.3758864
0.9304719 0.7902543 0.5213021 0.5783632 0.4061362
0.6486297 0.3183167 0.3566548 0.7878436 0.9844579
0.8023705 0.6333544 0.3936983 0.8241988 0.05600438
0.2336633 0.7209975 0.6421852 0.04803917 0.06291235
0.04063593 0.4262015 0.6709429 0.01656193 0.4950899
0.1951353 0.01512866 0.3775652 0.8444219 0.6415598
0.1400197 0.4824632 0.1821912 0.03752097 0.2521239
0.2369635 0.1103803 0.273911 0.7182663 0.2965845
0.6083965 0.04530797 0.5151088 0.7385674 0.4064181
0.8971637 0.9718142 0.2012893 0.1449283 0.2947414
0.2063925 0.3249291 0.03237188 0.09779576 0.6633731
0.3287296 0.7386355 0.04633868 0.9824038 0.8807803
0.1567719 0.03250502 0.4094846 0.6718045 0.3003104
0.04928713 0.9771835 0.3488724 0.5747158 0.3643806
0.5135542 0.4212491 0.5442581 0.971144 0.9478917
0.8172145 0.903262 0.3217668 0.0489231 0.04150808
0.7918805 0.7398117 0.07092888 0.323024 0.1026139
0.233087 0.3614971 0.1972525 0.5100271 0.0890827
0.2621895 0.2711734 0.1046572 0.6213418 0.1876689
0.7803488 0.6599925 0.1231976 0.2231817 0.9011024
0.8215023 0.1919591 0.4628921 0.7938316 0.6664398
0.1700086 0.2478491 0.7065109 0.4790199 0.2047272
0.03281295 0.5428307 0.2518621 0.2280161 0.6092423
0.9460134 0.01906873 0.6340693 0.7641771 0.06051293
0.9431377 0.5245492 0.6109784 0.7795484 0.2780645
0.1571116 0.9270834 0.4908796 0.906497 0.7683749
0.4037634 0.08694772 0.5632378 0.1365988 0.692903
0.8580188 0.766034 0.5340307 0.1504412 0.6247794
0.1230175 0.6148875 0.3350608 0.1546532 0.8893127
0.5249821 0.4490199 0.2166091 0.09699717 0.4363745
0.5100096 0.3383025 0.3063763 0.7818462 0.1503386
0.2547027 0.8966977 0.6214022 0.1040424 0.07747524
0.1289115 0.1655352 0.8024774 0.5451391 0.4428236
0.3650035 0.9885265 0.6584044 0.5931055 0.002278928
0.3282566 0.4716381 0.4660492 0.7507836 0.06363255
0.9496099 0.09173878 0.7836711 0.152171 0.7969929
0.1269302 0.9975942 0.6507498 0.6637125 0.2184481
0.5518901 0.8192683 0.07982002 0.7747148 0.7467675
0.06864271 0.5421929 0.5406495 0.6959909 0.5089981
0.8486092 0.8872766 0.2372904 0.2272259 0.7223655
0.02465372 0.06017149 0.9697402 0.6349951 0.9603482
0.6659795 0.9352899 0.05049033 0.6077689 0.974846
0.2534721 0.5074179 0.2429381 0.7200533 0.4726497
0.736456 0.2742907 0.5769449 0.5132217 0.1858083
0.7872173 0.8813196 0.5048419 0.1229572 0.09996561
0.06275366 0.1002589 0.3413501 0.146716 0.2013867
0.7781698 0.7314217 0.412032 0.8314334 0.1945573
0.9505281 0.2243232 0.499809 0.5820431 0.045403
0.6704348 0.5455321 0.06798333 0.7568595 0.6020784
0.9676547 0.4801334 0.1391005 0.244137 0.1700939
0.5003052 0.9618767 0.4782163 0.8101131 0.6857614
