0.6602562 0.8903331 0.5206107 0.05439545 0.1267279
0.04708262 0.2722686 0.7410294 0.3356729 0.4131552
0.1135736 0.7843074 0.9175394 0.8435956 0.6902437
0.5949204 0.9409357 0.3894818 0.1828966 0.04113813
0.8222292 0.731659 0.3516659 0.6357328 0.6222319
0.407289 0.2087298 0.1527955 0.1282066 0.8813399
0.1404674 0.550938 0.2481718 0.9195783 0.5680225
0.07030277 0.8029346 0.8741604 0.1506643 0.6211656
0.09384663 0.5393003 0.3321319 0.2248927 0.07805182
0.4878098 0.4428613 0.6652048 0.136734 0.08613379
0.3831448 0.9645165 0.3903889 0.03731641 0.2605526
0.4814288 0.05563443 0.2826891 0.9912594 0.4591168
0.3581267 0.9470441 0.02499063 0.4692246 0.4930615
0.1358654 0.4258741 0.9806605 0.5283629 0.889764
0.2305232 0.3293071 0.3258412 0.8892441 0.703181
0.5279739 0.8484397 0.2616098 0.2204486 0.2245502
0.3438071 0.8542089 0.6464087 0.1757246 0.2906443
0.8339425 0.3129812 0.6085146 0.9525384 0.4074887
0.6075592 0.4807833 0.6296905 0.4340534 0.394693
0.1867164 0.7431809 0.912813 0.4290573 0.2658119
0.7527986 0.3343903 0.6778818 0.1493342 0.087314
0.1928064 0.1130968 0.475427 0.01578435 0.9954211
0.4382713 0.3316741 0.5418433 0.7437946 0.5659739
0.7767663 0.09348367 0.7378469 0.02685188 0.2063473
0.8351225 0.833026 0.9134933 0.2126035 0.6667452
0.6463689 0.6144597 0.02044484 0.8029003 0.5491723
0.3941646 0.194192 0.1632644 0.1495677 0.6396333
0.1555847 0.1887688 0.6268031 0.474778 0.6428553
0.1450961 0.4351123 0.9361859 0.6325794 0.9551749
0.1424124 0.6510682 0.7771188 0.4995023 0.2537752
0.4033481 0.864436 0.9626607 0.6850137 0.5703655
0.4177877 0.7874202 0.2414697 0.4082572 0.9139096
0.9957784 0.02146907 0.5392219 0.4507604 0.09672021
0.8638926 0.2393598 0.8018604 0.5951243 0.3827711
0.438227 0.7957342 0.3725055 0.09347775 0.1098266
0.5173206 0.1776825 0.704244 0.493786 0.1679244
0.04063971 0.7649422 0.7858345 0.4828121 0.497414
0.8222693 0.7332628 0.8909761 0.2621927 0.436414
0.5264287 0.4435018 0.5552022 0.1954746 0.255685
0.3865303 0.2132314 0.9167386 0.4530611 0.1787953
0.2206724 0.779407 0.6780776 0.1798072 0.8353669
0.5665554 0.5040559 0.1890714 0.3812189 0.9068587
0.223505 0.4005249 0.792064 0.7840518 0.8642584
0.4629733 0.6091917 0.1342607 0.1201501 0.4747817
0.2943196 0.6301397 0.8705987 0.007572292 0.07430506
0.9054119 0.8391772 0.03439199 0.2835369 0.893462
0.9852689 0.7062057 0.5647633 0.1027995 0.2988224
0.0728901 0.5070592 0.9432463 0.4271022 0.5689181
0.6329899 0.6912224 0.1404372 0.8477899 0.9614577
0.2592885 0.8661148 0.103655 0.3032299 0.2555706
0.8167897 0.8780623 0.9621755 0.1868282 0.7716697
0.291044 0.07821239 0.9013338 0.3435361 0.8714831
0.1398085 0.5513701 0.009700325 0.2803753 0.009819332
0.01514391 0.3028088 0.7146947 0.8024402 0.6319375
0.678324 0.1609641 0.04696864 0.2607114 0.7919446
0.1488262 0.7607573 0.7247079 0.169148 0.632465
0.3690407 0.2790137 0.6168698 0.390779 0.6386133
0.7034944 0.5240859 0.3479359 0.7469004 0.7451481
0.297375 0.1038055 0.8334119 1 0.08096916
0.2418062 0.3831403 0.5687014 0.7429702 0.11481
0.3032167 0.05372413 0.4632632 0.6902644 0.4385223
0.1578269 0.578155 0.7122999 0.1194527 0.9467566
0.9978774 0.2125313 0.3907274 0.4467418 0.447381
0.6787819 0.05415242 0.432767 0.9548006 0.3785853
0.5282489 0.9154006 0.8477469 0.1891289 0.2443163
0.7769589 0.6460318 0.7659618 0.3192009 0.1858457
0.1822423 0.6816851 0.6236078 0.9795173 0.4650778
0.4613292 0.003774259 0.6439059 0.1772557 0.7359067
0.722336 0.588471 0.02574395 0.1614802 0.541417
0.9820703 0.4831911 0.02422321 0.7908778 0.5738251
0.1575882 0.1095924 0.7500742 0.5499201 0.1743552
0.4636337 0.9201406 0.6575099 0.3458284 0.9471276
0.8337558 0.6571497 0.6388147 0.2240467 0.7825615
0.3668386 0.880858 0.5250905 0.05236047 0.9953767
0.9242238 0.5841944 0.8075625 0.9680933 0.3518929
0.6111377 0.6800312 0.9018932 0.734362 0.4666437
0.2335723 0.0238755 0.9901419 0.8634106 0.6278132
0.004374867 0.7274546 0.6734507 0.7525182 0.03077716
0.8438559 0.04222088 0.9405355 0.7901068 0.9182253
0.6921516 0.2688801 0.2488757 0.5097958 0.5446605
0.1067393 0.3865428 0.958688 0.1925002 0.3832551
0.7927054 0.8890931 0.5702086 0.652582 0.8779778
0.5183084 0.9031962 0.04917524 0.076536 0.4478987
0.6455386 0.4731813 0.8758198 0.7491188 0.985972
0.2836656 0.9944587 0.7286406 0.05559232 0.7557799
0.9009094 0.5997992 0.3651811 0.1289432 0.9627078
0.4867376 0.03027288 0.2258823 0.9957448 0.1637668
0.001522257 0.7564279 0.4901451 0.4132184 0.8354914
0.1603159 0.7140494 0.02073404 0.4085575 0.08910193
0.4136351 0.6863481 0.5586626 0.4454634 0.4173581
0.1710313 0.01732969 0.4681739 0.2570265 0.7975952
0.7521809 0.2519214 0.2338957 0.3942075 0.1346402
0.7897943 0.6822919 0.2943356 0.6773879 0.1943806
0.9085036 0.1973511 0.486744 0.941593 0.1456361
0.6227567 0.6458604 0.3270107 0.5701363 0.7779092
0.02179434 0.6537062 0.6097083 0.5989574 0.9488596
0.9140508 0.6046583 0.8517112 0.6779852 0.1654353
0.07148766 0.01285554 0.6069847 0.6031101 0.3719026
0.6031273 0.7174165 0.8222632 0.2866515 0.5397438
0.1753268 0.1461438 0.1917974 0.4275313 0.5815981
0.1221179 0.5850326 0.1841537 0.1897689 0.2405282
0.4925922 0.7351579 0.5214412 0.9591681 0.6674233
0.2470776 0.04657983 0.2177145 0.1585771 0.1619638
0.2630337 0.3668563 0.329041 0.339097 0.08962963
0.7327456 0.9393894 0.3104423 0.03064572 0.8355439
0.9416869 0.4545064 0.7024118 0.8037282 0.2495066
0.01919416 0.1243968 0.6251407 0.5064534 0.1874614
0.2411779 0.8160827 0.7462063 0.9091819 0.6889737
0.3128976 0.3930715 0.05788994 0.5124922 0.4483282
0.9297747 0.08903419 0.3527981 0.5530315 0.4961606
0.2389666 0.1768738 0.2294301 0.2675571 0.3296423
0.7477384 0.3403798 0.9098804 0.7332829 0.8620855
0.489053 0.6168844 0.7569091 0.9267702 0.9766336
0.5282912 0.0500146 0.3573295 0.4076555 0.4331668
0.7787906 0.03116077 0.7257235 0.9319309 0.8258086
0.1834611 0.6163245 0.3383796 0.4838404 0.5783666
0.8604147 0.3168906 0.8352353 0.8336234 0.5661837
0 0.4705714 0.6166376 0.6862053 0.7634338
0.1001671 0.7198546 0.2698438 0.4253608 0.5547795
0.539314 0.6310552 0.0633812 0.4868686 0.146372
0.8029749 0.7159265 0.7303462 0.8360582 0.259385
0.4205839 0.3652167 0.205803 0.910004 0.2493602
0.3356401 0.6082651 0.3661849 0.8698859 0.7684025
0.7956581 0.3716427 0.5671438 0.3957026 0.04967743
0.8665163 0.9143302 0.9208773 0.3949351 0.660881
0.555269 0.3772382 0.568897 0.1907542 0.361045
0.0254794 0.9336339 0.5400501 0.2384316 0.6404279
0.4631947 0.240463 0.6533904 0.32676 0.6756306
0.3379875 0.8445457 0.2326978 0.4932978 0.1178792
0.6477311 0.2912908 0.7809235 0.05294423 0.4803848
0.03272897 0.5598173 0.5403715 0.2612119 0.3866188
0.8453741 0.3807715 0.1887324 0.1316548 0.4193748
0.6370553 0.7058131 0.7047385 0.9379525 0.3462046
0.3257754 0.5183731 0.195635 0.6475352 0.2151139
0.08389245 0.8004504 0.567806 0.06243166 0.8988466
0.6741767 0.05992088 0.9962025 0.6508003 0.2326689
0.5399704 0.7768943 0.8539117 0.6148858 0.5073408
0.5328303 0.1344969 0.780097 0.8294857 0.38503
0.5880173 0.3868646 0.892152 0.7547518 0.4052785
0.4721375 0.2650294 0.491518 0.1072745 0.7256029
0.3468855 0.06230063 0.8064792 0.409767 0.4411913
0.04649352 0.5317094 0.6626923 0.9302316 0.3389047
0.8532007 0.3582004 0.8326296 0.4611379 0.9496618
0.3958792 0.2992379 0.1919387 0.4468965 0.6893767
0.7964103 0.4697299 0.6623455 0.6958749 0.4919336
0.2140371 0.02683544 0.6917403 0.4877504 0.9472779
0.5904917 0.6399785 0.4151644 0.3602077 0.2191491
0.5439968 0.3631767 0.5199601 0.2908825 0.7583534
0.745347 0.8856046 0.6285894 0.5544907 0.1076573
0.4758885 0.004259313 0.8965014 0.3212522 0.6657685
0.5978434 0.02800297 0.4558983 0.5488648 0.8299551
0.08243036 0.2760382 0.1148805 0.03752598 0.1009952
0.2128347 0.8708267 0.4333554 0.208776 0.8533123
0.725452 0.9903805 0.1164593 0.475739 0.3994764
0.957068 0.8004216 0.782682 0.3080563 0.743266
0.4714716 0.5551312 0.4021049 0.9299297 0.5561353
0.8298936 0.1171631 0.1225565 0.6665503 0.9731667
0.5724105 0.1235747 0.8699721 0.05963033 0.7527227
0.4398748 0.1390971 0.7722158 0.01890303 0.9358963
0.3494498 0.3877542 0.7063206 0.9813049 0.3598735
0.0935065 0.5731493 0.0958444 0.4187953 0.7622212
0.2869782 0.908107 0.7541109 0.3905714 0.159403
0.2739516 0.5107444 0.6366588 0.182575 0.7633742
0.7532742 0.6916129 0.4934412 0.8524241 0.9293903
0.9654624 0.4570151 0.6778765 0.1137626 0.4022897
0.5278994 0.2988274 0.6713192 0.5051235 0.808737
0.5270236 0.2304735 0.7128157 0.2753033 0.5021292
0.6503059 0.9343797 0.1823176 0.5326045 0.07937294
0.4472603 0.1572264 0.9854653 0.6655979 0.3794685
0.023144 0.6081185 0.06419866 0.131046 0.588067
0.8021786 0.7915481 0.3207966 0.3074914 0.4769714
0.6847945 0.4518169 0.3440217 0.469142 0.7246249
0.7088958 0.364784 0.9977056 0.1501876 0.6401172
0.230663 0.2399838 0.1562416 0.9162295 0.9767198
0.5934223 0.3110818 0.7158436 0.3629803 0.4480206
0.2209163 0.9762282 0.9529972 0.3774994 0.3667044
0.9391185 0.4509882 0.05480019 0.0286454 0.1992442
0.9358057 0.1609287 0.194261 0.03265419 0.5758773
0.9263463 0.1014204 0.780508 0.7992366 0.6079885
0.4096865 0.7716599 0.4702275 0.01404856 0.06813522
0.4756766 0.9613067 0.4556324 0.3077089 0.6762954
0.4756643 0.8662266 0.3063291 0.9649766 0.8975918
0.2941339 0.3811487 0.9337776 0.5297644 0.8495462
0.7891012 0.8018882 0.8141488 0.4916821 0.6750713
0.9939271 0.6509054 0.3227192 0.420524 0.3785861
0.6880092 0.5996827 0.6988555 0.294606 0.3106117
0.08921331 0.757234 0.1707189 0.6190357 0.6520344
0.3178637 0.7528357 0.7911732 0.6371793 0.5050077
0.2330386 0.08314446 0.3926376 0.7611976 0.6926259
0.372741 0.4752707 0.3366243 0.9721234 0.04378206
0.1281014 0.4615438 0.7853729 0.001810926 0.4399539
0.4731185 0.007357437 0.6565762 0.4804465 0.3442503
0.2436631 0.1218897 0.2159684 0.6791801 0.1575902
0.9733739 0.7004141 0.3381703 0.3934181 0.2541418
0.1361835 0.4479285 0.4008065 0.9655399 0.1610752
0.1463641 0.04421903 0.6475114 0.6388603 0.8471596
0.720528 0.3319295 0.6734086 0.9472228 0.9789586
0.4975624 0.3102619 0.1375675 0.5752725 0.2622968
0.6445718 0.5449136 0.6052092 0.8690746 0.09453796
0.7413915 0.6893069 0.8475218 0.8664193 0.09870377
0.1305669 0.7765511 0.3638475 0.9383204 0.6116518
0.6435502 0.9776264 0.2988314 0.5568152 0.5047356
0.2083369 0.6695264 0.1377004 0.2126454 0.6332882
0.1255369 0.2457013 0.02922106 0.6786446 0.5120803
0.08266166 0.6115246 0.8700047 0.994014 0.8445684
0.7983836 0.3623696 0.8511626 0.02133943 0.6591248
0.3513614 0.5551601 0.1291271 0.5620202 0.5435964
0.2104628 0.1022437 0.08274435 0.2730764 0.1131256
0.337717 0.7512911 0.6107295 0.6464084 0.0009565608
0.4476535 0.02946485 0.2605041 0.1808098 0.5909557
0.3284431 0.7876517 0.528565 0.5116524 0.5510922
0.6037218 0.3884666 0.2641883 0.9217773 0.8840573
0.7427386 0.1657292 0.9651459 0.5248186 0.3789175
0.638496 0.02101432 0.2318829 0.5034021 0.6308191
0.0002846906 0.5892207 0.6489936 0.5619475 0.6813741
0.6581921 0.262 0.4703468 0.4624099 0.5244638
0.2818954 0.4681216 0.4710331 0.9293203 0.5116572
0.2697558 0.03904837 0.8474197 0.9421989 0.9765509
0.4079738 0.9396396 0.2284503 0.3529309 0.8306163
0.9789067 0.4920133 0.7789604 0.5197284 0.1324376
0.1060052 0.2378628 0.2378131 0.7992098 0.1706303
0.06266842 0.3021564 0.5706031 0.09694227 0.1122463
0.008453003 0.5910517 0.02075248 0.2585119 0.7047289
0.5354528 0.6946143 0.4949237 0.1151826 0.3985423
0.9261206 0.03044134 0.7999669 0.1864637 0.0901798
0.003706685 0.3569641 0.02688843 0.8162117 0.1764059
0.322236 0.3189044 0.4072077 0.9550207 0.02855476
0.1941316 0.7288093 0.8217152 0.6223579 0.1357862
0.4819607 0.6150132 0.615878 0.9458659 0.7404592
0.6708993 0.8850419 0.157913 0.875138 0.7874065
0.9229294 0.65261 0.3943274 0.7811501 0.3990335
0.3451556 0.675019 0.5094034 0.5093222 0.6292713
0.4927876 0.9185111 0.6825529 0.1093299 0.2333347
0.2972344 0.7051165 0.172406 0.8531186 0.7386653
0.4343178 0.6090092 0.09967899 0.5994542 0.4901709
0.1348718 0.9603733 0.9202315 0.4097837 0.355109
0.9257946 0.6677107 0.7813061 0.6704437 0.2661094
0.3267177 0.06225943 0.1447334 0.5792073 0.9944484
0.3171053 0.870315 0.760519 0.2373989 0.515159
0.4952147 0.4132287 0.5467295 0.9098285 0.2272001
0.07065231 0.274392 0.8592253 0.2958117 0.6757353
0.6855298 0.9391678 0.1495336 0.4295974 0.6364197
0.2589127 0.9682912 0.5100987 0.7443505 0.5422735
0.8084965 0.1771738 0.1211147 0.8831105 0.9884537
0.9682751 0.5162761 0.260128 0.1520549 0.378702
0.3873816 0.6258894 0.9192922 0.4083035 0.7350322
0.9670351 0.7777873 0.3908781 0.7615177 0.683571
0.4382263 0.6694074 0.8476292 0.7375271 0.7502982
0.3361256 0.5728084 0.8056898 0.7153433 0.6011615
0.9197668 0.07636252 0.7591233 0.3623562 0.7568769
