0.9759594 0.1524796 0.8267454 0.5251462 0.4277259
0.9073478 0.4144398 0.8380353 0.3918465 0.004408416
0.3839655 0.9306382 0.6156281 0.3733967 0.5147239
0.5623248 0.348815 0.7957594 0.2399123 0.05425058
0.7562442 0.3217231 0.171491 0.2086341 0.8663637
0.8596842 0.3480887 0.7483306 0.0147723 0.6161761
0.1227123 0.8060128 0.6667619 0.7739971 0.8322061
0.1563562 0.2630664 0.2288336 0.171143 0.5610544
0.9418413 0.6800553 0.769495 0.6584019 0.7092607
0.2131712 0.7348438 0.2789427 0.219339 0.5477027
0.7402406 0.4018893 0.7422034 0.467328 0.6059491
0.7332666 0.5884605 0.6070818 0.8269155 0.5926289
0.4241593 0.1199243 0.694035 0.4325101 0.7813662
0.2976492 0.8152184 0.585249 0.9680385 0.08724961
0.2382266 0.05494562 0.9047205 0.5656282 0.8186388
0.786688 0.728612 0.1603409 0.7335563 0.4919304
0.1971456 0.1895752 0.4322898 0.1261788 0.0240748
0.452777 0.4110029 0.8863708 0.2350729 0.1089837
0.6814461 0.1705983 0.2930358 0.9665803 0.2755303
0.7013752 0.3892746 0.514911 0.5971131 0.7504215
0.3689107 0.7939976 0.7927801 0.8286984 0.6632792
0.4593913 0.7393727 0.2827287 0.6051916 0.1997031
0.4463213 0.1282105 0.383217 0.4052976 0.241184
0.08365734 0.4486877 0.124219 0.9271456 0.09104448
0.5762579 0.6413257 0.5440582 0.4128854 0.7868531
0.4034259 0.258678 0.8599478 0.9219904 0.5888107
0.6229437 0.9923393 0.3167299 0.5316945 0.1098771
0.4915035 0.2848572 0.6653496 0.6737623 0.01502153
0.148646 0.672744 0.3418535 0.250618 0.9712946
0.6374378 0.104084 0.7850361 0.07909937 0.156462
0.6966538 0.9157706 0.7870283 0.7130144 0.9843681
0.242854 0.9197736 0.005235696 0.1169988 0.3630631
0.3160806 0.6637463 0.5024349 0.4024038 0.7957198
0.2162201 0.9378765 0.2518135 0.1836591 0.5717395
0.3661873 0.5306644 0.2026401 0.757652 0.5689324
0.7658088 0.590425 0.9036466 0.463812 0.2168176
0.5012372 0.7990919 0.9133265 0.3474318 0.5984908
0.397619 0.8871323 0.7153767 0.0907463 0.9543734
0.263779 0.7342658 0.2248241 0.7634305 0.2303853
0.6170366 0.9329155 0.1945263 0.4257763 0.7534242
0.6307842 0.5820236 0.9612699 0.1352387 0.09208959
0.8707092 0.5582627 0.4138226 0.8094464 0.4583335
0.01583791 0.2024098 0.9787454 0.5747341 0.5071358
0.09520676 0.6672649 0.4199462 0.381949 0.1942779
0.1461556 0.1995869 0.5886645 0.2419785 0.8498719
0.1249766 0.4472756 0.04273829 0.06911271 0.06170677
0.4292089 0.9816627 0.0983036 0.1388157 0.005569122
0.8419604 0.5525821 0.7457428 0.3333991 0.8222349
0.680792 0.2711099 0.4732682 0.1210436 0.8106265
0.05316463 0.9966272 0.08106651 0.8589611 0.5952297
0.9552653 0.524584 0.7320686 0.8332519 0.8646202
0.8217433 0.7857823 0.01438456 0.6904554 0.8525601
0.2139244 0.3215543 0.9202735 0.9298149 0.1994664
0.6306721 0.4861962 0.6576658 0.1677092 0.577718
0.5242487 0.05897858 0.6981291 0.9269065 0.1113188
0.6935678 0.7151148 0.7565305 0.1661076 0.7889303
0.6656929 0.1072886 0.1532917 0.9018053 0.4650695
0.3391123 0.250677 0.7914648 0.9012113 0.3942227
0.8363072 0.2762197 0.05498114 0.9194928 0.9967261
0.9767447 0.7295189 0.3687479 0.1932878 0.05383915
0.7070409 0.515405 0.03555036 0.7641737 0.2224021
0.2622118 0.2181929 0.623928 0.7732035 0.6021237
0.977067 0.9499973 0.03590364 0.5610664 0.06824683
0.9123014 0.2735369 0.2257173 0.2931062 0.5760313
0.6132728 0.5266446 0.5522797 0.5474939 0.7533403
0.9884664 0.05984352 0.7875368 0.4245393 0.6819167
0.5400745 0.3210574 0.7531743 0.3791333 0.9511304
0.09344512 0.1891052 0.01377735 0.2945108 0.07789076
0.4000953 0.317952 0.9648154 0.6481544 0.6231094
0.3417412 0.246221 0.3647506 0.9431 0.201706
0.7730765 0.1579685 0.09055546 0.4507143 0.9638883
0.9824163 0.8103576 0.5010117 0.8212992 0.8993104
0.0170051 0.7917858 0.779434 0.660936 0.1255797
0.01039496 0.8481693 0.4144321 0.07472831 0.2294008
0.3068254 0.8267555 0.8146932 0.5935991 0.4609837
0.136451 0.9182669 0.2699286 0.525231 0.8937729
0.3685199 0.621878 0.8027782 0.6731394 0.04570313
0.1625552 0.829627 0.1707884 0.4059773 0.01705195
0.6124763 0.8018301 0.7296904 0.676442 0.5309789
0.4451117 0.001246923 0.8697726 0.6885453 0.08537963
0.9087349 0.1305069 0.6432678 0.917054 0.2776602
0.3556789 0.4402065 0.8374605 0.8938339 0.8821989
0.2860928 0.2891587 0.8612612 0.1342721 0.7935756
0.2035473 0.4263147 3.868176e-05 0.3183856 0.04388385
0.4250647 0.125543 0.677784 0.9354092 0.8219869
0.8876701 0.4577603 0.6857302 0.1445215 0.3139363
0.7503636 0.1078732 0.4056515 0.8395297 0.1954845
0.09496249 0.4584188 0.3739788 0.2290731 0.7855453
0.2511905 0.2860542 0.003979977 0.35983 0.6635354
0.2755255 0.3867886 0.01255863 0.6736006 0.7049918
0.9405052 0.04919836 0.06077548 0.6785016 0.8584953
0.300747 0.9505609 0.1990643 0.5489698 0.5678797
0.1905628 0.5341103 0.7868517 0.98171 0.8629457
0.1788402 0.3045833 0.9986178 0.3306847 0.3930143
0.569773 0.09884475 0.3227975 0.9596938 0.3465021
0.431147 0.1954323 0.1244507 0.03372101 0.9507479
0.7399159 0.8097549 0.09639222 0.02167926 0.1634325
0.9045596 0.132876 0.8010037 0.7038787 0.8196286
0.9150441 0.7257203 0.09713174 0.8960634 0.990814
0.6194834 0.03634008 0.529494 0.5227472 0.7046805
0.5164275 0.8666491 0.006209384 0.1664562 0.2890058
0.5153331 0.8956966 0.5933762 0.3001166 0.6821858
0.3858503 0.9543981 0.2383114 0.243034 0.3312744
0.1212814 0.9053025 0.9714903 0.4038302 0.2225835
0.1990255 0.2051607 0.1382826 0.08794929 0.3255728
0.07592451 0.1459733 0.1676467 0.8512073 0.02868078
0.2832986 0.08997886 0.4688562 0.1396366 0.1243939
0.4807008 0.8937845 0.3889356 0.6472056 0.832182
0.6004819 0.8426132 0.2244269 0.1563008 0.8234316
0.8873709 0.1065848 0.1682794 0.2442956 0.8908062
0.1544734 0.03825332 0.7638984 0.7224902 0.4750264
0.3113366 0.250303 0.4160701 0.1864345 0.4067808
0.1123114 0.1654404 0.6441141 0.9118704 0.6075988
0.5117871 0.4175073 0.6406746 0.5275647 0.6967321
0.008898931 0.8353114 0.944152 0.8251859 0.9745655
0.9292619 0.5608879 0.03059691 0.7738484 0.9575113
0.6862772 0.5271862 0.4137502 0.7571947 0.222427
0.6767618 0.6531047 0.3030391 0.06248312 0.1327188
0.3355616 0.171747 0.4745763 0.02992454 0.5168107
0.1177377 0.8940854 0.2260134 0.3436251 0.2929889
0.8262767 0.5193936 0.2747694 0.0002369603 0.1271467
0.5757936 0.7746318 0.4886561 0.6255278 0.8413909
0.846412 0.7994777 0.8847419 0.8913467 0.3484134
0.1150554 0.312323 0.2036519 0.1582966 0.3742041
0.9233247 0.3957026 0.9253562 0.667506 0.05886812
0.6740153 0.5548374 0.7940569 0.8565344 0.4661586
0.2954094 0.5198276 0.7622524 0.175678 0.5020468
0.1363815 0.3798386 0.7009576 0.6867666 0.01926833
0.0759162 0.4492287 0.9449202 0.5079442 0.03107768
0.1944636 0.8671753 0.107347 0.2583925 0.08293802
0.803651 0.4918911 0.6380568 0.4392024 0.5871437
0.48609 0.6260552 0.188 0.6417711 0.7774185
0.6169264 0.8996133 0.6488346 0.3504746 0.8008808
0.6331753 0.3113009 0.1506336 0.6344487 0.7110688
0.3786134 0.9152366 1 0.227513 0.6283574
0.9191362 0.3263711 0.4497583 0.6655351 0.153534
0.3253998 0.9206772 0.9670162 0.6681193 0.8139265
0.3454859 0.5555109 0.5211465 0.06002327 0.06739446
0.8347059 0.933082 0.2974306 0.5290285 0.7501607
0.01058375 0.2188738 0.4040186 0.1591179 0.3590273
0.3933749 0.3188453 0.5405056 0.01928937 0.5072682
0.5333742 0.108815 0.2423092 0.5224598 0.7626862
0.7131639 0.1924094 0.3299872 0.4137278 0.5958737
0.5374669 0.1735196 0.2576468 0.8435595 0.506261
0.7237381 0.6000979 0.3824936 0.5234911 0.4506588
0.4843519 0.6507043 0.5312059 0.04253211 0.9579813
0.8046694 0.6931543 0.7036386 0.394656 0.2205739
0.7501779 0.7755381 0.570631 0.7151092 0.8608345
0.8143444 0.2220289 0.9666388 0.01495754 0.7390798
0.8499126 0.4076522 0.6257494 0.04592823 0.2981769
0.9057664 0.490422 0.9432137 0.6532532 0.7653321
0.08973076 0.9795111 0.2959211 0.9154871 0.676339
0.3794742 0.06802751 0.07447313 0.3269629 0.9384958
0.008756796 0.7394856 0.7526448 0.9498745 0.8762668
0.1279404 0.7306292 0.5750292 0.3525251 0.5034426
0.9377637 0.5837821 0.2376952 0.5209876 0.952024
0.5078802 0.996042 0.3713376 0.7131894 0.4941864
0.847635 0.4851349 0.2312594 0.1101401 0.1252053
0.755315 0.804395 0.2009006 0.3229562 0.9115046
0.503642 0.217435 0.9913357 0.8614018 0.7897343
0.1042236 0.0708609 0.9291302 0.09873433 0.05839341
0.7079871 0.1875656 0.9415266 0.2461482 0.5903468
0.46427 0.2955934 0.06970811 0.1433197 0.03574478
0.7537909 0.02113067 0.2264636 0.9437102 0.01982314
0.1318196 0.3202044 0.5185414 0.766517 0.09684842
0.5797139 0.8448412 0.3854275 0.03232969 0.9429035
0.07810583 0.02111907 0.1729104 0.03196834 0.7225825
0.001779915 0.7360058 0.1103004 0.08117191 0.2700453
0.295778 0.582044 0.7420296 0.4198715 0.7663423
0.5798732 0.1540388 0.4139264 0.0968659 0.7076425
0.9940889 0.008610598 0.5456168 0.1246749 0.2522135
0.5534705 0.2590209 0.1903085 0.5914763 0.9098755
0.6547654 0.1251539 0.02596371 0.6771821 0.8616712
0.5884567 0.6818189 0.3177319 0.6243861 0.3799282
0.8938583 0.2739481 0.7584315 0.6192066 0.7334622
0.1382658 0.5249325 0.9492 0.9781602 0.2786521
0.1651691 0.8231678 0.6185507 0.1403092 0.2757057
0.04742637 0.7503722 0.5992423 0.431512 0.4622743
0.9424832 0.8642698 0.2097712 0.2344021 0.3252223
0.890874 0.9340022 0.454501 0.9392391 0.4337772
0.7831759 0.677849 0.9597719 0.03469416 0.07099025
0.7862487 0.598813 0.2815324 0.2195238 0.954717
0.3113499 0.1316071 0.9462039 0.2314837 0.7368607
0.5547539 0.4790099 0.4726818 0.5319211 0.6651093
0.03988666 0.9968255 0.0120987 0.2958527 0.5563764
0.7704736 0.3497793 0.8329121 0.4536749 0.5224168
0.2542674 0.2909867 0.1240523 0.6607025 0.1945282
0.4981805 0.5290389 0.7169586 0.7197602 0.15004
0.527955 0.5342955 0.7314978 0.8181753 0.6078908
0.3527386 0.3321019 0.1212571 0.223403 0.718476
0.554832 0.746931 0.9061914 0.3373283 0.8265608
0.08513609 0.1465531 0.3899996 0.5284137 0.2868656
0.4008946 0.4012099 0.8766684 0.7074124 0.200196
0.3668005 0.7333516 0.9431754 0.1451732 0.3870684
0.4026607 0.585416 0.7141585 0.5212935 0.9672803
0.03098421 0.6563165 0.3820163 0.8520456 0.433895
0.6292166 0.3954463 0.07566126 0.4015334 0.8464134
0.1063767 0.7422886 0.2059923 0.05046113 0.3354266
0.1055687 0.4608941 0.3285788 0.8127777 0.06159555
0.4673162 0.2531007 0.07149021 0.1566351 0.9066262
0.3829323 0.2660954 0.9773221 0.4350279 0.5909176
0.3717971 0.1449707 0.835213 0.1663972 0.4020175
0.994959 0.4067641 0.2423411 0.3737387 0.1991043
0.9443595 0.4116268 0.1622847 0.1506332 0.0609438
0.3959025 0.5275233 0.6488288 0.7265642 0.9649603
0.2753167 0.7346664 0.6903661 0.03366777 0.7295855
0.6296609 0.1351635 0.1675836 0.7058693 0.8647304
0.3291338 0.2784828 0.2345141 0.0865507 0.2421052
0.03711757 0.6670958 0.213352 0.7901948 0.1047569
0.9942625 0.6514344 0.8499997 0.008833384 0.6594432
0.1548956 0.3688209 0.7200584 0.5907894 0.3791304
0.6265557 0.2410387 0.4229331 0.473648 0.5621537
0.891911 0.8947396 0.4937239 0.2113429 0.05484364
0.6043372 0.5356771 0.8201495 0.5545232 0.7365922
0.05039827 0.2649544 0.828187 0.7824723 0.2070998
0.1002769 0.7760496 0.7901803 0.9677304 0.2448581
0.05417071 0.1326572 0.3329074 0.3976368 0.3940801
0.7465462 0.113728 0.8881749 0.3903912 0.6559239
0.2314224 0.001972348 0.37866 0.3657744 0.7092689
0.1080239 0.4538444 0.4416525 0.3374739 0.8456361
0.07704022 0.1023907 0.4061634 0.1901054 0.241871
0.9217179 0.8174893 0.004014183 0.5810775 0.522272
0.7152832 0.8406406 0.1488198 0.3450079 0.5084977
0.1719742 0.04057233 0.4545997 0.1599301 0.5302458
0.7926414 0.7204478 0.2522758 0.9199946 0.3099726
0.4646869 0.480699 0.5664932 0.5701501 0.137124
0.951832 0.2691649 0.5848038 0.5247044 0.2644872
0.4747269 0.2715228 0.2647619 0.2408784 0.07055372
0.125245 0.0009905753 0.2687226 0.4199927 0.6238252
0.3186739 0.7043856 0.39567 0.5993696 0.9068599
0.6573259 0.3920381 0.4902653 0.8814393 0.946245
0.03587013 0.6507957 0.8951827 0.3766371 0.7042934
0.9738743 0.7279485 0.3440967 0.4993212 0.561091
0.09390589 0.8302196 0.6487092 0.1770546 0.3278609
0.03134428 0.2971949 0.01336729 0.7678675 0.956668
0.2640454 0.7422045 0.1904369 0.4963799 0.7515612
0.504759 0.6597886 0.838959 0.08082319 0.7201661
0.7435963 0.9152888 0.8519259 0.4414548 0.5777735
0.3309331 0.0778897 0.9478761 0.8983283 0.1466674
0.2281428 0.1804779 0.9589518 0.07464479 0
0.4558542 0.382616 0.1821336 0.3970301 0.9273962
0.4345858 0.6282056 0.2546173 0.2757373 0.7680714
0.151944 0.6920454 0.1753886 0.9783553 0.1757788
0.3330807 0.8657489 0.7568314 0.7895306 0.4462049
0.7470287 0.1982221 0.5986 0.2790585 0.8390168
0.9812039 0.02375073 0.6078772 0.4140647 0.6414559
0.4690136 0.6822216 0.2999046 0.3851114 0.55067
0.6061944 0.9178675 0.1346386 0.2576657 0.5634093
0.6429001 0.9332309 0.8247836 0.1416593 0.8862286
0.8359514 0.1411177 0.5228026 0.4001721 0.3170594
