0.2140359 0.169036 0.3279061 0.307969 0.5528761
0.02399561 0.1202006 0.04285876 0.4322152 0.1847011
0.3993038 0.9896576 0.5974296 0.9316951 0.602171
0.3472791 0.2802858 0.2414464 0.6239222 0.2728453
0.2108096 0.3444796 0.1149866 0.6336211 0.0686291
0.9246221 0.4852809 0.7577517 0.5411341 0.9229602
0.5171239 0.6890397 0.5548586 0.1402723 0.7268465
0.9616334 0.1182014 0.7516383 0.8805579 0.02212852
0.5322944 0.7372299 0.7058115 0.5227354 0.4394574
0.6764464 0.6331873 0.8356597 0.7362026 0.3068334
0.6118201 0.6644161 0.5346871 0.8911942 0.5302678
0.176938 0.1746268 0.02394536 0.984079 0.2749848
0.7591092 0.3120703 0.5852656 0.5759029 0.154826
0.1397928 0.5307454 0.01566603 0.2447476 0.2798494
0.669643 0.5129505 0.775798 0.8253802 0.7801525
0.2750546 0.7724083 0.9998093 0.1934495 0.07401566
0.1166561 0.3663032 0.0962589 0.6174514 0.8496861
0.7044243 0.6892539 0.3638019 0.9367936 0.163466
0.5773194 0.162487 0.5065376 0.4085943 0.4091745
0.4549544 0.4330181 0.4123119 0.1344073 0.6114613
0.6854124 0.8316089 0.1860872 0.8344785 0.5978146
0.1889304 0.7259749 0.5663467 0.7151165 0.7101947
0.485817 0.411249 0.9165036 0.5909191 0.3417256
0.6914845 0.4731718 0.9218413 0.9370831 0.007776387
0.4868459 0.463185 0.6303015 0.3246618 0.3999531
0.894389 0.4578887 0.04781788 0.8380435 0.6253043
0.7395992 0.5265898 0.2179049 0.7673132 0.6219398
0.321351 0.6182369 0.7621405 0.4303501 0.8110948
0.1183852 0.6588653 0.3108594 0.3882578 0.9809491
0.3174334 0.03113089 0.5828633 0.1320529 0.1136305
0.9675209 0.3256534 0.4832288 0.08068956 0.713045
0.4374331 0.954314 0.6432755 0.4995654 0.1832906
0.0327554 0.3617069 0.4208156 0.6599527 0.9525217
0.9163452 0.842585 0.7583794 0.6026476 0.4086011
0.2709751 0.4385675 0.0547418 0.4014192 0.8646902
0.2023393 0.6888393 0.2542812 0.9010211 0.4987791
0.3457653 0.7047885 0.1585455 0.005596872 0.7753475
0.018797 0.7546168 0.6463544 0.1192233 0.5118314
0.8500655 0.8022989 0.4385418 0.2014363 0.7899853
0.6211431 0.02515786 0.01118196 0.7459813 0.1670201
0.1647133 0.779353 0.515727 0.6754043 0.6075057
0.6337531 0.393035 0.9670701 0.9480077 0.1425518
0.2531047 0.03850753 0.1819447 0.3992635 0.8969845
0.1314172 0.3306398 0.7062141 0.5744674 0.01466854
0.8976526 0.9184856 0.3587921 0.7782319 0.629084
0.08282925 0.7603 0.4280437 0.09098626 0.8252438
0.5807754 0.9081906 0.6951066 0.900184 0.4208963
0.9200019 0.1193533 0.2322537 0.8197185 0.5941282
0.6701235 0.6115635 0.08765804 0.372283 0.3983428
0.9368684 0.4688026 0.2819262 0.1097571 0.8307533
0.2258541 0.0749256 0.1366878 0.3696613 0.1882027
0.4415568 0.8929918 0.1886175 0.6134781 0.4201805
0.8663087 0.2444241 0.4400883 0.1875842 0.9747402
0.2163572 0.8908725 0.7728707 0.006701737 0.6720341
0.810518 0.06679252 0.6537235 0.951154 0.03178651
0.3311047 0.8350304 0.1728398 0.6017235 0.4545753
0.5747637 0.4580427 0.5898381 0.425797 0.958009
0.05853019 0.9937641 0.2708647 0.1848415 0.1615744
0.3273621 0.1948835 0.804569 0.3075 0.9134236
0.6198631 0.4090765 0.5514176 0.3045342 0.07989529
0.6156193 0.06133716 0.5439443 0.1985326 0.6711358
0.9066955 0.7378934 0.5669503 0.4428781 0.6901249
0.04289173 0.8518529 0.9722366 0.4134226 0.7232023
0.2016294 0.08236456 0.931442 0.1981242 0.3545782
0.3995399 0.01363979 0.8924503 0.4166761 0.1734254
0.7849936 0.2351891 0.9254252 0.07897586 0.3376422
0.5549714 0.5934777 0.09380961 0.3238109 0.13491
0.3025734 0.06634309 0.2282981 0.07096041 0.116175
0.4807682 0.7160824 0.9750969 0.8096232 0.8372342
0.6645398 0.302957 0.327489 0.1497726 0.1471005
0.3024495 0.1424154 0.942196 0.006366932 0.8501154
0.3626799 0.3369606 0.565934 0.9999775 0.9378911
0.03094257 0.9533515 0.2691139 0.6298328 0.8279631
0.5365129 0.8284795 0.2192139 0.1588901 0.5111475
0.5341034 0.553156 0.7795168 0.6114143 0.129262
0.4157638 0.8830079 0.3746685 0.01332141 0.3587224
0.7399067 0.1024951 0.7391622 0.4854076 0.6542276
0.06021716 0.3485832 0.7898364 0.07837346 0.3536499
0.9939452 0.803883 0.8195151 0.5813834 0.1426158
0.4899215 0.1209134 0.3045771 0.629278 0.04947743
0.2680022 0.2607111 0.9252269 0.2661435 0.9454943
0.6501456 0.5144034 0.775841 0.165811 0.8340481
0.9658496 0.129062 0.878125 0.3956214 0.3632038
0.6414615 0.8711388 0.9493789 0.3270168 0.214212
0.9658204 0.934875 0.2576476 0.8954169 0.1783542
0.468084 0.2694066 0.7094455 0.470982 0.2663785
0.6812724 0.8378544 0.7919002 0.625591 0.1795077
0.5066257 0.01513268 0.6540906 0.5095385 0.9816778
0.546147 0.1214484 0.09575424 0.9217346 0.5537388
0.3890225 0.351543 0.9249617 0.4665204 0.996464
0.7377247 0.1915873 0.995091 0.2655973 0.2971676
0.8627805 0.6461621 0.02374543 0.6362817 0.1028454
0.09201707 0.2533093 0.4091276 0.8952335 0.3149333
0.1094548 0.7562352 0.7136675 0.6656405 0.3833202
0.2488666 0.6430003 0.5007307 0.2267959 0.4357922
0.9191217 0.9841638 0.6771762 0.9394113 0.7002867
0.3091385 0.069114 0.701578 0.4345868 0.4300123
0.2205311 0.3784647 0.891579 0.6623688 0.2729701
0.9272934 0.6824691 0.4999425 0.9118162 0.7052885
0.01957016 0.9491172 0.6549503 0.7017858 0.8509654
0.7684321 0.9453961 0.8843478 0.8072827 0.2844314
0.4683758 0.8463828 0.7712319 0.7253429 0.2084348
0.205927 0.08777774 0.0787337 0.1503304 0.3219375
0.2006154 0.6334711 0.8713535 0.5378606 0.2183061
0.8347007 0.5821577 0.09178243 0.2489232 0.9286064
0.3258797 0.4386407 0.3301984 0.3755527 0.1892363
0.8925926 0.1064924 0.348925 0.4197301 0.03854839
0.9497532 0.8111582 0.4231988 0.4624492 0.4468989
0.8892442 0.343687 0.2241764 0.222684 0.1601531
0.4327439 0.6798243 0.66657 0.0952348 0.7035277
0.1921329 0.77704 0.7024655 0.06408558 0.9263685
0.8504259 0.8972128 0.9713329 0.02885348 0.6616827
0.8885772 0.5559175 0.3764041 0.7416625 0.9194817
0.3626852 0.433837 0.8918201 0.2412098 0.7346251
0.01422256 0.4207151 0.9716593 0.9084196 0.07340529
0.7228506 0.5992719 0.1908143 0.7320952 0.6606179
0.1739002 0.9714714 0.4324072 0.7929131 0.7214401
0.6053844 0.7810477 0.6022715 0.9541605 0.8666283
0.5288504 0.556614 0.2642979 0.583771 0.7534042
0.3110415 0.3407663 0.9881594 0.7795992 0.919022
0.8894229 0.3065244 0.8188337 0.5995821 0.007674242
0.898167 0.9605548 0.9366528 0.4636769 0.4482727
0.5165391 0.3917421 0.6665471 0.7332933 0.7028042
0.2124061 0.7792392 0.8226906 0.6684238 0.9242314
0.3452981 0.4252896 0.1109163 0.8669905 0.02383071
0.7961964 0.3553902 0.2658576 0.8889609 0.6357767
0.4848167 0.2417826 0.9013577 0.3796619 0.1323124
0.334912 0.6762818 0.5335853 0.358443 0.2459881
0.2636211 0.9402368 0.6469459 0.8771714 0.5125522
0.195454 0.01371201 0.3577184 0.5451347 0.03976554
0.5128284 0.1563356 0.7866374 0.07031804 0.7242576
0.3757534 0.7044148 0.9182434 0.8296344 0.5592286
0.4512872 0.1202524 0.0320186 0.6992623 0.3931173
0.2639452 0.6254112 0.1372343 0.03458292 0.4895451
0.8503959 0.4244505 0.06692381 0.7181757 0.8239942
0.6005725 0.2368406 0.5553541 0.6571811 0.02560915
0.3900508 0.3506726 0.468282 0.4904669 0.5924705
0.2347124 0.8329085 0.6355873 0.7258863 0.4442137
0.4680928 0.9625289 0.4949795 0.4243047 0.4965787
0.7545795 0.1002342 0.9692825 0.4828746 0.08053076
0.2454795 0.4850065 0.8684081 0.02468474 0.3134379
0.1949562 0.5056754 0.6184008 0.4727455 0.8922648
0.06788191 0.2650954 0.91522 0.1794681 0.8844862
0.3104835 0.6660158 0.07497035 0.7219132 0.2400212
0.5391911 0.00278724 0.9417321 0.7077573 0.6621763
0.7394293 0.7157914 0.9680035 0.9300309 0.4149835
0.663024 0.7877486 0.312621 0.6619547 0.5654548
0.4076258 0.9895613 0.2153405 0.443531 0.2873574
0.9647836 0.3737023 0.1277026 0.4754466 0.3231362
0.4565519 0.5339993 0.5068508 0.698731 0.5700999
0.2798108 0.5509089 0.1806644 0.04169139 0.4101549
0.8203072 0.5662956 0.9042482 0.8128474 0.584932
0.8933624 0.9506847 0.2618726 0.7699534 0.1746821
0.2121068 0.420419 0.5522033 0.3606035 0.9388829
0.6268512 0.5085392 0.6825193 0.8156999 0.4847859
0.9540828 0.3230193 0.8134897 0.529372 0.4258172
0.9117355 0.4080637 0.9300702 0.5922428 0.792429
0.4427411 0.8094093 0.6590373 0.1368736 0.4028343
0.09644345 0.5474028 0.03144309 0.8447555 0.8604417
0.158789 0.216262 0.3996598 0.7706065 0.8867318
0.7121662 0.2851007 0.2785201 0.8456804 0.3273893
0.9124211 0.3990616 0.5735619 0.4828413 0.4748092
0.5626749 0.9640377 0.4604295 0.3382059 0.7873232
0.9013345 0.2252112 0.6470121 0.3565056 0.1148599
0.5712145 0.4947162 0.1984093 0.02135983 0.5644766
0.3420846 0.5199248 0.5379787 0.524834 0.8224572
0.5105684 0.8611816 0.6579568 0.8169443 0.4350476
0.262671 0 0.3961204 0.3210267 0.4676875
0.5487267 0.04511531 0.9296002 0.5558631 0.8958426
0.71579 0.05345911 0.4780719 0.930792 0.02444077
0.6317958 0.5261095 0.6308983 0.1459504 0.1181802
0.7994694 0.5787278 0.4464723 0.1376561 0.6900957
0.9615487 0.3802864 0.4066377 0.6540434 0.2248738
0.182535 0.5875126 0.9180222 0.6717524 0.4901494
0.08092934 0.6856094 0.4621059 0.2261392 0.7655968
0.04168964 0.1301871 0.1434759 0.7789978 0.9186274
0.6155399 0.7467988 0.9478502 0.9679167 0.3190274
0.2154841 0.346703 0.3558667 0.7395444 0.3987285
0.6096095 0.2244228 0.9746697 0.2055725 0.8268134
0.3178164 0.4154391 0.9816892 0.6687118 0.3637504
0.2631635 0.6644667 0.1623993 0.6599229 0.09930605
0.09988892 0.8033199 0.252034 0.8594023 0.1095578
0.677762 0.1735669 0.4551622 0.08575157 0.2777118
0.4211659 0.6179648 0.361745 0.315532 0.9205515
0.7570111 0.6916487 0.6565272 0.2662092 0.4647522
0.4848761 0.1525147 0.45179 0.916494 0.7345544
0.7718282 0.5004826 0.9500219 0.6341661 0.4366399
0.8101611 0.04968906 0.3997447 0.1565783 0.1355004
0.2182551 0.5679375 0.04550873 0.8870709 0.6768802
0.2436454 0.05514645 0.2976111 0.6121299 0.4592042
0.2956913 0.9312657 0.2228519 0.9520768 0.01452773
0.1047426 0.5197859 0.7350888 0.576271 0.01906223
0.3756316 0.0607599 0.720904 0.8230473 0.5962288
0.79813 0.007330556 0.8828575 0.7237863 0.3062421
0.2000571 0.01471562 0.5010726 0.145751 0.4962268
0.7538646 0.3251062 0.01866878 0.5978031 0.1639883
0.1602663 0.7011813 0.4108615 0.3039681 0.1616422
0.6619619 0.07918763 0.9627206 0.2921937 0.7882352
0.9413963 1 0.2837814 0.03029879 0.9292544
0.9900607 0.03889693 0.111306 0.6758515 0.1941616
0.5421278 0.9520728 0.3732968 0.7907448 0.01516116
0.6135667 0.1449874 0.2068855 0.6764353 0.4851792
0.3698411 0.4941109 0.2283263 0.4983483 0.1222903
0.8014811 0.7861087 0.7414643 0.1646932 0.1383363
0.1993004 0.2262263 0.4985322 0.1451154 0.967858
0.8586634 0.04515575 0.8586334 0.3051825 0.242094
0.048938 0.508052 0.3550131 0.6249703 0.1265454
0.8927866 0.08854134 0.96686 0.07003149 0.08924603
0.6177504 0.5127559 0.4162125 0.4999158 0.2198564
0.6927102 0.05052502 0.9011448 0.669675 0.1947214
0.5654983 0.0751353 0.4600858 0.5799597 0.8835929
0.7421372 0.7440018 0.336419 0.8602338 0.1378634
0.4368503 0.6466696 0.8901936 0.4294453 0.5007675
0.6898594 0.04358947 0.1806348 0.04686782 0.6663754
0.5499446 0.8222885 0.8100082 0.6651569 0.5464683
0.2169774 0.2065028 0.1820922 0.3417272 0.9276554
0.4673859 0.2725861 0.437303 0.7806697 0.9091682
0.3352016 0.733265 0.4999975 0.5662079 0.5799117
0.3157568 0.4378786 0.4943635 0.06178414 0.008011922
0.04590165 0.1097535 0.2343859 0.6117179 0.9679181
0.8588281 0.6119452 0.4400666 0.813264 0.5976062
0.09271719 0.8523475 0.2865005 0.03023433 0.882829
0.936462 0.20545 0.5802053 0.9351508 0.5926134
0.1095046 0.5096318 0.982472 0.2138221 0.05990742
0.2884742 0.1584927 0.1986594 0.6586358 0.1070384
0.1855996 0.372999 0.3566064 0.2910241 0.9141996
0.5213781 0.9677938 0.1809236 0.01006101 0.02178901
0.7560346 0.9921899 0.6821432 0.4674176 0.9760859
0.4038185 0.5776669 0.3837412 0.5160934 0.2121386
0.3423422 0.7028995 0.6842329 0.5204774 0.8594299
0.164809 0.7376543 0.80799 0.1425405 0.4966069
0.2527386 0.2088561 0.1754872 0.6110119 0.973336
0.6129073 0.8407409 0.2502895 0.8102879 0.3231686
0.6968201 0.9186193 0.06911561 0.6024468 0.8351992
0.2361653 0.03717602 0.3100406 0.8765974 0.1697927
0.8661718 0.7768805 0.7082764 0.07711239 0.1319987
0.328527 0.692626 0.9915462 0.5335401 0.7878422
0.2486225 0.398289 0.5531235 0.5710946 0.4261665
0.7549482 0.4037823 0.08443487 0.1374437 0.9044489
0.9597728 0.1338299 0.824149 0.3342993 0.1248508
0.7182715 0.09205914 0.327784 0.2568604 0.6669459
0.6616604 0.4025042 0.1072076 0.0532356 0.5636157
0.1527771 0.9669381 0.7737846 0.983796 0.2609001
0.5510171 0.7856378 0.9967604 0.1155663 0.8992444
0.4654886 0.04468859 0.5605346 0.001244105 0.1646088
0.6730576 0.6179218 0.09029306 0.01713453 0.7710423
0.2462621 0.3624114 0.9716889 0.3960517 0.9933198
0.1446235 0.5114189 0.1433748 0.6495138 0.1654589
0.04715102 0.8744887 0.1800642 0.1750033 0.7179032
0.9173705 0.2185123 0.7596638 0.09722695 0.7850226
