0.1756767 0.8517543 0.4133129 0.5773208 0.9563166
0.2473811 0.09322781 0.3918064 0.3555672 0.8300686
0.4857077 0.724982 0.09861118 0.4016419 0.8132689
0.5871296 0.9496094 0.8231763 0.8541293 0.9729339
0.08745076 0.1306227 0.8949167 0.3960727 0.4401716
0.59996 0.0584852 0.6974306 0.7721162 0.2952212
0.7556522 0.4111495 0.5370692 0.9366892 0.9087421
0.7804448 0 0.7471819 0.7080913 0.129514
0.7580786 0.8819508 0.8729035 0.314865 0.1532168
0.2846926 0.8191919 0.1307739 0.5593092 0.8964738
0.9847416 0.6732765 0.2045713 0.8567328 0.2664254
0.3001881 0.4331998 0.7603622 0.08604538 0.2885811
0.1241628 0.6207949 0.8758546 0.2721822 0.5850918
0.9303444 0.5515338 0.1684945 0.1180382 0.207998
0.8884484 0.766858 0.2245802 0.01393367 0.683185
0.1534842 0.06952366 0.1564542 0.532607 0.5290715
0.9017846 0.01642684 0.749606 0.1058528 0.524897
0.05174725 0.1747292 0.9772559 0.7846147 0.9760916
0.3615052 0.1857406 0.9274897 0.1843881 0.7301898
0.02896027 0.4524445 0.8743695 0.365234 0.1978763
0.02094588 0.6511504 0.1234528 0.6418803 0.2800774
0.7369797 0.3835511 0.7090938 0.0359903 0.6561982
0.150471 0.7825051 0.3184562 0.6762816 0.7581922
0.8778609 0.5418193 0.5623563 0.1174474 0.6517119
0.8235339 0.5411553 0.09803344 0.8162425 0.7161359
0.8261015 0.7657318 0.008211747 0.0628832 0.8711529
0.6184233 0.3313169 0.8674488 0.5355093 0.5132707
0.167514 0.9273824 0.9262289 0.456436 0.9202156
0.5926045 0.4709517 0.5739998 0.7400788 0.5132799
0.1261687 0.0117332 0.6741016 0.9847105 0.8356701
0.1083187 0.937279 0.5084918 0.04890989 0.550169
0.9714931 0.3344475 0.907176 0.6491789 0.4386777
0.2230545 0.4033678 0.2311299 0.9199317 0.7389259
0.03069726 0.747028 0.385516 0.5470555 0.1230411
0.9340682 0.9647576 0.763837 0.318865 0.6012514
0.3088783 0.33818 0.6093856 0.9109835 0.1671012
0.4891228 0.2574571 0.5309138 0.1312595 0.2434941
0.1548169 0.7014928 0.7924897 0.6852869 0.6235527
0.2769961 0.4713336 0.6759318 0.9726062 0.5780696
0.1486291 0.8256814 0.1373137 0.0738092 0.489126
0.909917 0.8965066 0.1516462 0.4589888 0.01425593
0.9536979 0.009784671 0.782264 0.6408645 0.3110334
0.8706255 0.2365074 0.8295171 0.4655989 0.6693868
0.7769782 0.5233323 0.4965031 0.8085814 0.8856329
0.9863062 0.7201712 0.7324475 0.5231731 0.1708816
0.3048506 0.7921606 0.3841642 0.9276095 0.3545332
0.7935323 0.3180693 0.8628771 0.9105632 0.1538726
0.9893247 0.8384393 0.6393533 0.3307223 0.3696603
0.2957154 0.20065 0.09230569 0.6036577 0.3296619
0.7733155 0.749314 0.4988015 0.7888885 0.2859392
0.626839 0.7433595 0.9666601 0.3408702 0.07277123
0.3143644 0.8084007 0.8871747 0.9081527 0.6315776
0.310684 0.5745688 0.1834479 0.7997673 0.7147632
0.1635037 0.3588149 0.5312552 0.9477086 0.2181851
0.9392397 0.001263003 0.8141851 0.1795812 0.05994337
0.7337188 0.9130962 0.8979156 0.1445122 0.4991688
0.5246973 0.6606787 0.3848781 0.4872204 0.1174672
0.2740974 0.8419338 0.5597589 0.1748902 0.7382764
0.8758791 0.9960083 0.2548783 0.883598 0.844967
0.5032907 0.4229202 0.7174859 0.9429493 0.9266413
0.5195701 0.0259193 0.3647199 0.8598409 0.05643261
0.02858928 0.7493539 0.7735756 0.213588 0.5923346
0.3438357 0.1871967 0.1979324 0.4622679 0.5546685
0.6937439 0.941731 0.2996999 0.808608 0.1663267
0.6017617 0.9318655 0.3822218 0.9506457 0.4166892
0.8218156 0.5051137 0.2168256 0.2339369 0.282165
0.7536416 0.577275 0.8201704 0.6488261 0.2478116
0.8195945 0.2036251 0.4273651 0.4042864 0.2412228
0.7176458 0.1018508 0.6402732 0.3966571 0.7800671
0.2931141 0.9508074 0.2724149 0.6127084 0.3442362
0.2925176 0.2373517 0.7310055 0.9040515 0.465598
0.7886414 0.8710157 0.9191883 0.2635824 0.5025065
0.374131 0.2202449 0.1808925 0.1620313 0.5403157
0.3897743 0.9973034 0.1071332 0.7659206 0.6559293
0.69553 0.5670388 0.05920801 0.8448713 0.5521026
0.6652798 0.2348888 0.009461823 0.06190947 0.1734395
0.04430379 0.9413242 0.5456188 0.61958 0.230257
0.5795157 0.9185581 0.9710338 0.7273577 0.8340696
0.6757422 0.5206414 0.1728011 0.03885876 0.381689
0.0263011 0.7808633 0.6302516 0.9999421 0.6268373
0.4181752 0.1550299 0.4895492 0.7900651 0.5387852
0.08325611 0.1976143 0.1575857 0.01751054 0.7614164
0.8693623 0.3736188 0.2900219 0.2023856 0.7493145
0.6773426 0.06773326 0.959327 0.243752 0.9095607
0.4322593 0.4193816 0.8898975 0.8219874 0.7120824
0.7886291 0.4280603 0.325386 0.3612487 0.1646921
0.8881992 0.865216 0.9460086 0.747876 0.8398462
0.7076379 0.6746402 0.5506623 0.1922608 0.006722564
0.346423 0.4623838 0.8707963 0.5685974 0.5723245
0.6547662 0.8838316 0.8950788 0.01086278 0.6692893
0.5848546 0.9765802 0.1490418 0.407487 0.9597184
0.8712397 0.8740693 0.0396306 0.2299595 0.5497881
0.8424414 0.1535423 0.7532159 0.2251558 0.8808387
0.01776694 0.4984932 0.07515052 0.4160471 0.1508631
0.5025314 0.09976602 0.8120309 0.6166258 0.6371045
0.413401 0.3526681 0.3514025 0.2002384 0.770571
0.737787 0.390675 0.2228318 0.1709302 0.8557154
0.8776276 0.1099277 0.9273535 0.746979 0.8966846
0.4770236 0.6175646 0.228862 0.632579 0.7578285
0.4486841 0.5762229 0.7660279 0.6459348 0.9055424
0.1607403 0.2109506 0.1554286 0.2759647 0.532816
0.3450096 0.2790411 0.6316064 0.9741722 0.9832781
0.1652803 0.4132004 0.5443535 0.4206021 0.7717395
0.7906428 0.5055121 0.8772195 0.152802 0.6537781
0.4477946 0.7344281 0.9271886 0.8897342 0.1048379
0.7711188 0.5272027 0.2540772 0.07624401 0.04308345
0.7183247 0.2590506 0.7329775 0.8320515 0.2118291
0.3565508 0.3227351 0.2321499 0.4837898 0.7547628
0.3656629 0.4998453 0.6375574 0.8285895 0.5326198
0.7019273 0.4520206 0.09366749 0.3170909 0.4846783
0.2659377 0.5933169 0.4491698 0.633862 0.05635509
0.9064314 0.4889186 0.7892012 0.4419481 0.8932921
0.4117421 0.7149182 0.1757124 0.5807003 0.3334736
0.8535136 0.788412 0.7274918 0.4980322 0.6994676
0.5032864 0.3694454 0.1538726 0.9209577 0.3551461
0.555893 0.7492724 0.01271235 0.1179712 0.1501767
0.8178572 0.5954914 0.9467103 0.9432331 0.3766547
0.1823665 0.9771808 0.7694144 0.7058591 0.1860762
0.06760064 0.9678368 0.9261425 0.694224 0.1715242
0.1237335 0.6753835 0.8763227 0.9974627 0.5825451
0.9439694 0.1733229 0.298858 0.1572681 0.8001904
0.5428382 0.113203 0.4170494 0.5207123 0.9453905
0.4638748 0.03663711 0.865539 0.87822 0.9775873
0.1849352 0.05144868 0.04476666 0.6594698 0.456344
0.6571117 0.1386824 1 0.5519496 0.8669651
0.07575545 0.4157967 0.2144224 0.3518515 0.9646671
0.2967294 0.5344581 0.9090637 0.1511002 0.5505527
0.4988677 0.1398258 0.6223418 0.8477668 0.7691531
0.06859585 0.7169689 0.4948504 0.08018701 0.3363574
0.2188453 0.9507178 0.6246178 0.06955643 0.03802918
0.1534684 0.5726557 0.7266939 0.3997029 0.1650641
0.8021267 0.7061147 0.6964668 0.8832953 0.282998
0.4258755 0.7500708 0.3730069 0.6361415 0.1858486
0.2180085 0.7862319 0.3237542 0.6934578 0.5830479
0.3907405 0.8239626 0.7503931 0.8409874 0.2180983
0.4129948 0.6133276 0.6312068 0.824996 0.5240438
0.6283156 0.3964347 0.2373768 0.9618961 0.530322
0.3016426 0.7453707 0.7196722 0.04875464 0.3390099
0.7724616 0.5327863 0.9554378 0.8124038 0.1379359
0.03711225 0.9731306 0.4239852 0.4245366 0.4460105
0.8578833 0.8746963 0.1925715 0.8258805 0.8922074
0.5339974 0.6345232 0.8426481 0.6842819 0.8834041
0.5035478 0.3063118 0.8600063 0.7202165 0.6625925
0.1226358 0.2386615 0.00388375 0.5442869 0.353384
0.7620016 0.1790064 0.7182409 0.4823608 0.06265796
0.416902 0.8621091 0.7852483 0.9902012 0.3759337
0.2745846 0.9724262 0.292232 0.2093899 0.6972815
0.9097833 0.9568258 0.6637343 0.8808623 0.09512837
0.3792286 0.3178011 0.3501998 0.1677672 0.841884
0.5304714 0.391967 0.8257682 0.6549294 0.1123934
0.06621675 0.8925882 0.8235043 0.4315899 0.4677656
0.8558644 0.6514614 0.5972227 0.4554678 0.7586167
0.6646695 0.1876545 0.1654301 0.2638646 0.264201
0.83656 0.683545 0.2209432 0.09347539 0.7231231
0.6433114 0.6439839 0.9925648 0.1295791 0.3677327
0.8339737 0.6367107 0.1044078 0.3002825 0.8631647
0.5705568 0.8784873 0.5448406 0.3477266 0.7497585
0.8197931 0.9110998 0.1744023 0.435546 0.3771426
0.5607643 0.2644661 0.7088697 0.1100253 0.3438498
0.3377243 0.262764 0.06594695 0.4260228 0.7061776
0.9217624 0.9082557 0.279916 0.3070803 0.7534873
0.3095399 0.3783923 0.09125786 0.8886774 0.7077389
0.7194928 0.7483814 0.1771271 0.3146109 0.1811248
0.8395595 0.5240118 0.2104726 0.05650094 0.2489039
0.7855294 0.9100772 0.2433714 0.203935 0.7993252
0.3118802 0.793084 0.89657 0.6823732 0.9567554
0.5276434 0.8964424 0.008466341 0.3237862 0.4249324
0.8503936 0.9192811 0.890349 0.6778947 0.438647
0.4034721 0.09642627 0.2938285 0.3017507 0.03485314
0.2994486 0.619083 0.7497805 0.02952976 0.06473482
0.6409283 0.802842 0.3666393 0.00631901 0.8388839
0.4964615 0.2966284 0.03291814 0.731869 0.06120155
0.5383332 0.6407436 0.378194 0.3173562 0.5260811
0.5690266 0.7752677 0.3121346 0.4571905 0.7794685
0.9619618 0.4591889 0.4644464 0.7628645 0.5736827
0.3045509 0.3827301 0.0005175089 0.2667933 0.05594095
0.2609502 0.1043213 0.2029505 0.844818 0.08884696
0.04341414 0.9073402 0.03052153 0.8060375 0.3880208
0.2164938 0.513089 0.9492695 0.1911586 0.3314395
0.07390434 0.5469495 0.2770843 0.707645 0.4883738
0.9570693 0.9338473 0.9423448 0.07605841 0.9764086
0.2363068 0.3767831 0.6705822 0.6089106 0.1443301
0.5500349 0.004283343 0.08666091 0.61939 0.1717595
0.3025377 0.641789 0.741523 0.08714997 0.3563231
0.454496 0.174233 0.6045796 0.5945871 0.9429618
0.9952033 0.3539022 0.0206545 0.6826809 0.8819962
0.04712273 0.09107774 0.08197998 0.002914694 0.5147355
0.8935177 0.489018 0.6016432 0.0335823 0.7076149
0.2140417 0.9469799 0.1619964 0.6620233 0.6690935
0.3049989 0.8637819 0.2184123 0.8417146 0.4181715
0.4215092 0.282181 0.6742163 0.1407625 0.204703
0.670025 0.8037218 0.1245317 0.5367462 0.5990893
0.9230656 0.5687833 0.629315 0.6634037 0.123906
0.5010152 0.9415412 0.3641362 0.8856502 0.907162
0.7696982 0.1723878 0.8312406 0.7535584 0.3711318
0.4681028 0.4885261 0.1130899 0.9214442 0.4754488
0.3939436 0.495785 0.1910203 0.2860521 0.2384975
0.9336725 0.5693733 0.49098 0.9687575 0.3792039
0.2793363 0.8166176 0.3264537 0.03988131 0.0455903
0.5243046 0.8000763 0.2160819 0.5996627 0.4290866
0.3425284 0.845451 0.3949268 0.848206 0.9852214
0.5021479 0.1609727 0.2625684 0.9664747 0.1993979
0.6511513 0.7557908 0.8606187 0.06206807 0.9763389
0.121215 0.8442182 0.0386632 0.4295007 0.04311884
0.9459115 0.5342924 0.1283856 0.4983942 0.4727618
0.1769255 0.3576313 0.6911037 0.2564757 0.5461638
0.7350525 0.5491942 0.6154092 0.06048609 0.7403872
0.4276213 0.3165802 0.7874741 0.8275118 0.6655344
0.215826 0.7006368 0.2761246 0.4561653 0.7576808
0.9824383 0.8552183 0.1347516 0.3089511 0.9156145
0.8342517 0.2205806 0.4090065 0.1720441 0.9018355
0.5282873 0.05107622 0.8813404 0.118383 0.8956069
0.177561 0.7522074 0.3444986 0.9814459 0.255884
0.6666051 0.01342801 0.07409528 0.4902393 0.4422589
0.9157181 0.6382923 0.6716036 0.6336591 0.812445
0.522573 0.6376772 0.3644814 0.418453 0.004823819
0.01122552 0.06217289 0.4305663 0.9174981 0.5840064
0.2394954 0.2772669 0.8152527 0.5780566 0.478177
0.01093942 0.6086067 0.7368055 0.4298616 0.3346507
0.3868565 0.9422558 0.0838167 0.9713237 0.9425581
0.5893522 0.8146154 0.7620609 0.03215292 0.3156005
0.6580312 0.9786356 0.6447972 0.6659803 0.3769446
0.3229582 0.3535427 0.1989287 0.7603608 0.5791748
0.10176 0.3192769 0.7024132 0.565815 0.985764
0.801527 0.699028 0.4990889 0.1855093 0.7926678
0.8939435 0.2550309 0.6974115 0.1682704 0.3845073
0.05056992 0.09983555 0.3519775 0.3851801 0.09612953
0.8501172 0.3856184 0.3955891 0.300573 0.803631
0.7838643 0.3386918 0.4023381 0.6328962 0.676768
0.2670276 0.8147518 0.01621249 0.2795502 0.682563
0.6906905 0.8121132 0.4910614 0.06796926 0.2918732
0.9933342 0.713183 0.04398364 0.8531688 0.936638
0.03212881 0.6074479 0.7649183 0.1667413 0.3584951
0.3200868 0.4919339 0.6896129 0.07341603 0.02805377
0.5777489 0.7382274 0.1349318 0.4447364 0.01253323
0.2185988 0.3770632 0.9039346 0.6838405 0.8076775
0.1560622 0.3190196 0.3827106 0.9193207 0.07449254
0.6936416 0.1670648 0.215776 0.2112627 0.7232071
0.0976339 0.7398413 0.3990815 0.4145825 0.7490463
0.09420939 0.8844339 0.07471899 0.4812133 0.7301693
0.953367 0.02825328 0.485661 0.5688146 0.2154089
0.3028718 0.6534011 0.4062034 0.05876406 0.9850876
0.4650153 0.2107574 0.2659574 0.4168285 0.2265416
0.3239664 0.2450421 0.1529842 0.8993537 0.986672
0.6517243 0.4924143 0.05492832 0.3655733 0.2963143
0.4559297 0.2033091 0.8585523 0.913292 0.292387
0.7597006 0.6271751 0.8158318 0.2451416 0.5536012
0.9305471 0.4944487 0.4314265 0.8826741 0.6617471
0.3164731 0.7640944 0.2501214 0.5831347 0.5094803
0.3483109 0.4924805 0.2167821 0.8892058 0.06484041
