0.142056 0.6611331 0.1892827 0.6564954 0.1918525
0.1146058 0.48766 0.05856772 0.5734243 0.4124249
0.2843276 0.8254244 0.7388546 0.7301351 0.1033205
0.2147059 0.6259716 0.4434729 0.8874681 0.3111521
0.9314052 0.3343739 0.5471973 0.2377413 0.8747375
0.975579 0.3449315 0.1937965 0.5824202 0.9182432
0.7936578 0.4379454 0.4729368 0.3590952 0.8110111
0.3546167 0.4832846 0.09037779 0.9081222 0.4122053
0.2435396 0.8522361 0.394384 0.7672007 0.2839649
0.7565656 0.6810356 0.2868632 0.5330002 0.02756384
0.01060588 0.1956972 0.393358 0.3839352 0.04576456
0.844453 0.8435371 0.9413122 0.4367804 0.9428251
0.6150553 0.5068757 0.9136086 0.8141211 0.7454189
0.1671214 0.2538062 0.2250341 0.6283335 0.2538069
0.6998661 0.9438702 0.8421257 0.4479239 0.0767118
0.9941894 0.09409309 0.1451707 0.2734077 0.4067694
0.441992 0.8471253 0.2161578 0.2595704 0.6579147
0.5490858 0.6525867 0.6858701 0.03919078 0.2107922
0.8154375 0.2279365 0.8204783 0.8414887 0.9146451
0.2161359 0.3308471 0.9895371 0.1795927 0.6847842
0.2028369 0.4450802 0.6610432 0.2214646 0.004108976
0.0338722 0.892837 0.9681607 0.1634737 0.6168456
0.3282233 0.8220377 0.8711368 0.568319 0.3100659
0.7445089 0.5587514 0.3215158 0.6809481 0.2352621
0.410626 0.152409 0.7347415 0.02725973 0.2076992
0.5419005 0.8992773 0.4293843 0.8566124 0.03245376
0.3498633 0.2447751 0.02588451 0.8116542 0.9213127
0.6633761 0.1500025 0.2513552 0.734784 0.7555669
0.05276261 0.2131425 0.3246925 0.5876896 0.4757489
0.8534303 0.3340573 0.3517174 0.6492594 0.8184389
0.489502 0.9040576 0.919682 0.2363781 0.5469232
0.6315965 0.2434528 0.4637523 0.8939975 0.6620244
0.5525567 0.2334584 0.9643261 0.1693753 0.09807848
0.3611455 0.8942144 0.5929067 0.5587539 0.627909
0.7125701 0.6374546 0.7963945 0.6253651 0.8152869
0.8545014 0.2652555 0.5696051 0.8006474 0.03883261
0.1968838 0.6606358 0.239019 0.686685 0.9260187
0.5659768 0.9387582 0.1438243 0.6665044 0.8417414
0.2367254 0.309994 0.07077527 0.2894609 0.6838947
0.09886692 0.4935008 0.3863516 0.102051 0.04549942
0.7048241 0.9365381 0.4411893 0.1258498 0.8039409
1 0.176037 0.8782525 0.2679121 0.605719
0.3472454 0.07119048 0.8548146 0.9700472 0.8656664
0.5450826 0.4188421 0.8077923 0.9781161 0.7425098
0.4988593 0.7322275 0.01352568 0.8730501 0.2038804
0.0407269 0.7718567 0.7489689 0.2685148 0.51393
0.08428941 0.9970939 0.4386529 0.5597376 0.02438458
0.6787002 0.7417093 0.5243919 0.6687158 0.09827453
0.448129 0.702086 0.6526706 0.5916619 0.7646493
0.6456034 0.8571414 0.225681 0.370752 0.4784821
0.8366458 0.8811165 0.9021917 0.9971677 0.9116379
0.1910015 0.4716285 0.2519766 0.6914132 0.9238601
0.01367329 0.9516282 0.07906868 0.9981226 0.871383
0.6061056 0.7351238 0.09960492 0.9142222 0.8131969
0.43317 0.6460674 0.3853514 0.2645224 0.5167454
0.330469 0.08094344 0.7251981 0.213243 0.07665045
0.4327726 0.05527611 0.4559482 0.2990936 0.1793838
0.6296815 0.3379538 0.9512545 0.5918084 0.300952
0.567173 0.4631427 0.3100625 0.9784165 0.4131947
0.1336125 0.6398012 0.7355307 0.01838215 0.6695813
0.803668 0.02117712 0.293611 0.9591773 0.8842859
0.685664 0.6684885 0.1983543 0.9458499 0.0182163
0.9229673 0.6571232 0.6146082 0.1740588 0.3219736
0.3665372 0.90159 0.5384979 0.5761939 0.1359749
0.2071833 0.4216685 0.4238319 0.7574348 0.2980533
0.8832296 0.3184558 0.7444334 0.405622 0.66233
0.08120793 0.100584 0.6469486 0.3126331 0.1042948
0.7461743 0.3749255 0.6526641 0.5965513 0.5198412
0.9809742 0.8705371 0.3575086 0.5752129 0.9586191
0.8638534 0.4434408 0.4543966 0.2815591 0.5894916
0.650376 0.7610937 0.4956967 0.4550025 0.4471179
0.7187769 0.5567431 0.864505 0.2838866 0.9844261
0.2487885 0.7175122 0.1410656 0.1555243 0.3211771
0.3416627 0.4524768 0.3328658 0.695936 0.714492
0.7009588 0.8885496 0.1824428 0.7640496 0.2144841
0.8026796 0.582883 0.5209032 0.3413459 0.694853
0.3271163 0.1838671 0.6638141 0.8113405 0.7487017
0.9911761 0.1201672 0.2303858 0.8566335 0.5980227
0.9007158 0.7328732 0.1947753 0.3136955 0.4848611
0.7258456 0.1066922 0.1656334 0.3260104 0.5632722
0.05702279 0.328005 0.2214713 0.5438814 0.648198
0.2095465 0.5541901 0.3332399 0.5655797 0.1618022
0.5525199 0.7088964 0.1328868 0.3273341 0.9911401
0.5344546 0.1427233 0.1282986 0.6036707 0.1137936
0.7393333 0.7868612 0.5616512 0.6520971 0.6729954
0.3672486 0.3164824 0.06298151 0.4702713 0.06224327
0.5653034 0.3364284 0.7249977 0.05905257 0.9588255
0.2580547 0.02601516 0.6722762 0.4537996 0.01997396
0.8419605 0.9730132 0.9830069 0.0307061 0.1820874
0.1851964 0.4557058 0.4516629 0.3340648 0.4346446
0.461274 0.6900771 0.4919403 0.6432737 0.4079836
0.26911 0.4491659 0.1023242 0.387651 0.2824924
0.04428023 0.6652796 0.252304 0.7737537 0.2519615
0.3022022 0.4376329 0.9223556 0.6872604 0.3756335
0.5706526 0.7894595 0.8494992 0.7593784 0.1629506
0.9182967 0.6877295 0.0931449 0.05969989 0.6315377
0.7062701 0.3068372 0.3859064 0.3830231 0.1293246
0.7649865 0.8095224 0.2250491 0.9846612 0.9123391
0.111235 0.02700712 0.9350974 0.8304981 0.3210302
0.1677314 0.02884508 0.02874038 0.8355757 0.2987602
0.5910768 0.8683843 0.4412589 0.03372655 0.1780747
0.9900211 0.5410829 0.6048014 0.3613886 0.2542102
0.1868719 0.3140556 0.1238295 0.01185516 0.6738415
0.8294226 0.9285759 0.6796424 0.9350218 0.966106
0.3568061 0.6647521 0.7603068 0.5160081 0.8398686
0.53533 0.5320729 0.6755534 0.5215849 0.9932497
0.2212986 0.520373 0.5584372 0.713117 0.5415676
0.3208321 0.05427378 0.5539446 0.5697374 0.5663341
0.9822239 0.3500647 0.4583377 0.8236812 0.6332131
0.232155 0.8751464 0.03795725 0.2921243 0.1931714
0.08386389 0.5447186 0.2115863 0.5295264 0.2113003
0.4529049 0.6161698 0.2229753 0.9889072 0.4159548
0.8347786 0.3523635 0.9094835 0.6605855 0.8262299
0.3758014 0.6746946 0.2360439 0.5926714 0.4013716
0.266251 0.001706256 0.6158392 0.4077862 0.4253795
0.1783565 0.788504 0.7094153 0.2656979 0.9165217
0.02624905 0.4652725 0.1043048 0.3756246 0.7956977
0.3151467 0.5854529 0.1526657 0.9279731 0.6404496
0.2426407 0.4884407 0.9083376 0.086916 0.6280832
0.2300346 0.2191735 0.3084912 0.9875642 0.8941897
0.2199933 0.01639904 0.8332951 0.8394892 0.9287354
0.7611867 0.4847138 0.520566 0.3410587 0.4522599
0.8201795 0.339642 0.5231617 0.7365287 0.04705584
0.4844877 0.1480256 0.8396356 0.1207395 0.9937392
0.290937 0.1311903 0.7017892 0.07705145 0.1136649
0.3826334 0.3330685 0.4702764 0.06518267 0.4758459
0.5670693 0.162813 0.7347206 0.336053 0.3926133
0.3956403 0.5656378 0.2710861 0.03110759 0.990046
0.3892284 0.9504516 0.7980019 0.6427903 0.009004612
0.6703355 0.619287 0.61233 0.3861122 0.9971919
0.2970789 0.3157375 0.446958 0.4356375 0.5986786
0.6606048 0.1247283 0.4180291 0.8730097 0.5543081
0.2221503 0.2809066 0.4956203 0.4285344 0.8013766
0.3862324 0.8560096 0.8743006 0.3394835 0.5191848
0.9599714 0.9928662 0.4623377 0.09541749 0.4684217
0.1321062 0.9065758 0.1267095 0.1264509 0.7802633
0.4657434 0.3692213 0.7430679 0.5102673 0.955315
0.8962356 0.1223063 0.8914523 0.934912 0.2222291
0.7385971 0.6213281 0.07602386 0.2940945 0.3380684
0.1066909 0.1225961 0.2191548 0.5477288 0.1195898
0.8739458 0.279644 0.3733108 0.249263 0.7738807
0.7647744 0.4583387 0.2378871 0.9043646 0.3319604
0.4277498 0.04793642 0.5076573 0.02986189 0.5510463
0.007404443 0.6572671 0.4213181 0.2880465 0.559213
0.8803774 0.5476748 0.7306557 0.9731676 0.7637623
0.6202517 0.185179 0.3073422 0.6676613 0.8089954
0.5869034 0.5511827 0.1310584 0.4334302 0.5118466
0.4859701 0.8938247 0.4698999 0.7336943 0.7065021
0.9521845 0.5399669 0.8652596 0.3612302 0.1518098
0.5177753 0.3210979 0.6753803 0.5312837 0.1644607
0.9992772 0.8185176 0.5413972 0.02049395 0.9858428
0.06509589 0.5985011 0.9906948 0.1656099 0.005965855
0.8861667 0.3987521 0.2893658 0.2132847 0.8338885
0.8000039 0.0227612 0.5401607 0.59294 0.5791164
0.6645169 0.3493952 0.005975831 0.9829836 0.4989378
0.6398862 0.1097654 0.5245756 0.6517 0.1175643
0.2161404 0.5809991 0.5782914 0.4295338 0.008541987
0.7150909 0.398461 0.839328 0.6423944 0.1430178
0.8754775 0.5822717 0.8429059 0.5930144 0.5024015
0.6660726 0.6564608 0.531107 0.5646977 0.7316122
0.3456594 0.5000813 0.1145911 0.1927044 0.6793876
0.831936 0.8234232 0.3658195 0.2326462 0.8512101
0.9621396 0.2949191 0.1839893 0.73259 0.5716046
0.8787148 0.5438721 0.5769336 0.4086115 0.7922774
0.3875638 0.5790109 0.1395485 0.2278231 0.2416007
0.552537 0.8014436 0.4653928 0.6520836 0.6599456
0.3829103 0.04125223 0.9788751 0.5481757 0.2294715
0.1061845 0.3189534 0.9766292 0.8924937 0.06304374
0.6260941 0.5751933 0.254176 0.3090249 0.3056254
0.259479 0.2125611 0.04526194 0.02317421 0.4484496
0.6876561 0.00603799 0.272779 0.8113511 0.2715705
0.1195264 0.2289534 0.2558053 0.6217776 0.6841526
0.3336022 0.9555112 0.6370365 0.2954247 0.8323935
0.3839358 0.586271 0.07292863 0.8987033 0.08695497
0.01329508 0.6712565 0.7394571 0.6184107 0.3486064
0.5087503 0.9637321 0.7770635 0.9439197 0.31175
0.9878538 0.05176431 0.576436 0.6360222 0.5577467
0.7690446 0.9182464 0.7182814 0.2054575 0.4722484
0.8758807 0.2248878 0.7130755 0.710726 0.1552716
0.9910146 0.2930922 0.8664071 0.1296262 0.6087275
0.09170284 0.3767553 0.8856066 0.6343661 0.1151965
0.9490235 0.09051809 0.07857835 0.9059361 0.02222215
0.7020373 0.01971639 0.4076412 0.324808 0.117085
0.8863961 0.227 0.5052133 0.3539939 0.09421074
0.5170991 0.4110497 0.3539189 0.7582897 0.4441506
0.8434011 0.4139273 0.01645283 0.173044 0.4096611
0.7759862 0.3727756 0.4259706 0.9476732 0.9355058
0.8721083 0.7163607 0.7782748 0.8006573 0.2945156
0.4153243 0.7337161 0.450387 0.8288455 0.2702405
0.5811168 0.9311669 0.1140938 0.5491626 0.8802948
0.04053589 0.0916438 0.8170171 0.05018296 0.7146213
0.7197175 0.09038473 0.02079567 0.3234871 0.6286658
0.2717309 0.1349688 0.4371964 0.3360179 0.2400688
0.2054595 0.7954244 0.4973005 0.6827328 0.6575512
0.907394 0.003227618 0.9126627 0.5946411 0.573892
0.8113654 0.2978505 0.1881451 0.9142252 0.6998493
0.9055312 0.5854362 0.6548389 0.8427259 0.5170411
0.7940987 0.9376367 0.5428874 0.52726 0.9635582
0.0533843 0.5108725 0.3551575 0.6195973 0.3310991
0.1557706 0.4484224 0.3350847 0.4863188 0.647905
0.1471536 0.2878185 0.09349665 0.01784457 0.1876064
0.04611502 0.8261392 0.804349 0.09682012 0.4636627
0.02299538 0.5687888 0.09234785 0.2076022 0.323332
0.4778354 0.8336858 0.0675878 0.07683117 0.04482594
0.0966688 0.1207554 0.9801828 0.570256 0.6914717
0.9253417 0.5330647 0.9788148 0.7122128 0.6036479
0.8605946 0.607996 0.8996557 0.4956775 0.6531568
0.8137715 0.610431 0.661261 0.3251422 0.009161765
0.1999937 0.4180403 0.6414501 0.1558165 0.9200017
0.1559104 0.08072654 0.5181067 0.7339855 0.2889542
0.4188048 0.472133 0.1256784 0.9050698 0.231702
0.6699688 0.7354404 0.4499299 0.7008333 0.8300004
0.1101576 0.2655791 0.8811021 0.5567918 0.6726387
0.1886929 0.911305 0.6345239 0.8498286 0.1861084
0.9435117 0.4777587 0.7641588 0.05963107 0.5279733
0.980494 0.4248827 0.9146624 0.9939596 0.1178606
0.9716486 0.5070254 0.05829193 0.7523687 0.4883077
0.2219668 0.3487624 0.1943348 0.579628 0.2934381
0.2687347 0.03837726 0.6080498 0.8656667 0.5980997
0.9999975 0.3167515 0.1350005 0.5874283 0.1500856
0.7875852 0.5447239 0.9601747 0.6328066 0.3032159
0.9397967 0.7370997 0.3205987 0.8825527 0.01328244
0.5901139 0.5584265 0.9656601 0.405176 0.03002863
0.652526 0.8138955 0.5813354 0.2027251 0.9243135
0.7525958 0.3042702 0.9190891 0.8754143 0.3742387
0.8448681 0.4769305 0.1868799 0.8920844 0.55545
0.439905 0.2837324 0.2374196 0.6469006 0.06078525
0.6614744 0.9545236 0.1311065 0.9702859 0.5243737
0.4950623 0.8765398 0.3492042 0.718579 0.5292541
0.8539193 0.8824353 0.2286157 0.4207447 0.7122745
0.07643794 0.2966292 0.1868379 0.3693729 0.5606123
0.3595783 0.850188 0.2664752 0.1780086 0.04573234
0.7670419 0.5291743 0.8335965 0.4022805 0.7170921
0.5562344 0.9963515 0.1059406 0.397367 0
0.2939626 0.8777107 0.8972787 0.8791163 0.9292022
0.9230611 0.483784 0.7326289 0.9245376 0.09681694
0.1198285 0.2099274 0.1976449 0.2579184 0.9360337
0.5533397 0.9454754 0.2664473 0.05515602 0.4965234
0.6035552 0.4552349 0.1757967 0.7292982 0.3146205
0.2711156 0.6383837 0.8490682 0.7140209 0.9910171
0.3223646 0.817635 0.01687416 0.4483193 0.9458159
0.6951867 0.3164521 0.6122136 0.01052395 0.3466975
0.2306809 0.5066042 0.82337 0.7751169 0.9598137
0.7324465 0.5896486 0.9766556 0.1348715 0.9056476
0.7536544 0.4507375 0.7969663 0.4733941 0.9532074
0.3772201 0.8275459 0.4523609 0.3757265 0.4205752
0.7399864 0.4353303 0.04270329 0.7742142 0.6978392
0.5690722 0.3492092 0.9273207 0.3434916 0.2208997
0.4214829 0.1385312 0.7682963 0.7114307 0.8403354
0.4953419 0.4596859 0.310503 0.1788043 0.09678621
