0.319319 0.4303183 0.4606792 0.7757166 0.7557352
0.1901728 0.5660409 0.217863 0.9212895 0.5629565
0.7986583 0.2357991 0.5601888 0.8307015 0.8167907
0.6273164 0.7509608 0.5859062 0.8799421 0.7187759
0.3715275 0.8405405 0.4009884 0.8970311 0.2571035
0.9263817 0.1395746 0.715091 0.4053442 0.5028109
0.5384726 0.635134 0.7250113 0.9876905 0.952794
0.09128983 0.1732117 0.265224 0.572149 0.1111489
0.1582761 0.9873327 0.5552313 0.03369411 0.0241623
0.4480915 0.3192069 0.1697441 0.8155686 0.5491528
0.124889 0.3403044 0.1112057 0.7160556 0.4475044
0.05641586 0.008707065 0.272367 0.4017745 0.1936622
0.531367 0.4152084 0.107729 0.5741508 0.76852
0.8937635 0.2359106 0.9433473 0.8505562 0.4290587
0.01380009 0.6284973 0.8235365 0.4818042 0.7638949
0.8644563 0.8238903 0.03323388 0.8601837 0.8833557
0.9572191 0.5995135 0.2786506 0.7656872 0.6333555
0.6370573 0.5800364 0.6777927 0.6905716 0.3909029
0.3724133 0.2492056 0.4400146 0.0285739 0.9161859
0.4798083 0.8831924 0.8036083 0.8709999 0.9357237
0.8532866 0.3822798 0.09520658 0.3527391 0.796035
0.03821962 0.2685255 0.1024931 0.971764 0.08065206
0.112738 0.6703878 0.460649 0.2387294 0.1486176
0.3865772 0.3377316 0.7111633 0.9964525 0.7383513
0.7161514 0.1063648 0.4472289 0.8330345 0.9485274
0.07771484 0.1549604 0.3569502 0.4154963 0.980693
0.2359477 0.4378232 0.9523004 0.6819945 0.07046404
0.2354178 0.3254136 0.7548437 0.1320509 0.7266692
0.09983115 0.6222508 0.8499215 0.257685 0.1898311
0.1963846 0.853937 0.3858885 0.2733587 0.5057422
0.3837288 0.1690628 0.9503588 0.672685 0.04869744
0.5326327 0.1681891 0.491815 0.6373732 0.2673622
0.1463584 0.1538348 0.3748998 0.7168435 0.6373302
0.2313474 0.8524887 0.07732804 0.01771784 0.3591465
0.3290988 0.456981 0.2621714 0.09857689 0.1572175
0.2857551 0.04638398 0.8445611 0.6865541 0.1726753
0.5610118 0.6162693 0.4068341 0.6133357 0.836367
0.236214 0.7440823 0.5380587 0.1421931 0.1285152
0.2755226 0.9701826 0.28802 0.7447092 0.03752608
0.6777318 0.6605277 0.2165436 0.2265446 0.2144051
0.0834002 0.09515894 0.1252263 0.7915015 0.1563035
0.3951356 0.9179902 0.382715 0.61503 0.6788567
0.2906013 0.07121743 0.3665513 0.713939 0.134691
0.4522359 0.8762828 0.8612734 0.8994849 0.2470679
0.3612717 0.6102439 0.1384992 0.5258995 0.6779189
0.6782211 0.3369593 0.3301754 0.912175 0.4037737
0.3269495 0.5297273 0.3029177 0.5589385 0.8248955
0.6184623 0.591883 0.4490081 0.3185263 0.3378408
0.5503668 0.7241652 0.3921715 0.3491453 0.5841482
0.8636311 0.5878138 0.2317089 0.3286041 0.2050509
0.8910885 0.5626063 0.4575942 0.9363346 0.3728733
0.06148028 0.188568 0.332301 0.604746 0.1414221
0.4079167 0.08424847 0.4330002 0.004801304 0.9627763
0.2611364 0.3515694 0.2876638 0.8177151 0.7873946
0.01362377 0.7569444 0.330703 0.6026932 0.3563632
0.3627249 0.6141378 0.8483903 0.6269434 0.9424913
0.8693423 0.1582089 0.4319599 0.3561416 0.977203
0.2404761 0.8455539 0.9774171 0.5734735 0.6394076
0.4425712 0.7910696 0.1687109 0.6924733 0.8283041
0.6962535 0.7748826 0.9278038 0.6296688 0.1316265
0.4783594 0.3362862 0.3996039 0.4707281 0.5324338
0.02274683 0.9428742 0.8822646 0.02744425 0.9049359
0.851083 0.1788886 0.5531426 0.3560082 0.2536315
0.1625655 0.4654836 0.323237 0.8227384 0.8257575
0.2308556 0.8411372 0.9970582 0.08029336 0.8322908
0.7448749 0.2981231 0.01919074 0.151256 0.5206091
0.4748947 0.7194612 0.5868934 0.4518589 0.3266163
0.5839274 0.4211191 0.5360681 0.1905718 0.04414679
0.7380084 0.6630951 0.7342761 0.5671442 0.6909132
0.9695919 0.9610555 0.04857822 0.07926162 0.3909861
0.8971194 0.02328971 0.1512751 0.5093728 0.868439
0.4629145 0.1088656 0.5420555 0.6329219 0.2035331
0.4167602 0.1671412 0.8300868 0.9160794 0.7634166
0.01745911 0.4784034 0.8591891 0.113677 0.1962661
0.624705 0.8534638 1 0.250107 0.4689572
0.5651192 0.7186143 0.01230666 0.06832415 0.05576246
0.7731987 0.480155 0.771184 0.03924123 0.2024563
0.09561018 0.5719336 0.6397844 0.8952448 0.9529992
0.7575965 0.09096036 0.7571581 0.3928182 0.2227501
0.6335668 0.4300253 0.04564644 0.4796585 0.07940533
0.3290694 0.06881086 0.3235504 0.872362 0.3110968
0.0789847 0.1689774 0.1826893 0.5993042 0.1019758
0.02717691 0.1097876 0.1907708 0.1327953 0.8202399
0.3913203 0.9103161 0.2633696 0.314882 0.3481168
0.05395903 0.1564898 0.2394069 0.7737715 0.005330106
0.6196029 0.5075513 0.1854002 0.6259963 0.2461096
0.05107698 0.3258797 0.5927596 0.4973366 0.6489541
0.3381284 0.1389793 0.2035811 0.4812463 0.5495712
0.8724752 0.7234123 0.5525144 0.02183595 0.583675
0.0333359 0.3222676 0.7364058 0.8492879 0.5606905
0.6855816 0.8375469 0.298898 0.2897414 0.5553501
0.3637686 0.7136853 0.5693579 0.5444433 0.8032245
0.1791002 0.008180036 0.8032291 0.5645036 0.707251
0.3241417 0.5520996 0.250792 0.7310353 0.981487
0.9749941 0.9821011 0.1923572 0.1049151 0.2175153
0.07573829 0.3788952 0.724878 0.6573429 0.5772467
0.3052583 0.2208177 0.479325 0.5249558 0.7662696
0.09678808 0.09866186 0.8638282 0.759595 0.7730639
0.6934792 0.1213735 0.1181592 0.7952279 0.6144649
0.8237167 0.5255438 0.8932537 0.489211 0.7932565
0.3382088 0.8544271 0.9703151 0.681376 0.07262478
0.2375249 0.8142537 0.2363211 0.8876499 0.816807
0.6833321 0.09683888 0.1997543 0.5748022 0.5851175
0.1543061 0.7445245 0.3630686 0.4161543 0.97744
0.08155311 0.1088275 0.1461439 0.4795747 0.5570994
0.6787264 0.2918216 0.4049313 0.9947374 0.7271652
0.2390285 0.03750657 0.3992082 0.4574271 0.04347487
0.2765792 0.2770015 0.02278734 0.6155227 0.7304782
0.5462627 0.8685251 0.7301997 0.3204925 0.09058996
0.7551318 0.4282497 0.1513679 0.3878997 0.4021777
0.5341704 0.1358021 0.3370477 0.8840283 0.3098661
0.5334569 0.0531184 0.7344104 0.7499232 0.9948122
0.7872518 0.4616952 0.04312787 0.3064296 0.7930177
0.03313143 0.8489657 0.6000479 0.1670757 0.3002189
0.6777779 0.6722331 0.5845654 0.165241 0.5982876
0.4126938 0.4911979 0.4841 0.639118 0.9679132
0.805223 0.4773534 0.9605144 0.2616756 0.6999469
0.1918927 0.9234373 0.1677329 0.3028078 0.9004742
0.5742853 0.5897381 0.8933559 0.7888605 0.9733628
0.1453018 0.8011683 0.01784658 0.94334 0.9047877
0.7114732 0.8991025 0.7452421 0.8758719 0.8307981
0.9000841 0.2014837 0.5919497 0.1204671 0.2774106
0.6736302 0.328105 0.8305988 0.9302717 0.9651759
0.5471601 0.8624958 0.9911043 0.5471846 0.3412028
0.6033334 0.01530889 0.07590195 0.3215533 0.9093183
0.2776388 0.4360495 0.9387655 0.9596247 0.5790136
0.3991269 0.9980099 0.6701035 0.127597 0.5293626
0.0408301 0 0.6077108 0.2330335 0.3299382
0.5588178 0.1256295 0.5798343 0.3245569 0.9808075
0.9258615 0.468972 0.8519115 0.6477033 0.06629109
0.374675 0.006947785 0.1129121 0.05484987 0.3400212
0.3714734 0.6272513 0.1539663 0.5509376 0.9819334
0.8385577 0.4152378 0.7567393 0.2013343 0.08415765
0.4680666 0.7046985 0.1077171 0.007930363 0.1308218
0.8167103 0.3069728 0.7699142 0.5546117 0.6001966
0.2982608 0.2072403 0.9537308 0.7903522 0.1049865
0.6248829 0.5309662 0.4410232 0.6904304 0.2267664
0.03920134 0.0688171 0.2229121 0.685018 0.7182287
0.9676945 0.8095638 0.2380992 0.3453442 0.8806107
0.03346584 0.8691553 0.2751343 0.2920326 0.7696074
0.1801443 0.3077155 0.9083287 0.9485682 0.5406861
0.2472956 0.1949018 0.9822806 0.6876981 0.7640527
0.0886806 0.2599301 0.6060953 0.1799549 0.4192408
0.058388 0.8980144 0.7344574 0.7110864 0.2394628
0.03330613 0.5807772 0.6360492 0.416056 0.6774303
0.6986083 0.533283 0.4794896 0.9578293 0.2835442
0.8988962 0.2100393 0.9113382 0.1123422 0.02193706
0.4332843 0.9982461 0.4659485 0.5988754 0.3122164
0.6614666 0.8602246 0.705275 0.09138467 0.08846592
0.06420902 0.9127524 0.3784221 0.5768747 0.2626092
0.7110333 0.7753016 0.5089441 0.02991907 0.3503028
0.8064368 0.893856 0.6596462 0.9740106 0.2531836
0.402668 0.6268669 0.899038 0.001891573 0.8419639
0.8637461 0.8251624 0.08167071 0.7920853 0.6748686
0.9362606 0.9497899 0.5628897 0.6805254 0.439569
0.7522881 0.4900699 0.3893983 0.1831053 0.9717309
0.8219886 0.9626119 0.8802244 0.961207 0.4094639
0.838085 0.6883092 0.7351656 0.2542386 0.8756103
0.03188978 0.2606972 0.233917 0.1316154 0.3828729
0.06324964 0.07537654 0.2651019 0.2537554 0.898137
0.9395543 0.2685493 0.8879505 0.8707621 0.5858009
0.661799 0.8343721 0.3963859 0.6574685 0.6314735
0.6794953 0.2483005 0.8134362 0.2955303 0.08716141
0.4964179 0.8133142 0.7189804 0.7873387 0.9607553
0.6278272 0.943477 0.2222542 0.7899821 0.2004717
0.6049877 0.5865197 0.6033958 0.4681693 0.736568
0.5658564 0.570286 0.02966684 0.8671106 0.764704
0.5742075 0.4178717 0.09272114 0.5706425 0.3473876
0.9333743 0.7713154 0.7733005 0.7263955 0.4965785
0.05132357 0.4543804 0.06659008 0.3744353 0.3010586
0.3556107 0.9861668 0.9081603 0.7097362 0.8902129
0.2593533 0.673977 0.6569939 0.9601079 0.7150616
0.8398528 0.9013135 0.4904765 0.6716011 0.2910859
0.6382415 0.08988696 0.1555139 0.8624666 0.414539
0.170763 0.3518844 0.01191681 0.2040155 0.6777651
0.3351574 0.8502455 0.9665969 0.8446009 0.03949102
0.9091558 0.7862944 0.7366294 0.5081683 0.2640353
0.2236393 0.4129497 0.0821814 0.094215 0.1758541
0.3691187 0.009928033 0.316913 0.6596062 0.683996
0.9903173 0.5485496 0.2798924 0.4589493 0.4355572
0.7960085 0.113695 0.08219393 0.8709571 0.7374088
0.3991343 0.1771244 0.7425507 0.2410705 0.5816791
0.7482441 0.8266852 0.6282062 0.7426225 0.240175
0.2178995 0.8271537 0.1928077 0.8511413 0.6869473
0.816007 0.2090575 0.209489 0.2242584 0.7446034
0.899416 0.5455633 0.7781611 0.5352329 0.03931649
0.4210192 0.8783831 0.8051046 0.1220156 0.8474322
0.9986961 0.6784546 0.6211475 0.09717347 0.2061699
0.5015797 0.1690927 0.4134542 0.867397 0.8052126
0.4554568 0.1803978 0.7313824 0.5613148 0.5575118
0.9990363 0.5857976 0.912098 0.6341502 0.3398393
0.8920134 0.5079074 0.4015028 0.9114227 0.2944478
0.7245901 0.8427742 0.9698651 0.08828942 0.2917802
0.1569373 0.392692 0.1076352 0.7627742 0.3224071
0.1669427 0.7842092 0.6946511 0.6213556 0.6614025
0.4278189 0.6849452 0.2204666 0.5610182 0.00918439
0.01393439 0.9496534 0.1981585 0.7027972 0.2368919
0.9873508 0.04238233 0.06150565 0.589815 0.8111474
0.5451663 0.7001272 0.4511844 0.4386303 0.2360965
0.6024342 0.5202417 0.2687187 0.8125085 0.783321
0.3506252 0.1219914 0.2545133 0.2444284 0.3473512
0.4918171 0.3660123 0.08008296 0.6090114 0.5436825
0.2524598 0.2191148 0.345381 0.6721408 0.2894242
0.7597951 0.5798058 0.6906176 0.3852725 0.5060422
0.06889362 0.358652 0.8119478 0.01107328 0.1702328
0.6025266 0.9262121 0.7002495 0.3958124 0.4574946
0.9494733 0.8948421 0.0552151 0.1853176 0.3037686
0.0737977 0.1724669 0.786676 0.6270983 0.6459398
0.3110608 0.6463272 0.5915944 0.3609897 0.5849834
0.8190517 0.3169095 0.7129388 0.2658179 0.4997658
0.7104329 0.1083375 0.9939852 0.3232284 0.500435
0.6291974 0.6119665 0.9029858 0.1710012 0.3169482
0.8661303 0.9902279 0.7791477 0.6523431 0.4736395
0.3388515 0.656913 0.3733644 0.4533599 0.7570907
0.1650684 0.05502088 0.8743963 0.6341613 0.7391234
0.2102509 0.2707166 0.03776885 0.8707686 0.2388399
0.3450233 0.9350736 0.881746 0.6710945 0.8847896
0.3879953 0.9721207 0.7973406 0.8818484 0.1709548
0.9763796 0.2382286 0.8800032 0.9917087 0.3037949
0.6855192 0.4775171 0.4225697 0.7324031 0.6023299
0.4898035 0.9166787 0.9645158 0.2977353 0.9112814
0.2570401 0.5106358 0.9001286 0.5719162 0.314619
0.8292984 0.9909146 0.2703813 0.4941836 0.745023
0.04569927 0.6711594 0.530904 0.9995784 0.153278
0.1443994 0.9066482 0.01300261 0.5631855 0.3188503
0.2732478 0.231133 0.5293442 0.001155794 0.3780601
0.4377811 0.4046249 0.6928094 0.7288684 0.6974955
0.8833545 0.05720663 0.437912 0.2876419 0.6826143
0.07556351 0.272545 0.7928051 0.3157826 0.9448589
0.8494848 0.2682832 0.3662003 0.2019256 0.9831282
0.5698136 0.2374335 0.2688478 0.8555871 0.2814027
0.2141946 0.3556647 0.8588344 0.435503 0.1361812
0.01920914 0.6145424 0.1648643 0.7520951 0.5483825
0.748874 0.4969128 0.9062924 0.1070854 0.3590461
0.1714464 0.1407488 0.6956783 0.5614642 0.3344557
0.0260133 0.9785193 0.5193608 0.5055763 0.07052351
0.8341937 0.282591 0.3159223 0.1891531 0.3508122
0.5634617 0.07797313 0.3050105 0.4857202 0.05167813
0.15208 0.6011933 0.5637723 0.4339591 0.8062279
0.2653185 0.3003664 0.2835334 0.163893 0.7293273
0.3423678 0.05493446 0.7285494 0.8138 0.3242284
0.1102694 0.5218198 0.5309623 0.4447474 0.7234641
0.9702073 0.4589806 0.5953188 0.783932 0.08830199
0.3618883 0.6006074 0.5214339 0.7508098 0.237405
0.8307642 0.7139865 0.2318072 0.4695166 0.4936516
0.8137146 0.1704255 0.3792531 0.03187747 0.9371729
0.4233083 0.0923095 0.6229465 0.08579523 0.6734884
0.9712724 0.87457 0.5538449 0.2595038 0.285977
0.3497759 0.03364169 0.8599421 0.2635538 0.985648
0.8684088 0.03181937 0.3192515 0.08978412 0.5440124
