0.652001 0.5048246 0.1492583 0.479972 0.6636866
0.3870297 0.5973731 0.05802463 0.9413047 0.3976671
0.8194683 0.4261632 0.2975005 0.613208 0.806146
0.5841964 0.4905543 0.5795721 0.7913796 0.7782466
0.8106153 0.8611185 0.4624231 0.5165033 0.5987954
0.7257212 0.1670466 0.7548663 0.5597459 0.03767348
0.2915831 0.1574007 0.6122483 0.4699886 0.7621725
0.9685322 0.5679996 0.865281 0.7601836 0.4205369
0.763828 0.6163023 0.07786938 0.1352312 0.5342818
0.9888593 0.172585 0.7782269 0.2532213 0.07224288
0.4244792 0.735461 0.1347769 0.9539732 0.2913678
0.5437029 0.5473039 0.7338914 0.4862595 0.3314937
0.257626 0.8169215 0.9035767 0.04296363 0.8615098
0.7036447 0.05251074 0.5184688 0.1856017 0.2225691
0.1375692 0.4161101 0.3595195 0.8886659 0.7465643
0.106941 0.6244177 0.943837 0.01979358 0.4342833
0.8171299 0.285186 0.392008 0.1257583 0.3916988
0.2450656 0.4764244 0.02748331 0.00937443 0.9620586
0.9244458 0.04780624 0.4767072 0.153511 0.366287
0.7863992 0.5479284 0.6273374 0.2602524 0.5823684
0.5063918 0.08864254 0.5959852 0.497603 0.01810832
0.993098 0.5030481 0.1579206 0.5684282 0.02814922
0.7208712 0.9017018 0.6646397 0.978233 0.9688475
0.6544501 0.994616 0.7510256 0.2943477 0.6969231
0.6535445 0.2451988 0.8031973 0.09578694 0.34001
0.8938021 0.6976204 0.2401474 0.4468223 0.2037691
0.4636825 0.8470673 0.674801 0.6698442 0.6388942
0.005213629 0.8316145 0.5047334 0.387561 0.4740104
0.9385494 0.9171362 0.6923078 0.01582094 0.2615276
0.7266976 0.7017106 0.4729458 0.1836556 0.716986
0.1556414 0.9684825 0.7907454 0.7787119 0.8155639
0.8957186 0.9261877 0.1080622 0.4568758 0.3649454
0.4469971 0.3050516 0.8251071 0.5784458 0.08449072
0.102355 0.4381237 0.6934003 0.4066072 0.05569688
0.4298363 0.9135406 0.4822982 0.4842678 0.01986325
0.1768756 0.5142205 0.4563964 0.9077044 0.5932066
0.2378673 0.6789096 0.2425832 0.7678912 0.3606734
0.4590287 0.1741974 0.3953173 0.3107443 0.3387344
0.748699 0.219633 0.1807878 0.9960675 0.6924627
0.1433105 0.5826444 0.3668517 0.06806581 0.7294124
0.1666779 0.863972 0.346665 0.602597 0.8837083
0.7540159 0.01074516 0.6525471 0.2329866 0.7253189
0.05990504 0.8358413 0.1928373 0.4657631 0.8248117
0.6772452 0.1196863 0.8685142 0.9064478 0.5203767
0.6171896 0.8165 0.2483001 0.4345087 0.3481939
0.8719669 0.1336093 0.1004989 0.9486459 0.1203255
0.5903428 0.01279156 0.718558 0.9863826 0.2696596
0.4994061 0.5336687 0.762047 0.4185175 0.4900337
0.8646848 0.3421296 0.6542859 0.4389997 0.4745815
0.5559132 0.3170417 0.1697565 0.3862289 0.1986203
0.9583907 0.5157545 0.4384465 0.1650422 0.8804902
0.4810898 0.9842815 0.1707724 0.5228715 0.7622574
0.1306614 0.0836716 0.2986234 0.4107761 0.8801929
0.7710759 0.601197 0.06053673 0.1053261 0.7129807
0.7072603 0.457546 0.3951495 0.1117353 0.7767282
0.2923911 0.7626387 0.6703094 0.2432502 0.1410544
0.5188684 0.5458918 0.7153339 0.05497337 0.08407135
0.1954899 0.9514308 0.6715985 0.9554671 0.9371924
0.134226 0.02836273 0.8081913 0.7341766 0.5307029
0.856774 0.6751508 0.4628027 0.00443063 0.5451514
0.4324347 0.7324654 0.9859389 0.7462254 0.4446239
0.4791185 0.9290935 0.6465317 0.1186509 0.05723889
0.7196042 0.6825908 0.6500587 0.162802 0.8868839
0.9392927 0.5441996 0.6657755 0.9359121 0.4746738
0.3335653 0.1675661 0.3665685 0.2221411 0.1690409
0.3160284 0.17724 0.6930613 0.8788393 0.01696708
0.9505719 0.3630461 0.7650048 0.9219621 0.1413012
0.9762767 0.07695851 0.2218684 0.3251414 0.640307
0.45279 0.7302335 0.5589777 0.8521205 0.02868996
0.07014639 0.8884674 0.5306175 0.1529223 0.0779426
0.8521187 0.9421226 0.1357006 0.7235452 0.8188371
0.2331345 0.8049914 0.3556074 0.4446359 0.3800115
0.817121 0.830422 0.597367 0.9646574 0.6132959
0.2559661 0.4878377 0.7790704 0.540046 0.2004191
0.2648966 0.7065298 0.3980133 0.2349181 0.1256838
0.128314 0.4612282 0.8344434 0.8253742 0.640089
0.9259755 0.4646881 0.3129257 0.4174814 0.2550721
0.04802188 0.8651396 0.6570683 0.9640424 0.4387876
0.02534581 0.1064031 0.5139444 0.4106756 0.09550226
0.5463831 0.06056722 0.722457 0.3439497 0.1363163
0.5401853 0.7004975 0.3642114 0.3919784 0.9655055
0.1750566 0.3689702 0.980824 0.1161518 0.084706
0.9481889 0.6434605 0.1307896 0.2811229 0.3017569
0.8785736 0.1889629 0.5929432 0.07359842 0.3486951
0.5064351 0.8626061 0.2878622 0.3152785 0.4789003
0.8219108 0.4990552 0.1134764 0.04951352 0.8619976
0.159264 0.7202617 0.2582686 0.6816395 0.5499959
0.4988643 0.6340497 0.2441842 0.711473 0.5597334
0.2732874 0.381407 0.3909674 0.4547494 0.5088197
0.5844363 0.05148175 0.3243017 0.9093121 0.1229634
0.4634976 0.03145478 0.05670344 0.4663175 0.6155044
0.1242031 0.6454819 0.5100066 0.5415666 0.1301711
0.9807908 0.6969892 0.7803601 0.6862464 0.1963242
0.8495435 0.4132922 0.3976997 0.01032794 0.3614409
0.327349 0.2131064 0.9819134 0.2303912 0.5034009
0.9144744 0.1852845 0.0854593 0.230466 0.2674496
0.9894232 0.6662194 0.518789 0.261549 0.3263689
0.7273274 0.0706124 0.8043099 0.7121125 0.03940106
0.402454 0.3571113 0.735533 0.9311832 0.6316665
0.4950641 0.7805664 0.1299658 0.2047497 0.7953577
0.2637645 0.2481306 0.6421683 0.38912 0.5146998
0.8658681 0.4282367 0.2734001 0.6465896 0.5294764
0.4442151 0.8974974 0.2487998 0.7269802 0.8849057
0.727277 0.5563054 0.3545061 0.8763749 0.1011151
0.0956522 0.9642125 0.1284547 0.1358967 0.8945646
0.9471727 0.127536 0.3452853 0.2472374 0.786957
0.5431916 0.3080384 0.4377353 0.1205705 0.4221195
0.6627083 0.7579318 0.7764459 0.9390996 0.9452171
0.3868031 0.612367 0.9832709 0.1901476 0.2302681
0.6992264 0.1221674 0.2225297 0.9886981 0.4249645
0.2903874 0.5903217 0.4767063 0.07011157 0.5685577
0.1158143 0.9178563 0.7496794 0.5028254 0.9245989
0.888708 0.1556506 0.02799432 0.4583421 0.4286414
0.9700025 0.5264644 0.8869702 0.1442039 0.3615835
0.9429602 0.5868838 0.6839415 0.3572616 0.378195
0.4280971 0.1994839 0.1059328 0.4766215 0.06066469
0.4161981 0.09711966 0.672883 0.1370065 0.398778
0.8455556 0.2895993 0.7488833 0.3557366 0.1685642
0.8549281 0.01071086 0.1317671 0.863464 0.8163184
0.0465198 0.07876186 0.4410962 0.396259 0.6292981
0.9081643 0.3247674 0.9453615 0.1351911 0.6648122
0.04827134 0.3522628 0.6795444 0.9445183 0.8084081
0.7222943 0.4113065 0.008575539 0.9829064 0.736444
0.7546229 0.9566502 0.9543864 0.1626998 0.2929794
0.7645619 0.2457496 0.6892393 0.5966911 0.3724172
0.4006103 0.9900138 0.270073 0.5217646 0.5789761
0.2109564 0.7827036 0.378462 0.1970016 0.3127918
0.2224339 0.7496467 0.6527332 0.8695268 0.05401297
0.5559374 0.8288454 0.4569029 0.06486185 0.542823
0.4532305 0.9990666 0.2872761 0.3165982 0.8951266
0.6267789 0.5091423 0.166122 0.7156969 0.358918
0.5224796 0.5113406 0.5867602 0.8069667 0.4661411
0.05060257 0.1866089 0.4035142 0.2478366 0.1422209
0.4140721 0.2406191 0.1418219 0.1895064 0.703836
0.007388052 0.1420189 0.2889999 0.4370969 0.3556918
0.84746 0.8824302 0.2334273 0.7518923 0.2836003
0.9107925 0.1713113 0.8385576 0.8176828 0.9400834
0.6441982 0.1228495 0.0427021 0.624938 0.8113717
0.165876 0.9852696 0.2715579 0.4008249 0.7243052
0.6359674 0.8910036 0.1635799 0.1348911 0.4893372
0.3720214 0.1375698 0.7105734 0.7346439 0.5544705
0.6360328 0.10594 0.01391903 0.8523115 0.236574
0.1631689 0.2673408 0.545563 0.01533511 0.6672241
0.03739923 0.5288342 0.6111766 0.3191107 0.07851063
0.8605685 0.7396641 0.9525156 0.9318764 0.2007549
0.8388099 0.4077605 0.02048468 0.95977 0.7481329
0.8025308 0.4059366 0.2663903 0.6955943 0.4111607
0.8762609 0.1502646 0.3840214 0.9450856 0.975792
0.4947055 0.4748825 0.8833207 0.9965453 0.3267986
0.6445279 0.2328164 0.9770108 0.6332589 0.3072806
0.4036386 0.4089909 0.4035565 0.9581 0.05034906
0.8079935 0.4954483 0.02046908 0.7458585 0.316426
0.7758812 0.5582359 0.7430454 0.1553688 0.505517
0.05747203 0.2843866 0.007960926 0.6418062 0.4473882
0.8409066 0.6335048 0.9299585 0.7630707 0.05767681
0.3187374 0.1947106 0.02036837 0.8381828 0.003800704
0.7449646 0.9572554 0.7316652 0.005324411 0.6975394
0.6567347 0.7153556 0.2287773 0.281043 0.06361823
0.09311969 0.4122494 0.7909261 0.1739523 0.8924837
0.9355126 0.5140513 0.2794473 0.8111886 0.4867688
0.8912919 0.2210533 0.5879314 0.6161791 0.5357484
0.4875249 0.3911248 0.6532886 0.9765016 0.2052207
0.08613334 0.1731505 0.3882633 0.2115114 0.8144972
0.5004388 0.3356075 0.2434579 0.7668306 0.5049893
0.2046537 0.1915069 0.3227772 0.3508871 0.8745731
0.7785038 0.2415458 0.7411534 0.5885453 0.1219812
0.9920602 0.7033309 0.4720302 0.2003712 0.9083081
0.2988131 0.7526332 0.6613971 0.7271344 0.1272803
0.6721231 0.1263676 0.5674534 0.1571679 0.6202344
0.6553377 0.03322801 0.6439617 0.3861436 0.4237428
0.9769462 0.04650142 0.9846894 0.3104544 0.6912699
0.781227 0.9044996 0.3817761 0.9119396 0.7560549
0.3385541 0.8344437 0.4142783 0.7683753 0.3325658
0.8518371 0.01809342 0.4677521 0.3945532 0.8859159
0.7791578 0.7677992 0.9547198 0.6345917 0.468754
0.9227112 0.5711162 0.4276384 0.1683737 0.2906352
0.154513 0.1518438 0.04397127 0.03664773 0.5888375
0.5280916 0.6025741 0.4859619 0.7387863 0.3215526
0.6720199 0.2837604 0.8189039 0.9079141 0.2068553
0.6186518 0.3082101 0.7429904 0.2458426 0.6115051
0.4688573 0.5963724 0.8323162 0.0113946 0.4470642
0.8387907 0.5115049 0.08257269 0.6825146 0.4844138
0.5067372 0.5100166 0.6458898 0.1445926 0.9020245
0.7540687 0.1965319 0.6144886 0.03861321 0.5720063
0.9898022 0.7421568 0.07966559 0.3657192 0.7134072
0.4277504 0.7674579 0.7131913 0.7108201 0.498869
0.02850175 0.330006 0.6465002 0.8539337 0.2280927
0.3256585 0.4913573 0.5469493 0.05683343 0.7745082
0.7702277 0.2411606 0.3606704 0.08855392 0.7012286
0.8096675 0.1705179 0.7769148 0.5243075 0.8855426
0.3343875 0.1909477 0.491821 0.3109193 0.02564384
0.7378575 0.08560464 0.5091692 0.1708693 0.9485508
0.004101209 0.5359366 0.8428855 0 0.2523147
0.6379931 0.2861464 0.1220041 0.7232467 0.32866
0.2488204 0.8284666 0.04468533 0.2042683 0.7140789
0.2697418 0.3307249 0.6213138 0.2788059 0.2189881
0.7042661 0.2332525 0.2004443 0.4386691 0.217813
0.5009802 0.2959827 0.001306709 0.4684933 0.2946292
0.1674334 0.1257988 0.9682376 0.3827747 0.9118666
0.5967078 0.3071728 0.8897828 0.2399824 0.2017801
0.3064816 0.7080961 0.2886921 0.2034763 0.4727775
0.8044758 0.4500595 0.9764683 0.8592694 0.4576342
0.6397123 0.8875376 0.5655394 0.08395427 0.7778598
0.6997448 0.02585206 0.3173761 0.6185983 0.03103941
0.19218 0.7920935 0.5730526 0.8202671 0.9112786
0.5489069 0.2345726 0.1833587 0.9376443 0.02546385
0.8434905 0.3881548 0.7512521 0.7776894 0.07322764
0.9367998 0.9330977 0.953405 0.5931621 0.01344068
0.9707954 0.3420981 0.1119292 0.07576496 0.7387454
0.8684421 0.367209 0.9506897 0.6929315 0.7269899
0.6367412 0.3149893 0.3603372 0.882203 0.02118508
0.6511743 0.4763512 0.4000451 0.7288778 0.3918602
0.2227116 0.1549687 0.4285871 0.7362545 0.7176485
0.551332 0.13747 0.6775896 0.3431506 0.6942954
0.9901828 0.6631226 0.7201766 0.7688002 0.7506101
0.5980546 0.8050963 0.4079415 0.8620569 0.9205626
0.6933886 0.9160163 0.4190768 0.4103459 0.437561
0.209843 0.8127109 0.3757716 0.8699067 0.7883868
0.361048 0.4263963 0.163012 0.3145952 0.9310602
0.1336071 0.6489783 0.3511939 0.7746725 0.3229702
0.2788553 0.7975056 0.4906041 0.1271692 0.2998475
0.7605846 0.8705238 0.7624722 0.6127635 0.3498523
0.7866859 0.1597084 0.7776427 0.2683447 0.8540121
0.536467 0.3205198 0.05333368 0.09736172 0.07640272
0.5037398 0.8733603 0.8263107 0.03491628 0.509721
0.4864953 0.8315097 0.4975172 0.5517469 0.9658956
1 0.767933 0.3364247 0.6660148 0.02518473
0.3944298 0.05385087 0.3553826 0.3142735 0.4041094
0.371722 0.5303822 0.9065905 0.1581489 0.6499092
0.008015808 0.5178291 0.7200336 0.5950071 0.4585181
0.4484938 0.1326223 0.02245313 0.6263405 0.188916
0.9787866 0.9029296 0.5704841 0.4350402 0.9644267
0.6588577 0.3319129 0.914234 0.2115216 0.9296642
0.119149 0.40791 0.3053575 0.7294552 0.5882237
0.9972701 0.008973956 0.04439912 0.4054111 0.2193899
0.2913247 0.3064537 0.0820775 0.1373007 0.6613779
0.5717293 0.6799764 0.09044963 0.6805202 0.3370333
0.0903897 0.559547 0.549571 0.140382 0.692733
0.5016542 0.1705102 0.1191555 0.5366881 0.8231862
0.8492089 0.574327 0.7424386 0.3612047 0.2840758
0.489803 0.8711322 0.496405 0.668114 0.7346949
0.5829903 0.7247569 0.2066794 0.7303821 0.03387804
0.7723574 0.9633014 0.7484669 0.8247699 0.8889833
0.5369636 0.3163748 0.03020142 0.827141 0.3121472
0.3259929 0.9265068 0.002697805 0.811642 0.9818843
0.2495384 0.1844181 0.3839299 0.6938398 0.5150844
0.979317 0.6842085 0.2412902 0.6252079 0.2434332
0.1004542 0.07452539 0.3186574 0.9289171 0.08829025
0.5448294 0.119873 0.03098533 0.004907034 0.5537045
0.9566737 0.8376639 0.7986204 0.7060268 0.7164222
