0.4641847 0.3232967 0.1343619 0.3383549 0.1361935
0.5568855 0.4207819 0.4704491 0.06857891 0.7415595
0.2889695 0.8896996 0.7254885 0.5041769 0.7377236
0.3053086 0.9073455 0.7467435 0.9501353 0.597207
0.3261687 0.1775143 0.4606342 0.2272045 0.4274201
0.9584746 0.3564355 0.5318384 0.3786977 0.4946601
0.9306812 0.5358525 0.05171033 0.2588699 0.986412
0.06770174 0.07036352 0.2204559 0.205685 0.4173328
0.07922911 0.05611084 0.1611015 0.6115222 0.6150969
0.0858249 0.2922152 0.3562819 0.6332501 0.5604201
0.07647134 0.4741373 0.8590964 0.8674001 0.9919117
0.8983739 0.06894028 0.5757774 0.3731359 0.7945163
0.7708226 0.693301 0.4800716 0.8044855 0.6413241
0.7660023 0.4337271 0.09801617 0.8456857 0.7884953
0.7508426 0.7903971 0.788975 0.1786855 0.9053001
0.004484192 0.05021948 0.3095492 0.3741946 0.7854521
0.9680182 0.87849 0.13574 0.5143108 0.0939473
0.7682793 0.1180967 0.2479006 0.3766431 0.8628466
0.7084239 0.3454394 0.6135984 0.4447259 0.3232603
0.9962255 0.8548055 0.4977839 0.2384443 0.9593431
0.4883882 0.9368837 0.3565888 0.9984482 0.9425919
0.6524235 0.1007855 0.07292825 0.5392957 0.5858364
0.9395459 0.2602709 0.7872941 0.5837434 0.05019351
0.8988744 0.4328506 0.5334237 0.9816679 0.7461864
0.8425892 0.4047658 0.2396346 0.7151106 0.8925675
0.6089755 0.9500851 0.1984528 0.06639928 0.07056764
0.8446076 0.94831 0.1843686 0.3527303 0.8318335
0.2814837 0.8605782 0.1319666 0.6919241 0.9145632
0.7151831 0.02848095 0.3564644 0.3129998 0.3527798
0.9311759 0.6946794 0.3163083 0.3813459 0.1611442
0.5001538 0.08785306 0.5242801 0.8455381 0.1855628
0.5888315 0.9246612 0.9503578 0.1002432 0.8120647
0.8496306 0.646081 0.2074392 0.469244 0.2603993
0.0510187 0.7934459 0.02248674 0.505112 0.1209101
0.440507 0.5337004 0.442055 0.1330332 0.5511515
0.987687 0.2981316 0.5742082 0.4541659 0.625247
0.9812069 0.8714827 0.9672017 0.246738 0.4123112
0.598495 0.4986297 0.6354621 0.8958428 0.7151887
0.4344048 0.1497596 0.6605596 0.6211156 0.6906967
0.947591 0.2480493 0.2702964 0.002681859 0.8686929
0.006182716 0.4481241 0.2320776 0.4955588 0.6396592
0.5294573 0.9098886 0.9586579 0.5568895 0.2826139
0.1780349 0.5007914 0.6364372 0.8964213 0.9509987
0.5913292 0.989694 0.2954095 0.1525936 0.1907747
0.8636419 0.1611107 0.1772965 0.917798 0.6340145
0.990241 0.5687266 0.5501697 0.6292561 0.07039194
0.5802276 0.291308 0.5910011 0.7372868 0.107232
0.9367305 0.382144 0.6591214 0.4203741 0.5986775
0.9135172 0.1784108 0.06023708 0.2888658 0.5193421
0.834555 0.9561101 0.8794375 0.139367 0.201721
1 0.9859273 0.3693833 0.731573 0.1900396
0.7136835 0.6896088 0.2347116 0.2381441 0.4428592
0.290634 0.8713075 0.5300872 0.03354719 0.7800591
0.6240661 0.6145725 0.7423499 0.4282236 0.2358018
0.5150146 0.6943839 0.4304288 0.04780806 0.9311261
0.05627706 0.02807397 0.1317387 0.5084249 0.1999884
0.8789792 0.6119907 0.9651855 0.7617338 0.988905
0.1576584 0.08111138 0.2689185 0.9223063 0.9038868
0.9051594 0.5073697 0.7205414 0.878221 0.7548432
0.6915164 0.5019309 0.796526 0.9659827 0.5769757
0.0355618 0.53504 0.9270035 0.2631039 0.9209206
0.5772012 0.9911472 0.5033959 0.1456297 0.2783491
0.742751 0.6856943 0.9413794 0.7127059 0.00906697
0.4498007 0.9234125 0.9205787 0.3104143 0.3393264
0.6051072 0.5891142 0.3345222 0.1082453 0.5447631
0.7393759 0.3758801 0.8806361 0.6652732 0.9277403
0.1567105 0.6959323 0.3876882 0.1116281 0.5470959
0.8796553 0.5165505 0.629767 0.3141474 0.8645898
0.4358491 0.2452766 0.6209547 0.86678 0.416949
0.5234378 0.2890514 0.5834449 0.2609134 0.7487982
0.9425546 0.4827016 0.004592672 0.1508135 0.2278974
0.2491136 0.8510899 0.2419856 0.2198135 0.6771355
0.330543 0.4398115 0.6392208 0.8753309 0.4140677
0.4746986 0.8308263 0.746688 0.3695204 0.2185188
0.8314668 0.07438307 0.09436264 0.4060305 0.8700685
0.7891986 0.2344878 0.3570276 0.2174189 0.2032084
0.08026558 0.8029582 0.8285551 0.4414775 0.08555166
0.9003285 0.9956078 0.0966488 0.7724235 0.9223087
0.4223928 0.5919739 0.783755 0.3931149 0.8631162
0.1871717 0.423821 0.5870373 0.02402399 0.1696365
0.682516 0.3961035 0.09143821 0.2824346 0.1646569
0.1190662 0.5704775 0.03341592 0.1008318 0.6379476
0.4726795 0.1110607 0.1116544 0.2905615 0.71285
0.8586897 0.2682467 0.1044204 0.914056 0.2308264
0.7251193 0.2321609 0.5447803 0.02711041 0.5158682
0.1220781 0.7638909 0.4928433 0.8832935 0.6778887
0.8873318 0.1383896 0.3500852 0.5793323 0.9723106
0.6424251 0.4503637 0.1206482 0.3898247 0.7803158
0.5370929 0.07054382 0.9438504 0.8769516 0.942808
0.1140732 0.4482169 0.2364371 0.7702215 0.2829777
0.406775 0.548669 0.8040262 0.5140542 0.133679
0.4107449 0.4823688 0.09945276 0.3993055 0.9828244
0.4536496 0.5383443 0.8751004 0.7677571 0.07645263
0.8216281 0.9732415 0.4920083 0.8874905 0.153901
0.7102021 0.4882791 0.2550197 0.0677067 0.8669846
0.7722381 0.3336926 0.01810887 0.3932103 0.01114974
0.8722243 0.8393739 0.2333445 0.1213106 0.9155142
0.4798071 0.8085551 0.1918033 0.4380462 0.9572284
0.4112712 0.9708406 0.3785144 0.8674025 0.97663
0.6103648 0.3773692 0.4386275 0.9288959 0.4678694
0.1654615 0.9681504 0.8405258 0.7468227 0.04106331
0.3692962 0.4818296 0.2450285 0.296466 0.2183325
0.9433466 0.08668241 0.2110244 0.6938236 0.8974001
0.982012 0.1506792 0.5685259 0.8055566 0.252107
0.2428993 0.1996338 0.07144353 0.6529575 0.2104453
0.5631126 0.4996792 0.9324149 0.2647251 0.639924
0.5541054 0.1430091 0.3841167 0.5216955 0.7743588
0.8028333 0.6213253 0.7513352 0.7312282 0.04674804
0.5993192 0.3922347 0.5581033 0.3169059 0.8357042
0.7492002 0.9562676 0.62767 0.8552073 0.8067533
0.2705967 0.6455 0.7965374 0.3900375 0.7472939
0.2190501 0.4778201 0.2742284 0.3488351 0.974117
0.3538499 0.1640942 0.1515893 0.9240736 0.7284984
0.4265455 0.4875425 0.8954863 0.5721014 0.4018746
0.2896636 0.01143471 0.2143018 0.04195497 0.9584441
0.3662307 0.1256294 0.585026 0.01650827 0.2463426
0.2479539 0.5416189 0.7048715 0.2022746 0.1224931
0.3928728 0.4059534 0.1296885 0.01046317 0.9251669
0.5816417 0.4803293 0.5386188 0.3289206 0.3718594
0.6956315 0.8410713 0.2307721 0.9594829 0.2473093
0.586263 0.8740903 0.8011406 0.538998 0.04108277
0.7051937 0.7641011 0.3242277 0.3684277 0.5011502
0.2423826 0.4753535 0.4885274 0.009747843 0.4544854
0.5491706 0.8278912 0.2360334 0.729069 0.7365948
0.2208531 0.7305089 0.5140768 0.7256196 0.5483876
0.8817048 0.4793999 0.9139315 0.1796711 0.966789
0.2762094 0.4771938 0.3512415 0.05675978 0.59949
0.5579209 0.2709254 0.1419377 0.8406517 0.855849
0.9031984 0.8970229 0.3826837 0.2734363 0.7737404
0.7343482 0.1066784 0.07848652 0.4575954 0.4774088
0.7677623 0.9207519 0.9271238 0.5436641 0.5271357
0.9761583 0.7665226 0.03269729 0.3371008 0.1946569
0.06344972 0.01062001 0.4262187 0.6468629 0.1174016
0.09393331 0.4574974 0.8881739 0.5376564 0.621277
0.4929662 0.8333009 0.4756537 0.3795054 0.2859879
0.8172924 0.3692345 0.7601517 0.9232464 0.3638256
0.9545608 0.2019764 0.08150585 0.2865332 0.9901362
0.5314038 0.6570115 0.1669572 0.2851665 0.05482863
0.8839723 0.7852371 0.2909062 0.8967409 0.3146634
0.4292943 0.9065845 0.090167 0.9666161 0.7562507
0.2361108 0.3901032 0.5139849 0.1440691 0.08389879
0.06712147 0.210478 0.6664384 0.1030625 0.8290502
0.8543623 0.9424252 0.004451094 0.2862996 0.1768838
0.9446864 0.6326958 0.2967863 0.6623467 0.2801768
0.4126759 0.7886648 0.9529792 0.2548448 0.09733068
0.8036188 0.1499371 0.6171164 0.7626243 0.7972629
0.4261537 0.9948454 0.6639484 0.6317772 0.9278886
0.124439 0.6958933 0.4981843 0.9973271 0.9026084
0.4443299 0.8331554 0.7279831 0.1438815 0.6570776
0.5611825 0.5474982 0.0005489267 0.8134812 0.9966684
0.3718192 0.9237205 0.8375063 0.7837245 0.8456667
0.04288127 0.07709662 0.3261145 0.1475807 0.8661261
0.04800143 0.6306931 0.1450108 0.4465732 0.826253
0.4629749 0.3204608 0.985762 0.6390582 0.6524664
0.3351441 0.7006035 0.253742 0.01467455 0.3715208
0.7576174 0.9094143 0.3625344 0.2578528 0.01917661
0.725565 0.6369055 0.3105527 0.4936384 0.6037977
0.1778289 0.2612804 0.1055351 0.1940499 0.2673263
0.2996793 0.9506093 0.643565 0.3649672 0.4502643
0.6392393 0.9447405 0.4614624 0.2578714 0.94273
0.9757734 0.5171485 0.9223625 0.06696006 0.3090596
0.03043965 0.2639775 0.324601 0.4434036 0.417491
0.1003918 0.7217158 0.05750208 0.1790256 0.7008741
0.1190731 0.5745194 0.7525534 0.706662 0.6919614
0.6450654 0.4975217 0.7747124 0.3124755 0.3387113
0.4361285 0.1258731 0.8894724 0.6343778 0.8597678
0.7116366 0.9332922 0.01214304 0.4876293 0.4920359
0.5477775 0.1363639 0.6728128 0.9323388 0.3906385
0.0453855 0.5464132 0.3803569 0.5240348 0.3455651
0.5916064 0.4872442 0.8122468 0.04336859 0.2258634
0.008947709 0.4992343 0.6898527 0.8639399 0.003686099
0.008936843 0.4822828 0.2646116 0.7816738 0.01845553
0.5835836 0.9420221 0.9493915 0.9566733 0.679538
0.7744774 0.8326481 0.9654798 0.9170355 0.7722355
0.2324438 0.6208332 0.07081366 0.6896159 0.5621465
0.08870177 0.06146986 0.290959 0.574915 0.2955959
0.3428756 0.09119891 0.06033547 0.161565 0.9981349
0.8334829 0.02367615 0.05564489 0.201096 0.4665931
0.6492477 0.3734963 0.9467433 0.1049161 0.8396041
0.587726 0.5400554 0.2319086 0.9509801 0.09324598
0.6958676 0.744343 0.7958909 0.394363 0.8520519
0.710077 0.2780245 0.149461 0.1173139 0.8355927
0.5025568 0.8252342 0.01572902 0.3947353 0.7119753
0.6875818 0.1521814 0.7017514 0.6127942 0.2238227
0.8942177 0.7809383 0.1969828 0.8437847 0.7951117
0.450401 0.7059113 0.1077696 0.6473791 0.4092957
0.1627294 0.739978 0.8122147 0.4228098 0.3975964
0.1043478 0.7296511 0.2015452 0.1992028 0.7076337
0.09664739 0.8702529 0.6733593 0.2929436 0.2416216
0.9748395 0.6150559 0.9746716 0.5427725 0.3374382
0.2854722 0.2946883 0.6877558 0.479557 0.4215434
0.7315986 0.6485786 0.5604949 0.9944679 0.9820992
0.3108823 0.6663075 0.6175131 0.7246886 0.3371457
0.1715472 0.2792216 0.6790034 0.02533226 0.1246625
0.7932689 0.348079 0.00717642 0.08660993 0.2345125
0.001136272 0.718186 0.6113701 0.3466722 0.4228384
0.8472177 0.1989532 0.5064211 0.558201 0.4159947
0.05826214 0.6354575 0.4646046 0.2201129 0.2387828
0.2815484 0.1539495 0.1076799 0.5826899 0.07625805
0.9960826 0.1712578 0.9060132 0.8602324 0.8302984
0.7099867 0.2059182 0.1941857 0.6713839 0.4174231
0 0.7088336 0.3476394 0.738436 0.08894163
0.314778 0.8991648 0.8851002 0.6931607 0.2118648
0.2088667 0.7789499 0.2881113 0.3147284 0.7109205
0.1453625 0.02919613 0.6436885 0.8862313 0.4906377
0.9561718 0.1682809 0.09529147 0.4314918 0.2752426
0.7184567 0.2251266 0.1682185 0.8764365 0.2630708
0.3004708 0.4378292 0.429566 0.2859234 0.1238073
0.1943822 0.7657047 0.2356724 0.1816392 0.5190277
0.8031041 0.05342835 0.2177755 0.3185126 0.8461697
0.4053105 0.8849219 0.4733827 0.789097 0.8632606
0.1027962 0.5572422 0.3655271 0.1047166 0.02529049
0.1449351 0.06317649 0.5771782 0.245923 0.2747953
0.6402094 0.917332 0.336661 0.3007811 0.2323692
0.1351412 0.2519028 0.08426527 0.6269727 0.8728513
0.6264706 0.383351 0.6191662 0.7225004 0.6439062
0.7471118 0.8467726 0.9219277 0.503525 0.1953627
0.9459066 0.7356824 0.6300645 0.8694028 0.06306943
0.3375215 0.842201 0.9142573 0.3913728 0.7051621
0.1194981 0.4897745 0.2125249 0.9468137 0.1436264
0.844303 0.09033404 0.9165986 0.9584592 0.3773631
0.5748779 0.6734772 0.7207988 0.3006315 0.827524
0.6443547 0.08907099 0.5013007 0.7100999 0.9291863
0.8314653 0.5979761 0.2186246 0.8981496 0.2774477
0.1755504 0.60953 0.6205487 0.004627489 0.9106253
0.3764029 0.9088211 0.8316501 0.206946 0.5994148
0.3004451 0.2910208 0.2894564 0.4404869 0.8325394
0.2003653 0.7436968 0.6215719 0.1053519 0.2073724
0.8991993 0.7285238 0.9065857 0.8071509 0.5497581
0.3704982 0.6525931 0.4230341 0.2383563 0.3152193
0.9452181 0.9890834 0.5822669 0.4470715 0.1900097
0.2430677 0.5272834 0.5505766 0.06857456 0.2428235
0.7634792 0.009880538 0.6531116 0.4624607 0.4247285
0.4861865 0.1820264 0.4839027 0.9043617 0.407128
0.8094997 0.1646331 0.8020933 0.1619929 0.4552651
0.94742 0.686001 0.7978198 0.8658455 0.5515513
0.165338 0.5044868 0.1927717 0.9003056 0.4985918
0.05742042 0.1135679 0.1433959 0.5732357 0.3439926
0.04040661 0.9984965 0.2015146 0.3481268 0.08663923
0.5478623 0.5639358 0.9019115 0.864198 0.6317371
0.2456232 0.916051 0.6966705 0.4403971 0.4513957
0.1193423 0.07684878 0.4614501 0.5290597 0.3627129
0.1926812 0.833777 0.2351245 0.8697881 0.359768
0.9712792 0.4946765 0.2460347 0.07831683 0.4384422
0.9548266 0.303768 0.644115 0.530212 0.5712572
0.2874474 0.4309603 0.03103039 0.4931142 0.8323736
0.6564567 0.7027128 0.6573034 0.2818171 0.9541735
0.5650513 0.5637931 0.3875933 0.4437064 0.4898062
0.04418481 0.9843019 0.3064422 0.3209184 0.2487859
0.4388002 0.1424163 0.5875521 0.04581293 0.9253288
