0.2498934 0.195799 0.9019044 0.7842186 0.5838521
0.07973831 0.2274699 0.6149982 0.02840667 0.2088888
0.2068339 0.6299737 0.4975226 0.4079898 0.8708492
0.5926158 0.1753592 0.7534561 0.8920705 0.1069414
0.5822643 0.8626463 0.03177003 0.9706135 0.3043604
0.9110942 0.189019 0.4905561 0.5565672 0.9300983
0.4943573 0.4938841 0.5391127 0.7635872 0.1706741
0.9220451 0.08422696 0.3794243 0.5416398 0.8751115
0.9484334 0.943058 0.3233115 0.6738593 0.4479511
0.5828975 0.1446524 0.549498 0.9415991 0.5176385
0.04310724 0.3621721 0.2639932 0.6287348 0.07098157
0.5138323 0.3819351 0.9007948 0.3751037 0.2742307
0.5516751 0.9996356 0.8260227 0.3741669 0.9529713
0.3496271 0.6609614 0.09281048 0.3828484 0.2709999
0.7731204 0.3467584 0.02594146 0.07902931 0.8186354
0.3010028 0.5207058 0.3128193 0.4493826 0.9252696
0.9432091 0.05709697 0.8290355 0.4519222 0.156304
0.6610906 0.1636571 0.9197145 0.8908357 0.5367944
0.588996 0.8047781 0.7575203 0.994941 0.357273
0.6159966 0.3085528 0.3455974 0.5203865 0.3830724
0.0758647 0.9245183 0.1050644 0.04622721 0.4668721
0.755188 0.04775228 0.7401084 0.7504695 0.4709294
0.5850611 0.5237917 0.5251799 0.5015449 0.2597247
0.1525704 0.002663623 0.1614663 0.187404 0.7985072
0.8922894 0.4988175 0.2704548 0.9357107 0.1222075
0.8478816 0.9128295 0.4963682 0.772606 0.3805419
0.671866 0.04218494 0.5479612 0.6588033 0.4370217
0.8410955 0.5957859 0.672675 0.3356478 0.2379501
0.2388882 0.06183131 0.1058201 0.8605749 0.6777026
0.7823279 0.461363 0.7988408 0.3866685 0.9020034
0.7162595 0.4209395 0.6534665 0.06269147 0.4625866
0.3051754 0.3292538 0.2941367 0.4288347 0.1129386
0.1017939 0.19066 0.9522836 0.5236611 0.1327901
0.61221 0.1361534 0.4072495 0.6482067 0.08468012
0.361163 0.5858947 0.489813 0.9799925 0.04630098
0.587568 0.5201964 0.2753365 0.07396715 0.6161112
0.878015 0.6169632 0.5623425 0.4269369 0.1093296
0.2143075 0.3432577 0.2477869 0.7204108 0.7715458
0.7719004 0.789269 0.6425729 0.7484116 0.2750332
0.913317 0.7236851 0.3043981 0.797277 0.6304985
0.705073 0.5821278 0.5296008 0.3165837 0.7342388
0.1089849 0.7799516 0.5731152 0.7466989 0.3359494
0.7158558 0.3922087 0.03927081 0.7174135 0.3591742
0.5770161 0.5946882 0.3835032 0.9772873 0.175596
0.7499148 0.8154253 0.08301541 0.9642989 0.3590103
0.07645328 0.08538423 0.3649499 0.9369116 0.5477068
0.3567872 0.6991743 0.8054919 0.0558596 0.791329
0.09220647 0.2392677 0.8425587 0.7192518 0.02177578
0.9166043 0.5884078 0.3135008 0.4457734 0.1928041
0.9969732 0.7431527 0.3540817 0.1746992 0.27936
0.514636 0.5424887 0.7010238 0.03255036 0.3042388
0.1582845 0.3569742 0.8166913 0.3070699 0.7866531
0.1687059 0.2798068 0.141029 0.4796663 0.9339562
0.8086343 0.09015917 0.1195734 0.9721903 0.6593299
0.6948041 0.5745776 0.8194356 0.6533886 0.067193
0.6990516 0.5632645 0.3542293 0.6624642 0.6361841
0.4803958 0.2744561 0.3706144 0.2175303 0.598384
0.4303429 0.7262184 0.6495535 0.6733935 0.5226029
0.2209863 0.7352298 0.05928231 0.04391388 0.5638568
0.6800423 0.7254075 0.4611493 0.3844232 0.8200557
0.9295362 0.4562201 0.4188822 0.2581849 0.3274705
0.3942571 0.4056347 0.4596262 0.3395423 0.7042578
0.3192299 0.4577655 0.660835 0.1017656 0.05117596
0.8901882 0.2422444 0.2824132 0.6445761 0.3988814
0.3193358 0.4775138 0.4781014 0.09355873 0.5183122
0.9840106 0.8513636 0.4998061 0.6183449 0.7595646
0.8300312 0.8846064 0.7371665 0.4446851 0.6873768
0.09971299 0.7518879 0.5609831 0.7884377 0.5880248
0.2006379 0.3241608 0.2730404 0.9317462 0.06762375
0.00751374 0.01120798 0.3085827 0.6578225 0.0895007
0.4908083 0.01392959 0.1374946 0.4531177 0.6037043
0.6673952 0.2342893 0.9784425 0.2298965 0.4364563
0.493056 0.5814752 0.4351131 0.3924248 0.7044506
0.02300699 0.3664311 0.03819769 0.01672499 0.463509
0.4121982 0.9206696 0.6602589 0.2804186 0.8394407
0.6157279 0.6195974 0.8003774 0.7412907 0.8212568
0.1131752 0.1623156 0.02636237 0.1818939 0.1603883
0.6845543 0.06589992 0.7317785 0.03025379 0.1957066
0.9351985 0.6275318 0.05816496 0.2641584 0.8300288
0.2738345 0.6479635 0.877916 0.9592531 0.5438324
0.1868991 0.8649714 0.1363562 0.5257936 0.4700824
0.224551 0.227405 0.2131627 0.1745689 0.3444876
0.8366544 0.1926851 0.24032 0.9514886 0.9030864
0.3549642 0.8273628 0.4147819 0.5200109 0.02688652
0.4182363 0.4427998 0.06340015 0.4635838 0.1382567
0.7780751 0.284878 0.373536 0.4792091 0.2819097
0.04566159 0.3140808 0.2152069 0.979764 0.6242636
0.1239168 0.1230715 0.6214638 0.9263066 0.3156248
0.1723599 0.351599 0.228933 0.5395229 0.9833622
0.4134876 0.4282862 0.2291777 0.7184129 0.6463221
0.8195909 0.7086209 0.6859416 0 0.4855817
0.4995149 0.9052019 0.3697494 0.8948649 0.9673741
0.8753544 0.1916201 0.9057357 0.1900112 0.4223264
0.2076402 0.5707028 0.9588352 0.2774432 0.7477152
0.6054036 0.6943995 0.6085826 0.3365055 0.7142295
0.742566 0.4139427 0.2391724 0.9403063 0.8803069
0.7974677 0.01354744 0.2038251 0.3797143 0.8044932
0.5608663 0.9520704 0.5494889 0.2755421 0.8094526
0.1939906 0.4483193 0.9044378 0.1074273 0.614366
0.5639678 0.7606082 0.6055878 0.2701555 0.8699496
0.09441237 0.3653311 0.184598 0.5272597 0.8120186
0.4941151 0.5533591 0.7125283 0.6632139 0.6717673
0.8635035 0.09497888 0.5095959 0.1494256 0.06388537
0.2938036 0.8746367 0.1227202 0.1531043 0.08711682
0.6686554 0.1095973 0.5706169 0.04934305 0.9037269
0.9247343 0.5172131 0.2393557 0.8541596 0.9964649
0.6008979 0.6506626 0.5996146 0.4696239 0.9944055
0.9694257 0.5064862 0.1211998 0.4624614 0.7934676
0.5985425 0.6241074 0.5568067 0.8013587 0.4237485
0.276183 0.01628752 0.6930476 0.578009 0.2691341
0.2135945 0.02938643 0.5746606 0.6355055 0.6494339
0.3782318 0.9991049 0.3432588 0.495172 0.6281408
0.9630254 0.9906517 0.4407206 0.7806515 0.9939251
0.6929349 0.8319813 0.7064611 0.1066272 0.1601312
0.09644617 0.1051669 0.1729937 0.2518236 0.9605725
0.7167861 0.6757863 0.3680655 0.8507432 0.8654175
0.700502 0.5770643 0.03262559 0.7975852 0.8496534
0.08060052 0.4482221 0.6319014 0.08051555 0.1766301
0.3212201 0.5722249 0.1903294 0.6804012 0.1812507
0.0318407 0.4868517 0.4520747 0.1526859 0.7746918
0.1310794 0.962209 0.9003125 0.236729 0.7619692
0.008736912 0.9915088 0.001847203 0.2018893 0.7604473
0.9158419 0.3635524 0.85656 0.1437083 0.3475546
0.668315 0.6974399 0.5715789 0.3774783 0.9650022
0.628744 0.03708392 0.7575627 0.5573338 0.1739222
0.785221 0.172217 0.2693405 0.5796351 0.04594522
0.5100758 0.05477705 0.6520936 0.9886712 0.6273331
0.2132772 0.6645399 0.2045067 0.1840865 0.571208
0.4848889 0.2075352 0.9121583 0.2130943 0.06728346
0.8038542 0.6332324 0.8646896 0.8218948 0.3524423
0.7683118 0.597009 0.7659822 0.4524598 0.05092094
0.4781971 0.1110205 0.9900463 0.9421932 0.922853
0.2192481 0.2769617 0.22778 0.737263 0.05671842
0.9990472 0.8323892 0.399785 0.9206634 0.1319587
0.3002121 0.5804217 0.6525464 0.438739 0.428533
0.4308456 0.6363937 0.6159512 0.9043903 0.4702271
0.3267762 0.8343526 0.9548788 0.4195595 0.8629426
0.5065284 0.9033332 0.8360027 0.2229634 0.1489275
0.8565645 0.5416814 0.1713934 0.6206756 0.742619
0.7968666 0.5675566 0.671998 0.5553224 0.0648895
0.07169532 0.9638686 0.03855414 0.144479 0.2859167
0.871679 0.3541176 0.2961295 0.6941376 0.8870794
0.9751955 0.7846925 0.0003607642 0.9720392 0.4023085
0.3482503 0.5238853 0.5693022 0.9493436 0.08089077
0.3954586 0.3803183 0.369909 0.8927543 0.7670404
0.03619162 0.9693394 0.5012903 0.322581 0.6927279
0.4871814 0.2645411 0.541641 0.7582536 0.838237
0.5619912 0.01669815 0.4884293 0.856215 0.772184
0.757378 0.4412947 0.5606291 0.7403958 0.8150698
0.06195477 0.4504665 0.7175857 0.1782564 0.6097626
0.0397481 0.8609164 0.3676002 0.2862379 0.4754049
0.2535542 0.90591 0.1655859 0.8256924 0.1855148
0.4211972 0.3070494 0.8370908 0.7639852 0.7882189
0.3963024 0.5035754 0.357258 0.7835954 0.4452321
0.0593764 0.344774 0.5060553 0.4328711 0.2735876
0.8092943 0.1558334 0.5775947 0.003120162 0.06835772
0.2185091 0.4792515 0.9887064 0.2420034 0.1402425
0.4995735 0.9619111 0.3627407 0.9156178 0.9213709
0.7616084 0.9934965 0.3244147 0.7075709 0.2643503
0.6080205 0.175371 0.753369 0.6496394 0.1058704
0.09653462 0.2776401 0.8206495 0.4510966 0.02679352
0.2981484 0.5434216 0.657275 0.6217856 0.2297988
0.4255067 0.6366861 0.7542809 0.8648733 0.5421306
0.9541956 0.328449 0.7645544 0.5303755 0.7651912
0.8593083 0.7749865 0.8614806 0.9685065 0.3562351
0.2012137 0.6128409 0.385635 0.8889765 0.3093404
0.2996363 0.9230887 0.2534522 0.7412687 0.608463
1 0.4936256 0.3260651 0.3965678 0.708258
0.6405363 0.634621 0.5266755 0.325812 0.8097811
0.1000134 0.8794676 0.1054333 0.1248126 0.3655003
0.465682 0.2867496 0.1396311 0.7338654 0.7133903
0.1569242 0.7501566 0.6540649 0.9042767 0.4318316
0.6708911 0.4413436 0.615015 0.8941216 0.6679526
0.1151002 0.5184431 0.8607922 0.9297803 0.9575989
0.1404912 0.296778 0.7401494 0.1091232 0.2432828
0.8001524 0.7765375 0.05541454 0.4613851 0.8287979
0.7215159 0.1897101 0.7472046 0.4392137 0.6720752
0.3153995 0.6665644 0.3184265 0.4078821 0.9899634
0.1370154 0.5460629 0.1898044 0.2672797 0.7441528
0.2231976 0.3684583 0.4501137 0.3303254 0.5028252
0.9453739 0.950053 0.3013166 0.07808709 0.9119611
0.3535468 0.9281076 0.9963737 0.589864 0.4656272
0.4647936 0.3366744 0.7745257 0.6038025 0.6427792
0.9909226 0.367553 0.4056328 0.6098793 0.7568151
0.9459751 0.6773499 0.5277423 0.9893484 0.5861474
0.03515471 0.7839023 0.5031604 0.2915512 0.5956907
0.5759809 0.2294143 0.2175397 0.06081987 0.1335518
0.9703128 0.5436 0.5656287 0.8789943 0.5668489
0.5062589 0.5526891 0.4118987 0.7677417 0.4743278
0.8158171 0.6440949 0.4743021 0.2486204 0.7245298
0.6301103 0.4909815 0.7878594 0.0232773 0.8553588
0.2672715 0.111915 0.09904788 0.7240019 0.7336736
0.7223827 0.5563774 0.3177024 0.8619282 0.8101597
0.5279334 0.3346299 0.9905138 0.2135857 0.4122156
0.5224566 0.6973324 0.1510872 0.919788 0.1729429
0.1458335 0.4732019 0.08140444 0.01711276 0.1996468
0.591791 0.4319746 0.2333788 0.5202789 0.1721617
0.5262823 0.2098563 0.8554462 0.7186906 0.6739385
0.7725264 0.2523543 0.9667472 0.03241181 0.4388893
0.9705504 0.2789161 0.9697767 0.2728404 0.4241607
0.5509718 0.8297623 0.07560835 0.1815374 0.5545718
0.5510087 0.1944072 0.542578 0.7249282 0.8845955
0.6867976 0.855991 0.4823972 0.06882392 0.5096516
0.815379 0.3966976 0.9935388 0.1638472 0.3904325
0.03656233 0.8585277 0.5957396 0.2097371 0.7295387
0.7232069 0.8958322 0.8048987 0.6276683 0.6059775
0.3492354 0.4853444 0.9581136 0.241803 0.9613688
0.6316397 0.8363711 0.2882181 0.8094251 0.4477505
0.1054367 0.1858588 0.8581702 0.1637718 0.008833299
0.6471677 0.1252385 0.3478081 0.06106127 0.3232383
0.8070414 0.5772797 0.151958 0.9137649 0.5401817
0.219085 0.6307779 0.7049956 0.1222254 0.2577634
0.7637322 0.02601283 0.02471673 0.04454625 0.977541
0.2844035 0.185185 0.8579947 0.9934685 0.7671415
0.3354244 0.5986104 0.2648683 0.4237677 0.823572
0.7404958 0.5254529 0.7248051 0.6150174 0.8630069
0.4489428 0.1934862 0.2641101 0.186429 0.0483786
0.5464525 0.6329 0.8702023 0.9528298 0.09238141
0.743022 0.7253085 0.1904802 0.1275346 0.7007515
0.8623369 0.9406394 0.8348634 0.2638382 0.7203476
0.6051274 0.7863268 0.05573973 0.5965157 0.7704596
0.766145 0.3496822 0.8116962 0.3885327 0.3699878
0.5927713 0.9537149 0.7612441 0.9866824 0.04175651
0.2611449 0.890425 0.08356126 0.5587735 0.7611715
0.7565198 0.05824451 0.2467597 0.359833 0.3400851
0.1647544 0.1442832 0.06566494 0.1958134 0.03860564
0.9662164 0.2832151 0.3234879 0.5287472 0.4507255
0.279757 0.6494845 0.9539208 0.5633739 0.5161537
0.3019488 0.1595376 0.2634877 0.03508658 0.4965359
0.7543716 0.3384658 0.1032654 0.9875195 0.2640171
0.1986558 0.1662316 0.4857254 0.3690932 0.2398225
0.9847949 0.6057114 0.8551203 0.3093333 0.9473799
0.8322623 0.2899689 0.3271554 0.1204525 0.2531957
0.1130478 0.4766068 0.6377284 0.515417 0.2726057
0.2937601 0.3854001 0.1551379 0.9818095 0.6737967
0.42276 0.4488454 0.9654378 0.3858556 0.03324664
0.922942 0.1000286 0.9827335 0.6494906 0.8912426
0.3010155 0.5238656 0.2667307 0.4602517 0.7510086
0.4175745 0.5911144 0.2675305 0.8339617 0.3026279
0.7622619 0.7938309 0.3918525 0.4559827 0.7863109
0.6145983 0.4313139 0.4541617 0.1864357 0.6244616
0.4057971 0.2253851 0.2280208 0.9662492 0.4753996
0.1885364 0.9730959 0.9599146 0.3243651 0.1845504
0.2336414 0.199755 0.0553653 0.6439551 0.7442729
0.07345944 0.4964874 0.2236447 0.52663 0.6781651
0.4023243 0.3407153 0.004381314 0.8647149 0.0402176
0.8208829 0.3131577 0.5578389 0.8269156 0.92984
0.6960308 0.2885345 0.6037448 0.7552349 0.2302027
0.05921251 0.5159146 0.6042019 0.3481945 0.3266845
0.3920191 0.7504922 0.6326587 0.7645979 0.2345959
