0.4473108 0.6417068 0.1468619 0.9054275 0.2322492
0.04029546 0.2448094 0.400755 0.2988514 0.9566617
0.7996309 0.01729638 0.2359806 0.5265301 0.5139978
0.4215315 0.4724669 0.1202175 0.7831324 0.08849642
0.3845446 0.8777557 0.9234099 0.3201368 0.2714472
0.8356683 0.847968 0.2829764 0.1458105 0.1731371
0.09501899 0.2657207 0.7894186 0.9349652 0.6359014
0.5037679 0.03677977 0.4224482 0.2215043 0.5095789
0.1674615 0.5345772 0.2297845 0.6098125 0.6944671
0.9111565 0.03295981 0.9795008 0.7044052 0.5410008
0.4495045 0.9722148 0.2152003 0.5500976 0.7875073
0.192546 0.5701918 0.9136974 0.4628466 0.852943
0.4244273 0.2373786 0.6803762 0.3529605 0.6639882
0.509854 0.08082295 0.8462096 0.9770158 0.7408844
0.673916 0.330088 0.6566508 0.4977896 0.1056051
0.6615973 0.05122998 0.6574733 0.1428583 0.9335213
0.03607449 0.1532737 0.5518613 0.4776482 0.4555269
0.4152831 0.9441276 0.7848064 0.2641309 0.1662256
0.2420601 0.9160573 0.8498749 0.9000969 0.6367819
0.7526991 0.4009538 0.857291 0.804051 0.1800395
0.4814818 0.3082632 0.3406946 0.3641345 0.8747838
0.5951683 0.599171 0.7532667 0.7584054 0.7024105
0.8259906 0.9346528 0.2629667 0.5409512 0.9106126
0.7849534 0.7121922 0.8917629 0.8157212 0.7781635
0.3391486 0.3570815 0.4854575 0.859829 0.763061
0.4615633 0.3284524 0.4383608 0.5052271 0.3544507
0.4242316 0.5428013 0.6913634 0.6591613 0.09224989
0.02363469 0.742489 0.8853452 0.002978175 0.6240603
0.6928811 0.2289342 0.4993042 0.6831374 0.2469952
0.7060012 0.1444492 0.5372198 0.4906835 0.1223892
0.9543354 0.4223093 0.3977611 0.8952579 0.9216196
0.6270693 0.2589461 0.9392629 0.08662174 0.7943723
0.8659225 0.3038905 0.4380706 0.993533 0.1445909
0.7674042 0.2980143 0.754673 0.01097141 0.9955597
0.4115277 0.1854545 0.4586443 0.8413502 0.5469114
0.2490556 0.5031179 0.9597773 0.5889134 0.8247121
0.9245649 0.8147363 0.4143029 0.2435659 0.6928389
0.4984647 0.5691707 0.6642714 0.9047843 0.5188101
0.07048321 0.4250984 0.6922085 0.4731563 0.6735357
0.03809296 0.08703284 0.9617512 0.8454047 0.6212745
0.3701042 0.9293965 0.1301379 0.904048 0.3706297
0.2712148 0.6268881 0.1592897 0.9089023 0.1076952
0.1964711 0.9039609 0.6737631 0.2773366 0.7318758
0.4540374 0.7474847 0.7938187 0.1133486 0.7588434
0.4747005 0.1166871 0.4740712 0.9223318 0.1574445
0.2343539 0.6340135 0.6548556 0.9898956 0.3047739
0.6081062 0.2991652 0.08701977 0.9763526 0.8023738
0.3421038 0.04992411 0.7799896 0.1235417 0.4278453
0.76156 0.5727186 0.6744483 0.9257038 0.785115
0.6151852 0.03842803 0.3184566 0.6969326 0.2119159
0.144434 0.6441813 0.3187583 0.08017657 0.721905
0.3428716 0.7914918 0.02553689 0.1809956 0.799453
0.5266944 0.7251343 0.9422567 0.5787688 0.4775912
0.7928733 0.1214913 0.2066774 0.7799669 0.4085711
0.5013955 0.6788365 0.2698065 0.4473081 0.9306711
0.9815737 0.9107821 0.6745646 0.0395162 0.244726
0.354818 0.6034742 0.243091 0.5907646 0.8248021
0.4311187 0.7210575 0.8144221 0.4195647 0.227836
0.1108458 0.9082204 0.5656267 0.9110292 0.4744081
0.2602283 0.04288472 0.9259257 0.9878467 0.2560557
0.5726209 0.1038421 0.7635908 0.01122131 0.6098174
0.08935782 0.9273327 0.01471894 0.2639612 0.07625228
0.3898509 0.3695552 0.08641135 0.0281805 0.2533437
0.7699315 0.1109543 0.7549599 0.49496 0.9202234
0.512675 0.2274239 0.2989957 0.970087 0.8252212
0.5912047 0.2088693 0.5870271 0.6044332 0.8349995
0.3041634 0.8375786 0.07803445 0.6403865 0.8870288
0.4097067 0.755657 0.1168156 0.8971879 0.9563138
0.9601679 0.6454452 0.663917 0.1290423 0.6881077
0.07828571 0.2723988 0.3845623 0.3167921 0.9088033
0.7877674 0.6166068 0.07209426 0.6032761 0.04078548
0.3725573 0.5951283 0.5052616 0.8005702 0.6034223
0.7425947 0.7599555 0.09362144 0.8839654 0.5068706
0.4341858 0.3401937 0.2540482 0.6248054 0.8415317
0.8130342 0.3359061 0.8458369 0.4028104 0.6463621
0.6458086 0.9252642 0.9176273 0.6939953 0.3299259
0.8857617 0.8851589 0.4217948 0.8528339 0.6696437
0.3843978 0.4985173 0.4723328 0.3786585 0.2663902
0.3280584 0.3451198 0.8400956 0.2894959 0.732919
0.5803298 0.4083474 0.2838049 0.02500912 0.3497007
0.1256907 0.9903649 0.9013544 0.3586348 0.9457825
0.2037926 0.175112 0.576762 0.5863997 0.4604873
0.67488 0.9140976 0.301136 0.6324698 0.9199711
0.2143115 0.2956503 0.889489 0.8212541 0.7516601
0.8077933 0.4424003 0.7129349 0.240553 0.3295527
0.853034 0.1387257 0.8204429 0.3372468 0.7049942
0.2731993 0.6503436 0.1177087 0.7664239 0.7008997
0.1300372 0.3211449 0.4859911 0.8037816 0.604917
0.2346588 0.4080357 0.2577437 0.5402063 0.8972206
0.9075859 0.8735935 0.663012 0.1276048 0.6532167
0.4166937 0.3894032 0.09935891 0.09494082 0.06665152
0.4702578 0.9966518 0.847345 0.7872777 0.6922653
0.914069 0.6387602 0.4927693 0.6507893 0.08042547
0.04151897 0.3333285 0.788913 0.6240882 0.8127581
0.3396993 0.2504153 0.8871306 0.01815847 0.4942827
0.4899899 0.4318712 0.4842917 0.5119843 0.2273587
0.1768151 0.6542608 0.9669543 0.4840363 0.9304748
0.4839254 0.5945833 0.9368512 0.2038453 0.4185448
0.9509725 0.09439976 0.6610105 0.09006369 0.07448025
0.8237299 0.2841459 0.3092001 0.914872 0.6679422
0.4828344 0.6999535 0.2670501 0.3906757 0.2873941
0.4536383 0.1393254 0.820475 0.4031794 0.7369181
0.6264196 0.5325862 0.3709896 0.9378108 0.8603189
0.857158 0.9108024 0.3085944 0.06399116 0.4558474
0.6093316 0.8850864 0.09627583 0.5405957 0.973647
0.2929489 0.909599 0.9010819 0.07058502 0.7534803
0.8298603 0.08912012 0.09771725 0.5367473 0.7601403
0.1972165 0.01943152 0.2202818 0.5026337 0.5617752
0.9855437 0.5595911 0.1145859 0.2761552 0.4716168
0.6167579 0.5183947 0.469121 0.8852913 0.414644
0.8577231 0.2573414 0.7119597 0.9227034 0.7336831
0.2679447 0.2400937 0.4928488 0.2080589 0.8824494
0.2190408 0.6265113 0.2959701 0.8836398 0.7878093
0.2147059 0.9644707 0.573833 0.9323312 0.2915852
0.8686589 0.5080622 0.04965389 0.9845733 0.001270699
0.9646115 0.4325257 0.8815907 0.9912318 0.5386917
0.2436989 0.1661264 0.4614167 0.02708464 0.8446965
0.8616287 0.2773786 0.8676624 0.3355751 0.2566347
0.9298945 0.8560017 0.6722276 0.1827335 0.5400623
0.6290293 0.7471575 0.5158703 0.9149819 0.2237433
0.9051231 0.9456511 0.05067468 0.9306658 0.09529001
0.103235 0.7485428 0.5771382 0.4542788 0.4304122
0.6274938 0.6544998 0.2553005 0.37601 0.6288821
0.6667621 0.3778434 0.8811358 0.4074504 0.3243509
0.5468333 0.5372944 0.5811889 0.3628342 0.7868974
0.8999574 0.6030075 0.3324657 0.04187079 0.9656325
0.857292 0.9499824 0.3114014 0.4628918 0.4498402
0.3543977 0.773759 0.1191163 0.3203625 0.9866104
0.8623285 0.5807825 0.6265985 0.9527525 0.6934017
0.972944 0.04691393 0.2455052 0.6481967 0.4779761
0.9628999 0.9386638 0.7230082 0.152579 0.2579105
0.6257359 0.955608 0.2789762 0.03775839 0.8514619
0.84173 0.5153935 0.3364843 0.5362586 0.08446388
0.974328 0.827289 0.3936016 0.3700586 0.7682727
0.1699408 0.4273516 0.5799188 0.1993297 0.7693304
0.4632555 0.8098234 0.6939163 0.2820669 0.1564689
0.1798732 0.8054695 0.7732194 0.7604194 0.645385
0.5397621 0.6208616 0.2679641 0.93198 0.6664897
0.3210925 0.5033013 0.07687429 0.7648577 0.2617842
0.226038 0.1792113 0.4128939 0.87845 0.5647491
0.6363185 0.1098962 0.4353717 0.584976 0.5417379
0.5803197 0.795425 0.6018977 0.1305454 0.4406918
0.5673873 0.999115 0.5446515 0.1001469 0.4831114
0.1452412 0.3291926 0.3793609 0.3123183 0.8801356
0.7312602 0.6598281 0.7373877 0.7534931 0.6089383
0.1551301 0.3607144 0.9282052 0.5824324 0.3823507
0.20704 0.8370117 0.716575 0.6437766 0.39781
0.4741987 0.8307466 0.07692536 0.8615957 0.7801341
0.8978374 0.865819 0.54082 0.6325422 0.04284626
0.4574181 0.6172318 0.5812036 0.8896581 0.8351709
0.8385129 0.9219341 0.4890569 0.7826488 0.0454157
0.7710659 0.7259496 0.4196828 0.6418267 0.3477723
0.9969653 0.04479672 0.9327707 0.4092114 0.9798669
0.07067264 0.3770478 0.7007901 0.3421829 0.5291038
0.9913052 0.7236726 0.8672303 0.6212683 0.1244215
0.3111969 0.4138961 0.3275754 0.9258053 0.3475897
0.8822079 0.4085911 0.6601999 0.5839746 0.2013232
0.4672106 0.6024813 0.6620494 0.4465522 0.8090876
0.391533 0.5756352 0.549892 0.4760893 0.7050634
0.2409416 0.6372349 0.1203777 0.8866501 0.5252588
0.2594621 0.1305887 0.4368185 0.004558251 0.389848
0.5375206 0.3047292 0.6287257 0.4765151 0.04759342
0.01533822 0.9960377 0.3488709 0.5646157 0.2206948
0.6807159 0.9248272 0.5417849 0.1905575 0.3546531
0.9821472 0.423975 0.9274379 0.9978896 0.3054727
0.9788334 0.3078641 0.5852762 0.4611785 0.638975
0.04653428 0.3710135 0.02267476 0.7420788 0.2937749
0.4642762 0.8198296 0.8050619 0.6660241 0.431825
0.3620334 0.594543 0.8843928 0.8819833 0.7621251
0.3887652 0.05438738 0.7605583 0.4103928 0.0685659
0.9989345 0.3434123 0.3567344 0.03382917 0.4357922
0.6625525 0.9099219 0.6331322 0.02838126 0.9445258
0.9840845 0.430767 0.9136103 0.6312152 0.9674116
0.9071979 0.6949271 0.9693045 0.6882531 0.7522589
0.9626986 0.8389572 0.1522691 0.9233291 0.1800101
0.3167294 0.04058861 0.8025265 0.3759285 0.02319764
0.1271529 0.6684643 0.1994165 0.8163379 0.7854914
0.6938781 0.5343351 0.09871393 0.5813911 0.4531731
0.3094454 0.7391477 0.4024638 0.3598422 0.4666962
0.05671961 0.8071474 0.1987093 0.4327844 0.109313
0.5182672 0.7423343 0.566044 0.3686805 0.6902664
0.5863798 0.1367962 0.2022873 0.1240888 0.6021287
0.8994285 0.8916933 0.6059275 0.6405298 0.743277
0.5045307 0.605108 0.08202029 0.7264373 0.8011576
0.4587337 0.2667313 0.2110307 0.4783297 0.7057233
0.2758119 0.78064 0.689558 0.8462281 0.552014
0.07490644 0.4695966 0.5706597 0.8494528 0.07130068
0.7680009 0.6805416 0.2381886 0.956633 0.08175775
0.2277301 0.3028875 0.2836548 0.2087269 0.5934499
0.5054267 0.100182 0.969447 0.3318393 0.3605428
0.7559249 0.1616538 0.06535377 0.01865107 0.05258699
0.7435714 0.38808 0.461185 0.9053079 0.6771708
0.3026105 0.007192082 0.188793 0.7247751 0.6281902
0.7701948 0.8965677 0.09017439 0.1829048 0.8372971
0.269359 0.2701589 0.7273532 0.8457817 0.9943631
0.9372823 0.5933655 0.6531582 0.4854944 0.996493
0.5995084 0.6527154 0.1294375 0.7098347 0.7667398
0.4598337 0.3967303 0.8518191 0.6267744 0.1287291
0.2670737 0.9331951 0.9291121 0.2041431 0.2829881
0.1013966 0.6624273 0.8761089 0.5121498 0.1925187
0.03613022 0.8284375 0.2843815 0.09788243 0.3842156
0.4456413 0.04610967 0.01545474 0.7129301 0.2104849
0.9163009 0.8117578 0.2572226 0.5088659 0.3835848
0.07813564 0.7332209 0.1818396 0.4195416 0.5703264
0.1577604 0.8722716 0.06130756 0.1741856 0.2156939
0.222198 0.3322832 0.3216396 0.9814952 0.7318736
0.3256893 0.9803134 0.4033541 0.8362787 0.3434847
0.9316561 1 0.801004 0.5898962 0.150024
0.5151644 0.4542653 0.8718474 0.7721488 0.619282
0.4186802 0.2207684 0.4239081 0.3368211 0.1873693
0.2662956 0.02364918 0.3449174 0.4450841 0.9234944
0.5149634 0.4761593 0.374219 0.5493138 0.03679435
0.2779855 0.160741 0.8234166 0.7446954 0.03508794
0.3135108 0.4399281 0.6184193 0.2313712 0.7634398
0.9974043 0.3121812 0.5704025 0.3269124 0.7372047
0.9709826 0.9901007 0.5612057 0.635914 0.2499351
0.3274455 0.1573226 0.9948159 0.9654129 0.1695943
0.02912716 0.8954248 0.183773 0.575813 0.722921
0.5306283 0.5807668 0.7733174 0.8190084 0.5266881
0.3045803 0.04730016 0.01554293 0.1643876 0.2167738
0.2883503 0.8946397 0.7820072 0.7883185 0.6933159
0.09105479 0.8287661 0.5452209 0.3759164 0.8791771
0.609106 0.5234109 0.3685473 0.4182811 0.6959602
0.5485633 0.9366919 0.8075246 0.7783876 0.6129537
0.7635283 0.8790529 0.7900662 0.1572335 0.849258
0.1261038 0.6796277 0.4925331 0.6306741 0.5447564
0.5904199 0.8149959 0.3137635 0.874014 0.2095761
0.04430908 0.7725779 0.1608608 0.007117693 0.4857839
0.6760804 0.4092357 0.04520542 0.2223301 0.05954559
0.7716766 0.2701246 0.9734768 0.05192122 0.3956474
0 0.4437023 0.3797261 0.3340666 0.6919079
0.9028345 0.9616326 0.5487836 0.4396264 0.6771932
0.9094183 0.7134291 0.9463041 0.3512703 0.08293697
0.1858927 0.8182198 0.7633435 0.8306528 0.3105178
0.1870489 0.4395501 0.5675746 0.2498723 0.316832
0.9321368 0.8189941 0.6728883 0.2559089 0.3731343
0.743876 0.5496595 0.6583072 0.7159345 0.6648806
0.0649037 0.1016647 0.7486898 0.01554101 0.05188188
0.6947158 0.7340743 0.08784492 0.07136253 0.4439809
0.8797743 0.04419407 0.3988868 0.1987563 0.2712529
0.8349571 0.2497879 0.5984074 0.2580945 0.3690717
0.9483489 0.3349113 0.3557812 0.7220989 0.8656225
0.4444811 0.853783 0.5437653 0.3065114 0.8738002
0.04649638 0.7505314 0.3205515 0.8198243 0.1868879
0.6953012 0.1212707 0.1346543 0.3571911 0.8811265
0.8323644 0.7831533 0.9932036 0.9771586 0.5570543
0.1876733 0.2640753 0.1767568 0.8178647 0.8500952
0.9611407 0.371003 0.807026 0.55033 0.416274
0.8702258 0.186444 0.2648429 0.4195193 0.6094365
0.2333822 0.9003471 0.2627754 0.3219739 0.8263629
