0.6047243 0.8565412 0.9534961 0.6240903 0.1779096
0.92846 0.7471963 0.3133704 0.905701 0.2967442
0.9136031 0.1014515 0.8219781 0.2770057 0.324991
0.6504802 0.1930068 0.5062166 0.9239901 0.487108
0.2080292 0.5767068 0.2244612 0.2417097 0.5739133
0.2261952 0.4993067 0.723102 0.8804658 0.7778422
0.7341976 0.6088607 0.7109725 0.007537857 0.5227378
0.973087 0.7096365 0.2964795 0.568548 0.1289896
0.8710949 0.1202251 0.6595875 0.8723907 0.8328174
0.1137934 0.02474611 0.9692645 0.400627 0.4055166
0.6409578 0.713586 0.08877202 0.5184352 0.1334083
0.1119466 0.3725519 0.2097042 0.6827749 0.9854814
0.8059225 0.4183392 0.6913755 0.6374765 0.9594775
0.8437712 0.7479044 0.4855949 0.2715173 0.3762923
0.4796239 0.9694936 0.2565122 0.4234476 0.4206712
0.1302169 0.3862578 0.8209162 0.5924492 0.9811475
0.7148377 0.6660784 0.2133216 0.1264845 0.007569869
0.3613796 0.6142042 0.7655418 0.3268863 0.3256881
0.9057322 0.09511127 0.9999561 0.194359 0.9920913
0.6922024 0.02738807 0.9359823 0.009669197 0.5355923
0.4744133 0.6133395 0.3721386 0.3932829 0.2203208
0.1107175 0.3987078 0.1387083 0.1194017 0.475363
0.5812528 0.5802525 0.3901494 0.4511199 0.8539318
0.8054235 0.7577658 0.672423 0.4072387 0.6634059
0.3123652 0.1869787 0.7562339 0.009668041 0.8295371
0.7423423 0.3880261 0.07503317 0.8373773 0.7124856
0.8795935 0.8955313 0.8417443 0.6038104 0.001668767
0.09188554 0.05607386 0.5946284 0.326745 0.8218227
0.3236739 0.2678485 0.2496996 0.1701608 0.3856369
0.5352916 0.9313351 0.01861093 0.3697057 0.7208617
0.3744026 0.5534266 0.9591858 0.279333 0.1545831
0.4773404 0.6637921 0.829785 0.3725975 0.1066667
0.5560621 0.2990585 0.2598733 0.2823527 0.1598764
0.5379475 0.02075316 0.03146289 0.2104736 0.8264821
0.2450075 0.6825824 0.2358448 0.6481563 0.2092435
0.3450003 0.1766137 0.1895302 0.3953069 0.07355005
0.3468439 0.08025858 0.9836896 0.943583 0.5073353
0.5787972 0.5464271 0.408763 0.06111846 0.4291
0.7718549 0.7681689 0.1950679 0.1450109 0.8443829
0.06190913 0.1830178 0.7675719 0.290237 0.8593472
0.8303041 0.3847174 0.6597644 0.1886099 0.1255791
0.4367056 0.1719413 0.4879903 0.9908323 0.03617679
0.3561587 0.004338874 0.836981 0.7227516 0.8178393
0.9283204 0.0630791 0.7060686 0.894288 0.380937
0.830719 0.4835196 0.8367802 0.1404285 0.5551414
0.5821583 0.09873892 0.4272992 0.02375037 0.5526101
0.4773526 0.5645897 0.6190788 0.9167706 0.1935405
0.03784302 0.6130228 0.05800127 0.8599638 0.2578919
0.2705017 0.4774401 0.4124275 0.5698728 0.5603867
0.9062073 0.8588882 0.6202987 0.1720921 0.9863363
0.2101563 0.6006071 0.4556377 0.9041896 0.4421957
0.554996 0.2585948 0.4718599 0.337309 0.8953193
0.8820307 0.5122741 0.3299182 0.2676835 0.6454191
0.9343592 0.4171945 0.9485324 0.7927825 0.5615766
0.1956165 0.4199998 0.3897977 0.8483657 0.6812799
0.7457789 0.1491797 0.6871514 0.5987279 0.7862
0.5849505 0.4640163 0.7785715 0.4591005 0.8120185
0.9094744 0.7383039 0.4392384 0.00363999 0.7343433
0.8674776 0.03306975 0.9561478 0.70128 0.8430059
0.2778974 0.7208831 0.2050351 0.8114942 0.7198211
0.1966554 0.0617885 0.9256093 0.200135 0.09524202
0.7305489 0.5381111 0.1467293 0.7988396 0.120482
0.8674129 0.9260117 0.8272729 0.9128065 0.9202564
0.2543916 0.6072091 0.599285 0.8409213 0.6419368
0.4489578 0.1960932 0.04327895 0.04992767 0.1506778
0.4709393 0.1998783 0.4554981 0.5236635 0.2331188
0.1798535 0.310498 0.6100825 0.8711168 0.8273109
0.5951683 0.7347398 0.860556 0.0719984 0.7400214
0.6236177 0.8687325 0.1711692 0.8329779 0.2102467
0.36099 0.3149176 0.1440548 0.4001641 0.4617988
0.6949577 0.5620024 0.2857196 0.8573546 0.3400573
0.9683545 0.1990996 0.7637925 0.1205602 0.08119272
0.6681958 0.6769216 0.7292523 0.9989972 0.1563649
0.9869889 0.3530942 0.5163099 0.4223621 0.4597413
0.8653211 0.7791004 0.7863446 0.1199545 0.968251
0.3367436 0.7723603 0.3443724 0.5894271 0.9616951
0.9511283 0.7938649 0.3025903 0.8011999 0.4505809
0.05771192 0.1885369 0.5141629 0.3075604 0.630019
0.8655993 0.9153405 0.329834 0.1722102 0.4921963
0.7401566 0.9636983 0.2716221 0.8397593 0
0.2794997 0.1153663 0.2718603 0.3987332 0.5288787
0.6742503 0.5766893 0.3952812 0.7242214 0.7870053
0.03040086 0.6457597 0.2890105 0.9627067 0.7835532
0.8230735 0.4270165 0.4015975 0.5740055 0.4083609
0.5753622 0.6185415 0.7309729 0.7175831 0.5061844
0.02950439 0.5163596 0.40296 0.558222 0.9487143
0.6105501 0.01702271 0.5963541 0.08196345 0.03478837
0.1329754 0.6316829 0.5050026 0.07027773 0.7503799
0.6505725 0.872788 0.6401408 0.2488018 0.4961048
0.3154341 0.02306271 0.2566567 0.1470299 0.9455731
0.7551568 0.7854862 0.1182216 0.5207927 0.05596041
0.9009582 0.1099161 0.2467395 0.2249363 0.2589822
0.2364318 0.4723338 0.1280643 0.9277 0.4456862
0.3160454 0.9063357 0.7122461 0.7339397 0.511668
0.9721137 0.930531 0.2403067 0.1738527 0.1037974
0.02011107 0.03128474 0.9855219 0.5979475 0.09994162
0.312819 0.4120736 0.7336809 0.1681098 0.643527
0.7430796 0.1943513 0.1699924 0.2716953 0.5414343
0.1254598 0.5258541 0.7324146 0.07719844 0.7547267
0.2175423 0.8856756 0.8154663 0.04378337 0.6773309
0.2577487 0.05633771 0.6185635 0.9186228 0.175545
0.7400623 0.07125532 0.2594098 0.2545019 0.2498211
0.9152893 0.8302365 0.9031764 0.7535142 0.894567
0.0213507 0.6832652 0.8111739 0.5053226 0.3471551
0.8294288 0.1954416 0.6194956 0.8344942 0.5449323
0.2628336 0.1296679 0.8178971 0.483523 0.9070548
0.5572811 0.5188825 0.6917399 0.465254 0.7377055
0.5212284 0.110953 0.1781119 0.892635 0.2742141
0.3153417 0.393409 0.5939486 0.8132302 0.6034775
0.256997 0.5046219 0.4660712 0.957251 0.04532278
0.7017417 0.1249818 0.2365622 0.01160934 0.5347423
0.788464 0.4107118 0.9120037 0.4011834 0.8910101
0.9324343 0.6609016 0.5152344 0.6092686 0.6738417
0.2631632 0.6661028 0.8659158 0.1497437 0.7818237
0.7612856 0.873054 0.3957298 0.08162518 0.2310661
0.7416662 0.8290335 0.01356045 0.7654348 0.9741902
0.4330346 0.03343964 0.1604761 0.7977408 0.5222519
0.9931785 0.5955908 0.1686094 0.6149711 0.2676331
0.02127611 0.1134938 0.214441 0.7960085 0.3710942
0.2809847 0.1607716 0.1816189 0.1995725 0.5869341
0.9656233 0.6583609 0.2032389 0.5355594 0.6113601
0.2789509 0.185011 0.1543344 0.4684641 0.7166174
0.06797903 0.1247852 0.532873 0.7512949 0.6656912
0.8771618 0.544696 0.4925557 0.9849763 0.8815763
0.9553452 0.2736515 0.04603216 0.4860226 0.5141063
0.8880283 0.08295107 0.5963614 0.08850173 0.2359717
0.2620777 0.2405309 0.8627876 0.1835619 0.8570429
0.8482733 0.8356269 0.9159644 0.4398724 0.07167799
0.3734134 0.2820181 0.4187925 0.6599364 0.9873953
0.6262762 0.4534972 0.4371896 0.9249618 0.7770357
0.6749834 0.5112033 0.3315146 0.8898388 0.129429
0.1319439 0.1674019 0.8185647 0.0976483 0.3417362
0.932861 0.5025544 0.002535809 0.9401384 0.3809993
0.1456046 0.4017574 0.9849863 0.001675539 0.4838729
0.7177232 0.4778233 0.367987 0.6777285 0.697273
0.7548302 0.4297116 0.1262794 0.06022381 0.7560945
0.4687594 0.4838259 0.02664309 0.286252 0.3857682
0.2895453 0.3956322 0.2698406 0.6957228 0.09780323
0.9211961 0.5417352 0.7181049 0.2357512 0.6322141
0.2583411 0.7380554 0.2922046 0.9400221 0.1776708
0.3372525 0.378473 0.3678881 0.5601539 0.6597887
0.5428625 0.08183697 0.08094527 0.009112381 0.4589451
0.4651859 0.5487736 0.04880004 0.1570068 0.008453471
0.5168245 0.2033909 0.6501139 0.1433667 0.2886849
0.8650603 0.634553 0.2388287 0.2515756 0.8194447
0.1635347 0.04045197 0.3220845 0.2036228 0.2293306
0.083235 0.3170847 0.8171744 0.05361501 0.8522027
0.9745478 0.6403624 0.5620528 0.1096622 0.693953
0.3234261 0.03609617 0.6136314 0.5919537 0.9832198
0.03627313 0.7832174 0.6149586 0.9181967 0.8663711
0.872899 0.7185782 0.8386857 0.8318484 0.9419918
0.8086421 0.6820199 0.845572 0.2816509 0.01205985
0.9959314 0.06105859 0.9042938 0.1187055 0.09216468
0.8033896 0.1682888 0.612818 0.5369658 0.6290237
0.01336766 0.02579711 0.7051231 0.9964646 0.1728973
0.7687642 0.3797574 0.9361358 0.862438 0.6551515
0.4240497 0.786927 0.09961877 0.1221081 0.2497217
0.2370403 0.5906853 0.5488572 0.8184356 0.8818397
0.2341153 0.413656 0.01134104 0.8241383 0.893413
0.4309336 0.8392587 0.5212898 0.3609945 0.4562732
0.7813612 0.8088676 0.4482526 0.2117353 0.3593957
0.8522146 0.3126205 0.6134967 0.6609554 0.4617732
0.6694657 0.6612987 0.8519547 0.4147583 0.3059481
0.9907761 0.1552644 0.1078964 0.3686918 0.4592531
0.835868 0.6906241 0.3524182 0.687045 0.2377825
0.3886964 0.8390659 0.5408367 0.7668983 0.01573041
0.29244 0.1952614 0.6060138 0.4610382 0.9323156
0.9768395 0.7487203 0.3691595 0.828551 0.2195711
0.3781293 0.644661 0.7069002 0.5022842 0.3982394
0.689701 0.6868775 0.1596856 0.3697465 0.5899219
0.2457331 0.6113485 0.4648172 0.01497133 0.8321685
0.09895643 0.9291538 0.8645041 0.8433551 0.9666223
0.6971926 0.8711782 0.532535 0.1614806 0.5006153
0.5390697 0.4911996 0.99822 0.8469107 0.2856495
0.8713761 0.142632 0.409746 0.9810862 0.2105038
0.1717414 0.9163229 0.5196787 0.8898637 0.2380457
0.6376313 0.3326184 0.04231923 0.3156063 0.9709366
0.4349931 0.2175905 0.8556358 0.5636927 0.8175478
0.479216 0.3287812 0.9504747 0.9769476 0.1856178
0.2125079 0.5389133 0.3568067 0.5046401 0.8723201
0.6213056 0.3817325 0.0129633 0.1295774 0.8097731
0.7694461 0.6130722 0.8088532 0.3211484 0.01778169
0.4098531 0.6645693 0.6409186 0.5263932 0.6098713
0.9684935 0.5059884 0.401419 0.6620184 0.4322357
0.1443192 0.5699045 0.691772 0.2162662 0.5343444
0.2802662 0.6590243 0.8859558 0.7971017 0.8086898
0.4514578 3.800816e-06 0.2479816 0.8279022 0.966691
0.139505 0.6976683 0.9311364 0.3244108 0.2292544
0.2819972 0.465444 0.6176611 0.7391154 0.1878053
0.818659 0.498901 0.2484712 0.3567632 0.4608032
0.1199584 0.3944604 0.3521383 0.6322642 0.6131214
0.2116215 0.1443069 0.08220531 0.9087129 0.8339129
0.8140734 0.247805 0.171162 0.8931382 0.05753141
0.8694333 0.900177 0.3530344 0.6502648 0.04136172
0.8351353 0.3992863 0.9668008 0.06777077 0.8395294
0.1902111 0.4487554 0.04271414 0.5918601 0.01961844
0.4792842 0.754811 0.7839692 0.5959187 0.3803524
0.1217599 0.3980217 0.01356073 0.3198025 0.06351837
0.1005433 0.1556688 0.2628481 0.0232793 0.003554522
0.8511352 0.3045108 0.4599078 0.9647418 0.9480095
0.9936206 0.8588898 0.3794801 0.2977449 0.02226621
0.9978713 0.1201131 0.1697562 0.447928 0.1613958
0.6956866 0.8579755 0.967076 0.4678595 0.2358082
0.07913663 0.3818214 0.6641946 0.9513974 0.850045
0.3583668 0.1310528 0.9278928 0.08412919 0.1330442
0.06500079 0.4489793 0.7638387 0.2131483 0.5493106
1 0.4121038 0.6065978 0.3605542 0.5843923
0.2250118 0.3641076 0.9952287 0.6831597 0.8246041
0.5394411 0.03049751 0.4554458 0.3882758 0.5893143
0.305433 0.8655058 0.7871822 0.3070901 0.009991797
0.2431382 0.8799329 0.6241697 0.3996844 0.004098472
0.5672999 0.4378945 0.5244219 0.2359406 0.4464456
0.8152267 0.3436393 0.4367795 0.3339267 0.8705458
0.7736753 0.7885255 0.370605 0.8767637 0.8360983
0.2740895 0.7197457 0.7545455 0.3423289 0.3733047
0.7947515 0.07182793 0.7571979 0.3860364 0.8538256
0.8709028 0.7902168 0.8911189 0.484233 0.1178305
0.852672 0.009305808 0.04864251 0.1577126 0.9214615
0.9985342 0.4307279 0.6372805 0.3616732 0.04983447
0.7332593 0.02562874 0.8640078 0.4101314 0.8257843
0.5307749 0.4950399 0.7219359 0.6063686 0.3581923
0.5026772 0.7280397 0.7911599 0.6247253 0.3262748
0.493505 0.6292823 0.6441799 0.0787377 0.5148767
0.1276112 0.1976301 0.2260677 0.759362 0.8410048
0.1844292 0.964027 0.1375929 0.5009852 0.2897389
0.5660309 0.5645578 0.2696541 0.1424787 0.1458711
0.251223 0.2871545 0.3043537 0.7659028 0.6827012
0.1823776 0.3410036 0.05491713 0.1631352 0.1313498
0.9054341 0.5606879 0.242435 0.7313855 0.124158
0.151169 0.5356993 0.700236 0.653151 0.004135531
0.1673158 0.9345466 0.4123143 0.7635967 0.7338713
0.8617237 0.2088887 0.7096167 0.3528575 0.4246527
0.5925457 0.8305834 0.5388438 0.1030815 0.4574124
0.07113683 0.62429 0.4903303 0.9829423 0.1939671
0.2482268 0.9795838 0.3683347 0.09535456 0.971391
0.6885851 0.1228798 0.9051317 0.5257782 0.01856635
0.8584111 0.2206185 0.9203737 0.8763575 0.4492878
0.6230025 0.7839198 0.5147652 0.6983027 0.7348245
0.6330341 0.7982302 0.6101154 0.2545439 0.6225
0.1216855 0.02345779 0.2503038 0.2100558 0.2700387
0.9124302 0.863098 0.682853 0.5821421 0.6449519
0.5073489 0.9719784 0.36791 0.3140415 0.5174123
0.6143395 0.3475397 0.5097223 0.3998422 0.5785631
0.5717641 0.6467036 0.1954663 0.01220392 0.668732
0.1807474 0.3833192 0.5136705 0.854153 0.05741598
0.725117 0.5672556 0.1960456 0.6002152 0.3480046
0.170551 0.9081188 0.42708 0.3732489 0.06139616
0.2381416 0.1407341 0.9114288 0.6564031 0.8262355
0.7134583 0.7989058 0.2929451 0.1679181 0.3522503
0.433818 0.272672 0.824197 0.3781223 0.7428893
