0.298352 0.02066706 0.03325817 0.4250428 0.7796941
0.03800293 0.4991139 0.3213734 0.7251174 0.6518797
0.7198397 0.3602024 0.1715833 0.4854574 0.1763477
0.2403705 0.7774085 0.3719888 0.8747729 0.8157322
0.3401934 0.9925878 0.2361866 0.755541 0.210882
0.1418068 0.9263417 0.6497189 0.6213646 0.5937339
0.3431247 0.4661387 0.1925461 0.5939631 0.07387129
0.6665301 0.4741565 0.556969 0.7178392 0.3707096
0.6213157 0.5295035 0.9335458 0.4659957 0.1127234
0.6761645 0.1171108 0.9815043 0.1623107 0.105351
0.06825563 0.904806 0.2113636 0.09255804 0.7415767
0.1114866 0.2705052 0.187691 0.5505739 0.6994333
0.1599991 0.2496735 0.7376144 0.8384937 0.2192312
0.6601488 0.5795991 0.5006326 0.1666571 0.3068143
0.1906328 0.3688868 0.7957439 0.8284902 0.5912549
0.9154161 0.2873019 0.8774539 0.01838935 0.3034213
0.210692 0.5149436 0.87813 0.7610273 0.1016911
0.4062036 0.4454187 0.9444559 0.4984169 0.5590431
0.3463349 0.4128144 0.6187127 0.2819163 0.8407168
0.4242979 0.8913001 0.8485172 0.2481234 0.8362689
0.611987 0.9796992 0.5574075 0.7191829 0.02944507
0.8702733 0.1948076 0.3404631 0.6165238 0.9472836
0.9589512 0.6808053 0.6315118 0.2301416 0.4813627
0.6513987 0.5135494 0.2939773 0.4211779 0.0910521
0.1131227 0.9767381 0.4416849 0.1072625 0.3796422
0.8520684 0.5233712 0.242381 0.0898526 0.7969413
0.7822435 0.1573037 0.7718414 0.6612547 0.05678098
0.4231835 0.1550403 1 0.8289804 0.9316133
0.1043653 0.7597012 0.3619175 0.05479458 0.7615236
0.4178607 0.5223646 0.1616316 0.9592806 0.5020252
0.6552013 0.1923699 0.5454398 0.9490416 0.8988616
0.9455118 0.3234751 0.03160882 0.3927651 0.2875602
0.05114573 0.2408089 0.1612555 0.03197345 0.1596825
0.1348332 0.4431786 0.574311 0.9419172 0.844281
0.8395611 0.0003838768 0.4112494 0.07682537 0.3011687
0.4471082 0.6949471 0.6233231 0.1643987 0.425057
0.6496833 0.9892747 0.8867354 0.3034156 0.3549234
0.5131544 0.8269428 0.1350699 0.6030507 0.05132689
0.5108082 0.9714701 0.5286577 0.4563149 0.2551317
0.6304504 0.01692903 0.33587 0.3414152 0.7665008
0.2495063 0.2648782 0.2359736 0.01987439 0.02767125
0.4366514 0.9295046 0.5716259 0.3950531 0.3823531
0.1265915 0.8648493 0.7727381 0.5269455 0.6714573
0.1533114 0.6126441 0.2304784 0.4030183 0.8841433
0.9917314 0.5659891 0.9829125 0.5368311 0.6056798
0.9141511 0.608215 0.01404425 0.7782158 0.2156592
0.663051 0.09348993 0.8103079 0.1896888 0.1671981
0.0320981 0.8596678 0.5019974 0.2637998 0.993016
0.7694163 0.5237663 0.1148224 0.5908682 0.690556
0.001333986 0.7723945 0.7990166 0.4991149 0.6256212
0.3548602 0.1277181 0.8212778 0.9390699 0.6539943
0.3262109 0.3243112 0.7442262 0.8947274 0.9579195
0.5531297 0.6631508 0.2653725 0.9439229 0.6404405
0.4285833 0.03346535 0.2418115 0.3229364 0.7724153
0.4685172 0.967892 0.5788549 0.697181 0.1583028
0.6384686 0.2951388 0.0792472 0.4998306 0.2635462
0.2018181 0.6023826 0.9795035 0.410652 0.9645336
0.9044345 0.2798353 0.5087093 0.083541 0.876639
0.8232904 0.03032474 0.8069528 0.4103135 0.6574537
0.5674336 0.6999806 0.4122052 0.9920935 0.2465296
0.8109 0.3655085 0.4164457 0.1534572 0.748167
0.08106179 0.4239707 0.5042549 0.6467395 0.1096149
0.06703779 0.9538134 0.7053686 0.1765321 0.1357383
0.4004059 0.3142497 0.09736009 0.821891 0.9528982
0.2741729 0.4790092 0.5481752 0.5337542 0.6357767
0.1227449 0.1480788 0.8306209 0.3843756 0.02392004
0.2731517 0.9830624 0.3793783 0.3257616 0.2158367
0.06657312 0.5496183 0.4014824 0.4248241 0.6095711
0.1983494 0.8998492 0.3644364 0.8044097 0.4018977
0.9258092 0.8751366 0.9269291 0.08079399 0.7306275
0.1245876 0.4269644 0.9955507 0.4402038 0.6089893
0.8996133 0.6828738 0.005324173 0.9370375 0.1397188
0.4538077 0.02821129 0.7228 0.708092 0.2308051
0.9288954 0.3930879 0.05973239 0.6901205 0.5998874
0.6536531 0.8284516 0.1487357 0.6353548 0.6057008
0.3553563 0.9218093 0.5196677 0.6537491 0.1644592
0.3312677 0.8982173 0.08060454 0.04645514 0.4506901
0.4268239 0.6802867 0.3562108 0.2403468 0.3742198
0.1566384 0.5391144 0.4881485 0.7422133 0.3213893
0.5106656 0.3543721 0.249834 0.9125873 0.9235999
0.7298244 0.4095692 0.9734765 0.1167136 0.01768048
0.6380021 0.05658311 0.4506639 0.426039 0.6407669
0.7941638 0.01167511 0.5867759 0.5291018 0.5855944
0.05442337 0.4724118 0.8017882 0.5678631 0.6562994
0.9509682 0.4298156 0.7788432 0.5582695 0.7486051
0.694326 0.8403468 0.6879164 0.8351523 0.8722912
0.346723 0.8927803 0.4046059 0.630778 0.04881467
0.7003264 0.3596468 0.7968396 0.9473921 0.9489021
0.6614089 0.2208349 0.8197232 0.585165 0.6392327
0.4378214 0.8202069 0.3481053 0.6024767 0.9115424
0.223591 0.3492127 0.06825509 0.3235416 0.917375
0.03740062 0.3680717 0.3517675 0.245978 0.3630425
0.6660181 0.8087103 0.2241295 0.06866987 0.7872645
0.9700513 0.002525592 0.3953291 0.2192062 0.5714989
0.3755114 0.595808 0.6345018 0.9341674 0.9284913
0.04835326 0.8921633 0.9938537 0.04155713 0.6818898
0.3475246 0.1232962 0.6387037 0.4043461 0.1241557
0.1257401 0.4944355 0.1500366 0.3176552 0.2978194
0.07763165 0.8393806 0.3650163 0.1097812 0.9390605
0.8535203 0.5091166 0.5648018 0.2681549 0.1806569
0.7531306 0.8241378 0.00550031 0.8979579 0.9011067
0.8263645 0.3843867 0.9042197 0.953867 0.4779064
0.2736758 0.04323219 0.3274628 0.7306638 0.4576515
0.487159 0.6206704 0.2856614 0.0919725 0.3817735
0.2614221 0.5894205 0.390782 0.4435353 0.06176512
0.5625227 0.26258 0.6230059 0.5323624 0.7062914
0.2375195 0.4344863 0.1586244 0.5258019 0.5520004
0.6193832 0.2694761 0.7613408 0.5569303 0.3473354
0.1274574 0.2716918 0.04149661 0.1579566 0.3197789
0.49631 0.9757248 0.4000409 0.2796191 0.6954087
0.06859682 0.2718538 0.2413913 0.2007796 0.1758336
0.276432 0.9585602 0.06846172 0.3086808 0.3912485
0.9061078 0.3724298 0.4152275 0.3342996 0.3724034
0.6751748 0.1734446 0.305 0.123048 0.7053101
0.9732691 0.04521415 0.03768953 0.7041117 0.9074156
0.7331972 0.8913554 0.4731641 0.6694343 0.8243265
0.653613 0.8992254 0.344208 0.6067282 0.6950162
0.3760542 0.2423164 0.9120219 0.563838 0.2085795
0.9667945 0.06145982 0.03613196 0.7356641 0.7065172
0.03555553 0.7750632 0.9729684 0.008759023 0.7215135
0.7285553 0.7545311 0.5430321 0.5561274 0.5289589
0.4127465 0.8286936 0.7602455 0.9073157 0.5947984
0.3982649 0.5971189 0.3773843 0.2965825 0.2844129
0.844226 0.3322937 0.1939227 0.7000207 0.1861937
0.4041919 0.4167886 0.2537051 0.6407942 0.859199
0.2501202 0.781295 0.730838 0.4302612 0.3962064
0.9677012 0.03156059 0.7958168 0.3602894 0.3738978
0.4335442 0.6357903 0.0778458 0.9301775 0.6480382
0.4883097 0.2162277 0.5989688 0.4754709 0.5114966
0.1200466 0.5517646 0.7942994 0.8014909 0.1471965
0.6040115 0.5848698 0.5847461 0.7755992 0.3070107
0.5401178 0.8085325 0.973982 0.8340116 0.01499045
0.1174274 0.948135 0.6589656 0.1343841 0.9159141
0.6461133 0.4623074 0.4613434 0.2359975 0.07021783
0.3397583 0.8327649 0.2186055 0.9549589 0.418942
0.2369623 0.0836128 0.4978322 0.02215491 0.2989352
0.7768997 0.349882 0.1526907 0.7732841 0.4599886
0.7770302 0.9572789 0.04752039 0.7529381 0.5269508
0.6084538 0.581058 0.4656664 0.4445212 0.6819942
0.9899005 0.4387236 0.3310732 0.1762112 0.6824828
0.08428631 0.09480552 0.3057123 0.1302457 0.3048071
0.1734587 0.7173275 0.6898429 0.4412143 0.605661
0.273344 0.4585859 0.2979966 0.6778664 0.07203007
0.9866519 0.2550741 0.4877912 0.9598654 0.3169933
0.7004091 0.5220222 0.6805001 0.6860342 0.950565
0.6716193 0.6273012 0.3224296 0.8021723 0.9158978
0.493565 0.1935262 0.2393976 0.9105666 0.3648986
0.4572914 0.7663447 0.01931962 0.8680894 0.9244944
0.02623134 0.8414915 0.1363844 0.9884799 0.9785928
0.8145674 0.4141787 0.9509258 0.4847758 0.4552769
0.03228609 0.03325094 0.1429322 0.5180056 0.402634
0.9594485 0.8620614 0.435027 0.8657145 0.02067552
0.7893549 0.4807853 0.08405422 0.2864543 0.05569519
0.2302106 0.2598533 0.4820468 0.4046836 0.4605843
0.4645769 0.9754597 0.3723572 0.5474244 0.3924877
0.7230986 0.4999952 0.5100524 0.4773517 0.007388196
0.9408671 0.2214912 0.3987828 0.2117338 0.4935201
0.3358465 0.3057451 0.813864 0.5659614 0.2286673
0.6916237 0.8597407 0.209636 0.4642816 0.416491
0.8771474 0.7846039 0.3109054 0.163799 0.6162139
0.6620897 0.2111465 0.7720173 0.4695595 0.5049907
0.8061238 0.7315757 0.7765128 0.3589643 0.1297355
0.8632296 0.5310786 0.6001898 0.5306788 0.5270134
0.4493333 0.5483431 0.4673829 0.06383034 0.5704039
0.3993903 0.5328273 0.05201127 0.6622697 0.3969751
0.8725764 0.6504347 0.8064994 0.5503474 0.08928287
0.3786557 0.6739149 0.650592 0.5330186 0.5265115
0.8901736 0.6684857 0.4950925 0.8026005 0.5277919
0.3093548 0.459876 0.4116954 0.1192987 0.391093
0.4084276 0.06259961 0.03460913 0.9614569 0.6506306
0.7630257 0.7040231 0.2016557 0.4891973 0.05674245
0.9308861 0.8189609 0.3095409 0.840122 0.3184672
0.6412209 0.4958864 0.0746916 0.5667443 0.5414082
0.2085517 0.6527166 0.792097 0.1892589 0.3367698
0.9395881 0.09346617 0.2543569 0.8620815 0.07966642
0.554274 0.8221446 0.3286629 0.1347998 0.6038527
0.1297528 0.9870135 0.9805453 0.02096004 0.01175321
0.07498742 0.6538289 0.8429994 0.6625413 0.9561281
0.08953363 0.69507 0.9449241 0.6351538 0.1893506
0.1979924 0.1305623 0.3564193 0.2442549 0.5563717
0.6431372 0.6690413 0.6321665 0.2211628 0.9040049
0.008918881 0.4913231 0.3873255 0.9712785 0.4347254
0.9566034 0.208048 0.5938943 0.2655169 0.4366314
0.08682975 0.2980964 0.8180856 0.5966927 0.5527159
0.9269733 0.9714089 0.1470687 0.1210326 0.9597942
0.7743867 0.2661977 0.4621539 0.2715834 0.3306337
0.09423926 0.9536742 0.5282913 0.8985305 0.5698282
0.03850555 0.8222348 0.7939611 0.9512722 0.1158135
0.7779609 0.7731478 0.5918608 0.5609221 0.1036043
0.7865149 0.2713994 0.1583536 0.7356283 0.5049286
0.9406166 0.2859998 0.3377256 0.6983093 0.5162137
0.8965679 0.6955911 0.128841 0.05462673 0.603053
0.4859247 0.1886777 0.9442758 0.6209825 0.4886826
0.02499339 0.3402866 0.01067706 0.02898983 0.6999904
0.5238734 0.2417364 0.8902447 0.03690115 0.7866199
0.5257112 0.7382104 0.6439257 0.6448733 0.7981709
0.577641 0 0.01373222 0.7591589 0.3516183
0.334057 0.7866152 0.0384327 0.3065693 0.4224473
0.7992697 0.2513875 0.8880495 0.8786084 0.9930491
0.362347 0.02527258 0.2901814 0.4404495 0.5402891
0.7140509 0.7133489 0.0734799 0.9655628 0.7891381
0.953401 0.2786448 0.7035413 0.7124829 0.4421954
0.2064827 0.9877565 0.586898 0.4908134 0.8626915
0.9658424 0.114545 0.2132652 0.02680991 0.9343693
0.4847599 0.2188987 0.447992 0.7514138 0.8169951
0.6555683 0.2188856 0.9204811 0.3187508 0.844974
0.5859789 0.8516393 0.04570193 0.3844868 0.1203342
0.6819046 0.4181263 0.552899 0.8233919 0.6443804
0.2818482 0.08593386 0.5525215 0.4434541 0.5128663
0.7308316 0.3524569 0.9240961 0.4808556 0.7259793
0.5398091 0.2924702 0.5078694 0.9032942 0.7825994
0.9257487 0.8856395 0.9273207 0.7052722 0.2662143
0.8153321 0.7230951 0.007334404 0.1134263 0.8278836
0.6427863 0.8172341 0.1139298 0.9338292 0.01411076
0.878036 0.8068748 0.9911092 0.9056592 0.6450646
0.4822643 0.4219348 0.127598 0.9121315 0.3032286
0.7650148 0.7496371 0.9693147 0.9524742 0.08168369
0.386981 0.1491924 0.2037948 0.3798115 0.3202388
0.03107281 0.7458575 0.4548653 0.5428094 0.930942
0.7766559 0.9828466 0.5684357 0.3011996 0.7498144
0.9305214 0.1971497 0.9239285 0.2929382 0.08410021
0.8935827 0.8236241 0.2788451 0.6740012 0.3240835
0.08432628 0.4960822 0.4167286 0.4433515 0.8962725
0.2226368 0.41539 0.3664952 0.7851255 0.1298098
0.7134217 0.5862595 0.697789 0.02441895 0.6946286
0.6766518 0.3463567 0.2958412 0.7176153 0.1962082
0.8101517 0.26657 0.4222682 0.6634043 0.02743484
0.4881412 0.4914752 0.1591744 0.3203686 0.4146918
0.7353484 0.1389263 0.3385935 0.66696 0.9175947
0.323417 0.1653331 0.6137563 0.109041 0.7642838
0.3325233 0.6874191 0.1020448 0.6362565 0.71039
0.009079512 0.8096683 0.4763731 0.8237216 0.672974
0.8857338 0.01327482 0.5370926 0.9511502 0.1106033
0.8553763 0.4698231 0.1562865 0.3153123 0.9588972
0.5874873 0.05178874 0.8313042 0.7793306 0.5682362
0.08334649 0.515788 0.3254846 0.02230405 0.1446662
0.2859881 0.5008193 0.1121923 0.3697573 0.5824049
0.7964391 0.1488267 0.2870935 0.3587085 0.1023854
0.4771867 0.2408763 0.2485569 0.7225309 0.8551479
0.3659121 0.925932 0.3762653 0.3663828 0.07559863
0.130562 0.9933324 0.5894613 0.1586291 0.08336018
0.2613224 0.8990725 0.1094848 0.1144684 0.07689709
0.7520403 0.6170787 0.3265827 0.5370932 0.6186374
0.3474989 0.8941719 0.6285136 0.2729516 0.3839262
0.9525227 0.8750188 0.08283606 0.5643042 0.4980764
0.4257957 0.3748373 0.06772966 0.6408969 0.7460761
0.9296587 0.169261 0.5228214 0.6911095 0.6173368
0.655259 0.6575868 0.7082241 0.4779764 0.6116963
0.6630067 0.1213117 0.8678091 0.1159281 0.4052123
0.3523418 0.7150324 0.4318866 0.2165694 0.6956169
