0.8460453 0.2033859 0.8981852 0.4624793 0.8660185
0.3774 0.7090158 0.6036917 0.2336426 0.1211146
0.129589 0.121168 0.2404175 0.7140254 0.04797474
0.07199768 0.01347661 0.8062886 0.5681583 0.7361277
0.474837 0.6178896 0.1186282 0.2699155 0.04333261
0.9665147 0.9293574 0.07923983 0.6667127 0.7975974
0.3220362 0.2378997 0.1417124 0.9826349 0.7542199
0.8898145 0.8019655 0.2081621 0.9492856 0.2394358
0.3904909 0.4608275 0.2537922 0.04527265 0.8492738
0.4721704 0.4587787 0.666019 0.1312724 0.3800691
0.5562025 0.04847181 0.0521138 0.09448545 0.2055597
0.6108057 0.6758347 0.889911 0.7926003 0.5540395
0.5392313 0.9432036 0.3870117 0.4648384 0.00153236
0.3245088 0.668184 0.656212 0.8801647 0.2970318
0.3697659 0.3687742 0.3550999 0.9315754 0.6430707
0.5016066 0.9626086 0.3196372 0.628044 0.3903167
0.3928186 0.5012199 0.4541596 0.8242206 0.09853909
0.8159471 0.4728425 0.1218427 0.7827535 0.03456755
0.9795072 0.1347857 0.2554082 0.08582929 0.4054471
0.6406263 0.09228629 0.7007317 0.8190287 0.2471679
0.5661011 0.1290238 0.2192614 0.4586974 0.8794985
0.7165841 0.847799 0.163824 0.8523984 0.3077674
0.1059379 0.05274613 0.3996295 0.873115 0.9758381
0.36753 0.369515 0.2320417 0.4542347 0.09887446
0.6127292 0.578856 0.9970977 0.5052847 0.2114903
0.4035375 0.6806724 0.2589869 0.964866 0.7179897
0.9136455 0.1998657 0.4035605 0.5990933 0.5721972
0.9159403 0.5306734 0.8003098 0.6656798 0.03669724
0.7024018 0.4901549 0.9564573 0.1455783 0.1175344
0.1465211 0.9807701 0.7705642 0.9084782 0.205117
0.8845538 0.311296 0.2378238 0.7616445 0.3149043
0.7213613 0.7069039 0.7599132 0.07101311 0.4038346
0.9552407 0.0942049 0.02893458 0.3577504 0.7974352
0.2057989 0.7406354 0.7517412 0.620606 0.2166532
0.6727252 0.04535202 0.6306802 0.362267 0.3372851
0.07298846 0.03663364 0.3100676 0.752814 0.4861986
0.9261945 0.5917461 0.8090228 0.5044363 0.3581835
0.5700711 0.6676357 0.2166248 0.7410187 0.5678484
0.1435923 0.2720674 0.370488 0.7693353 0.06610691
0.3232376 0.6735728 0.1394437 0.6249762 0.4221033
0.9416081 0.1191404 0.5608553 0.4237964 0.9964825
0.1056122 0.4618068 0.3914956 0.6324187 0.06074002
0.3231773 0.8220892 0.04539499 0.2172345 0.4419614
0.07695563 0.5948209 0.3280075 0.5089858 0.2024131
0.5262758 0.3207919 0.4516897 0.2048792 0.5479652
0.6610422 0.6879155 0.4488043 0.2785015 0.4615984
0.3306578 0.2432172 0.4142407 0.7415325 0.08345986
0.3798371 0.5310208 0.06461174 0.04980161 0.8806289
0.8578662 0.1145366 0.3315949 0.7177611 0.8981537
0.3288786 0.8194029 0.3552585 0.3819345 0.6411401
0.03165217 0.7933724 0.9598848 0.502443 0.7087894
0.5339581 0.7691587 0.1857405 0.8566323 0.5372803
0.9751751 0.8249419 0.494423 0.3238265 0.2585771
0.4502887 0.5061694 0.640807 0.1137416 0.9296467
0.3412508 0.2172797 0.8676885 0.7606543 0.2894551
0.1772208 0.6054831 0.5499189 0.08529623 0.4814526
0.6614079 0.87014 0.5150571 0.7144277 0.5995969
0.3402082 0.04324565 0.550008 0.5606495 0.7043768
0.7822561 0.4399307 0.8161449 0.5427324 0.4686745
0.1832672 0.8299932 0.3913456 0.2109167 0.2999809
0.9299051 0.1207397 0.3902833 0.262938 0.1669552
0.6701713 0.09125652 0.4098682 0.7185596 0.6647063
0.4847523 0.4909851 0.8807795 0.7683534 0.02139867
0.3983395 0.8428776 0.4672501 0.9281622 0.9184024
0.2802036 0.3352198 0.4957421 0.1462588 0.4443804
0.06436333 0.3336007 0.2352383 0.4591159 0.8137989
0.1069431 0.3176591 0.2515416 0.0002667078 0.5857331
0.2442228 0.9153985 0.5112434 0.7647264 0.6291348
0.07638948 0.3138322 0.2404562 0.4473916 0.1169824
0.8475039 0.3506876 0.07885362 0.6991532 0.1249397
0.5317416 0.09562704 0.4379317 0.458859 0.5673344
0.3811835 0.7607334 0.5475225 0.6771854 0.471486
0.7857573 0.1132088 0.2254976 0.3876176 0.3983937
0.00261158 0.3933274 0.2685159 0.2719402 0.4406339
0.07041317 0.3245998 0.2105334 0.4545321 0.6862838
0.9465765 0.8316588 0.2295753 0.2105855 0.1144994
0.3324153 0.9539256 0.5879333 0.5761218 0.2038557
0.6605668 0.2721733 0.05209738 0.4349817 0.4902569
0.1458337 0.1391548 0.08139778 0.267149 0.478779
0.4222527 0.1846883 0.4000036 0.2106451 0.9740581
0.6436357 0 0.500007 0.1422136 0.8135259
0.6720583 0.04060581 0.8392077 0.9547227 0.4871015
0.8871148 0.5685728 0.3704422 0.9543768 0.7925027
0.8745822 0.170565 0.6154082 0.3527952 0.4987071
0.8873009 0.247778 0.5836275 0.2779688 0.5136647
0.7491657 0.4338428 0.6566386 0.6910809 0.1815475
0.9216332 0.9141095 0.5200969 0.4169807 0.6627464
0.6695716 0.06009135 0.5598304 0.2507012 0.2864621
0.4856229 0.6067991 0.5699701 0.5526521 0.6050267
0.7178225 0.147212 0.05781629 0.3365606 0.03943987
0.64126 0.7106387 0.2716799 0.9942065 0.2635774
0.5215633 0.7226597 0.05002762 0.8067685 0.03935707
0.7283763 0.3003716 0.3199284 0.3126552 0.2242231
0.4724019 0.9681435 0.9972895 0.06484147 0.7275091
0.7040854 0.6330894 0.3938174 0.5812942 0.928105
0.7194134 0.7865334 0.2162269 0.9526354 0.2418425
0.3291397 0.003569353 0.07516795 0.276632 0.281561
0.2537444 0.3985945 0.9991426 0.3540669 0.2293375
0.5470086 0.5492405 0.9941564 0.6345176 0.3541752
0.4209035 0.7010698 0.1785745 0.3210444 0.9070777
0.9385278 0.9293906 0.8328427 0.05758162 0.7898644
0.6342522 0.7915808 0.07640476 0.4847882 0.0325584
0.4894997 0.5380038 0.9767077 0.2125302 0.7917427
0.6282033 0.2530387 0.48954 0.5895157 0.4872516
0.6674935 0.7312025 0.4343897 0.4167971 0.9749848
0.4209616 0.2237748 0.04536438 0.5632298 0.5127699
0.8665275 0.7853046 0.1346544 0.06599599 0.168305
0.625221 0.2649027 0.5360351 0.2891106 0.5552796
0.2363289 0.02144401 0.2716771 0.8560133 0.684227
0.7142151 0.3276111 0.1443678 0.1113653 0.5879775
0.6726713 0.1538431 0.1978677 0.08618857 0.2136127
0.08062794 0.06499948 0.4230549 0.996096 0.5845915
0.6760751 0.973824 0.9008376 0.1514478 0.6671136
0.0740561 0.3402353 0.9422154 0.6815045 0.09470313
0.3323778 0.8800985 0.08355482 0.5053338 0.763088
0.4754823 0.5154737 0.007854917 0.2616201 0.3472422
0.3164977 0.552891 0.726736 0.8728532 0.8510647
0.6767254 0.5119223 0.08309934 0.2563076 0.2915231
0.6350463 0.2447893 0.1561274 0.1575188 0.3661455
0.8325781 0.8435554 0.3314645 0.4588592 0.9807605
0.1883616 0.2347401 0.2289375 0.0779422 0.3353897
0.1220754 0.4257029 0.5142592 0.2364492 0.309652
0.6169527 0.08581101 0.09961226 0.5671526 0.1215234
0.463404 0.129173 0.2356061 0.2160778 0.8697362
0.3416136 0.8331908 0.7383096 0.3260523 0.5879649
0.7136914 0.4433672 0.588857 0.5902482 0.8927294
0.9584205 0.347443 0.07319238 0.1854054 0.5520219
0.08399721 0.5533667 0.05345402 0.02706475 0.583471
0.5745488 0.4204144 0.8945269 0.598808 0.05177716
0.749654 0.05391262 0.1822214 0.8316793 0.7445058
0.2194755 0.1932758 0.7816633 0.3410378 0.1034274
0.424195 0.1421235 0.4587671 0.3883399 0.6360274
0.4976856 0.0196609 0.9792822 0.03493938 0.3202747
0.04097003 0.1243952 0.6806021 0.9758902 0.2326907
0.5224799 0.3949012 0.3299931 0.7307402 0.8645524
0.1548758 0.8532424 0.5680675 0.3534274 0.7562562
0.1403585 0.0576763 0.08966165 0.002305148 0.9656453
0.4539686 0.7007674 0.3144085 0.3879544 0.07646057
0.6026179 0.3521791 0.1485079 0.2060336 0.06510702
0.7490697 0.4095764 0.8735177 0.2367487 0.1618465
0.07149805 0.7194405 0.05605386 0.8425803 0.8868478
0.5417383 0.5636923 0.9501413 0.7448529 0.4536893
0.562218 0.08220284 0.625555 0.8358488 0.2162082
0.07129415 0.1288809 0.5060751 0.6558365 0.2626265
0.2601333 0.4898855 0.929276 0.4361782 0.3771284
0.9094451 0.1129658 0.6396839 0.1883323 0.8466251
0.7896704 0.9182666 0.4489989 0.9416879 0.8834383
0.1564327 0.8540086 0.2535778 0.9107174 0.6088393
0.6697433 0.271054 0.9915009 0.3928501 0.02308099
0.536341 0.3829185 0.7355317 0.2869277 0.3694022
0.8440184 0.9763168 0.6772456 0.08577474 0.2008452
0.7180785 0.8890243 0.7118569 0.1311552 0.462571
0.8479007 0.3550874 0.513043 0.7245739 0.6760958
0.8492548 0.4858709 0.00140867 0.1412161 0.006272735
0.7259487 0.860235 0.7688316 0.2502078 0.9363017
0.4161833 0.329166 0.199671 0.8091701 0.8485541
0.42944 0.6771265 0.6542066 0.8655488 0.7334251
0.2618451 0.9539922 0.3239702 0.1107121 0.646145
0.4168272 0.4440678 0.8963542 0.5945718 0.2806222
0.01636855 0.2451287 0.980106 0.8322344 0.5326197
0.7232281 0.6714765 0.6429123 0.5676045 0.8251727
0.3084322 0.3732661 0.03484572 0.509185 0.3907952
0.651411 0.008918106 0.8081543 0.1630922 0.7666922
0.8020395 0.0164917 0.08231896 0.2732749 0.1973498
0.7783518 0.9425994 0.8372104 0.419806 0.6878772
0.7560189 0.48229 0.2300793 0.158915 0.7966953
0.2091058 0.216741 0.8342604 0.8303135 0.9370853
0.9540921 0.6301998 0.9047878 0.1427062 0.3753418
0.2939615 0.9957081 0.2520033 0.6655898 0.2886981
0.8782801 0.5339097 0.6810969 0.8874585 0.8540921
0.4263412 0.7021162 0.02891432 0.870507 0.6610421
0.1352193 0.1067114 0.9795796 0.382915 0.3926117
0.8970455 0.396709 0.1169958 0.9215443 0.2393026
0.9987247 0.1651039 0.6745702 0.2831083 0.1981519
0.5825728 0.8143967 0.4117707 0.4175804 0.6519569
0.7537737 0.3763472 0.9965568 0.5406758 0.03832182
0.1449967 0.4861351 0.7980772 0.9500512 0.3959787
0.9053554 0.7225732 0.2724955 0.2151601 0.9764556
0.001462589 0.1617153 0.2672211 0.5821604 0.5163831
0.6867916 0.4487326 0.2234321 0.7506301 0.4478387
0.2952755 0.708794 0.5053359 0.4100101 0.3736738
0.5990525 0.9119553 0.6934099 0.6511606 0.3707985
0.2470942 0.0912986 0.2120082 0.3331172 0.003200978
0.2246069 0.01663346 0.6663389 0.2154056 0.720422
0.6720308 0.9652083 0.2369835 0.7904145 0.444867
0.833933 0.7173061 0.8461895 0.03553537 0.3683858
0.2307768 0.7160316 0.1979776 0.09023299 0.4975919
0.5509388 0.2929792 0.4922854 0.4762029 0.2889315
0.9501722 0.708022 0.5583265 0.1599159 0.4382982
0.9994702 0.6278494 0.1370803 0.432094 0.392589
0.3598625 0.9586821 0.4381691 0.3073923 0.6284328
0.1398601 0.9595756 0.9365034 0.3530031 0.08463598
0.595208 0.7487338 0.03410471 0.482598 0.828304
0.3841623 0.1839886 0.560325 0.2761752 0.1498117
0.7186381 0.1632035 0.6314824 0.9902739 0.02274269
0.1972481 0.5565116 0.4838674 0.2741707 0.1687194
0.3604557 0.6003437 0.6532313 0.05187962 0.7943576
0.6043521 0.09470138 0.2162585 0.4443779 0.6677406
0.7331215 0.07476454 0.2003228 0.760976 0.7248243
0.7210744 0.497971 0.4314723 0.7312246 0.4997284
0.6113074 0.3351414 0.3004078 0.5388812 0.8147169
0.3285433 0.4523216 0.06231441 0.3450015 0.7548103
0.2670505 0.9420683 0.5861847 0.1071662 0.7265745
0.6055058 0.1486495 0.8108359 0.1537728 0.6545705
0.5209058 0.9017686 0.3733955 0.4961024 0.7700346
0.2701771 0.3396867 0.5372272 0.8388836 0.5630513
0.3053515 0.9681893 0.9299186 0.5331569 0.4002512
0.6181204 0.6857263 0.9908041 0.1720518 0.7690573
0.6784811 0.2849486 0.7848259 0.1782698 0.7071805
0.6513479 0.6401233 0.3233615 0.2196756 0.07278138
0.7741313 0.2178867 0.01354193 0.5646788 0.3137769
0.3553865 0.08520768 0.2090646 0.8956213 0.3787536
0.6301689 0.2382079 0.08419477 0.1563648 0.5069218
0.398275 0.6415432 0.04383099 0.03527457 0.7532518
0.2448978 0.3067833 0.1642048 0.7342908 0.667318
0.4769648 0.2670072 0.6848417 0.02922741 0.175402
0.7945146 0.3310037 0.6947207 0.5948937 0.8924501
0.2636885 0.9128306 0.7421422 0.4715718 0.9802999
0.3191691 0.7225836 0.64671 0.9564174 0.8599288
0.1503444 0.1617647 0.7322851 0.3867373 0.0921019
0.3519719 0.6575356 0.820163 0.1090863 0.2782466
0.00387366 0.8022662 0.7053897 0.569485 0.5973062
0.3469024 0.1666235 0.9586338 0.2598738 0.4705297
0.3936768 0.7668155 0.7930054 0.6557456 0.1856326
0.579361 0.05324422 0.7921044 0.7231816 0.04501023
0.4490345 0.07233769 0.7177248 0.4803206 0.0958084
0.6916724 0.6961833 0.6662231 0.8587424 0.04313015
0.01920806 0.8698709 1 0.5960826 0.5601157
0.4794661 0.8582186 0.861737 0.1157069 0.4480434
0.3397036 0.5801721 0.08332393 0.2035691 0.992108
0.6990348 0.3158914 0.02617351 0.8060428 0.02397631
0.9483637 0.4224295 0.419359 0.4156367 0.3915297
0.382855 0.6033137 0.3766783 0.2498702 0.7188212
0.7708228 0.5571518 0.08498693 0.3668738 0.8339307
0.1073356 0.5788286 0.9677835 0.7536842 0.1930724
0.0765258 0.905956 0.1445087 0.1246243 0.1009306
0.9624189 0.7031417 0.8052166 0.0472848 0.6197029
0.6837802 0.4975768 0.5340979 0.6137288 0.4830406
0.6657777 0.7055418 0.5494735 0.9479735 0.2120462
0.8008662 0.7733837 0.06430672 0.2971105 0.8956331
0.8545551 0.4862883 0.5528578 0.9233117 0.6543293
0.1099903 0.4646675 0.263929 0.9432784 0.8879861
0.5152071 0.3119217 0.6169463 0.1085105 0.737193
0.3302133 0.6498293 0.0408855 0.2429088 0.831557
0.5301347 0.5899277 0.007312384 0.5408781 0.4504662
0.9157635 0.9243974 0.07301448 0.2506298 0.6992501
0.2519811 0.8400082 0.5722947 0.1217847 0.1026139
0.4569758 0.1542622 0.4899097 0.2270379 0.7184174
0.8107944 0.8127449 0.660175 0.01292758 0.6783033
0.8523266 0.6238149 0.9401061 0.3884492 0.1094086
