0.741172 0.1987461 0.3869789 0.9067617 0.4267028
0.6610197 0.5033021 0.2716538 0.9556581 0.6320201
0.3309241 0.4040047 0.1624068 0.09704901 0.1186324
0.312377 0.4310047 0.1851845 0.6366783 0.5954535
0.6563057 0.8157636 0.05104516 0.9963122 0.5144019
0.3342178 0.2776057 0.2214297 0.3527211 0.1890723
0.9963822 0.4382286 0.1595716 0.2526373 0.5940569
0.2753702 0.07027638 0.5407393 0.974919 0.4821154
0.002356681 0.7472649 0.3383797 0.989784 0.1330885
0.3394361 0.7001102 0.3496803 0.03240244 0.8166385
0.2864865 0.3627283 0.2777478 0.5382004 0.761044
0.677255 0.1530932 0.7282042 0.9603982 0.2006717
0.5480743 0.7383093 0.08946799 0.5581896 0.766375
0.9698623 0.3590934 0.9506012 0.2398319 0.7039294
0.8530897 0.5445933 0.2463633 0.9827579 0.4383312
0.2056586 0.6838358 0.1258449 0.4958027 0.2095427
0.7047281 0.0295048 0.6853329 0.07373195 0.4480151
0.9733041 0.3693176 0.7531872 0.09788155 0.8909529
0.05433363 0.9365189 0.0800484 0.4878536 0.07129749
0.5401428 0.847545 0.6588373 0.6739956 0.9841247
0.4255797 0.2895299 0.8584087 0.789363 0.5947425
0.2827131 0.6184359 0.3019713 0.5538979 0.2684009
0.8283533 0.5849805 0.5482983 0.3965777 0.8921851
0.002663246 0.4594508 0.05987824 0.2443016 0.2772501
0.4499339 0.7051111 0.9355017 0.5909367 0.4227384
0.4139594 0.4455758 0.9669163 0.3428427 0.3079641
0.3900581 0.17384 0.09774683 0.5772634 0.507629
0.1617069 0.6293948 0.1026946 0.0981052 0.08500779
0.3020777 0.7407496 0.4834552 0.1800997 0.7059189
0.7239035 0.7924849 0.5585673 0.3022261 0.6090968
0.7343815 0.6868668 0.3228687 0.8643132 0.4526729
0.9036174 0.5994424 0.9796932 0.7884025 0.7037393
0.05943017 0.4761258 0.3544212 0.1520031 0.986602
0.3064403 0.08602455 0.5450649 0.3727691 0.06101769
0.06743363 0.1039015 0.2205386 0.5758361 0.1424832
0.325969 0.7042643 0.7376722 0.5134998 0.3948745
0.3308398 0.4113414 0.9623025 0.2021914 0.8510383
0.08476725 0.6179953 0.3904103 0.5000439 0.08705657
0.09898054 0.178654 0.539889 0.8983589 0.5347078
0.4593754 0.2385534 0.4236807 0.7885019 0.5527897
0.8791409 0.09055694 0.05238435 0.07580507 0.3472594
0.3731157 0.6465095 0.8980584 0.5862008 0.2279575
0.4132517 0.5660001 0.3141421 0.5413895 0.374255
0.007832226 0.5363474 0.936468 0.1075119 0.2306224
0.9371594 0.2589064 0.8214452 0.6237457 0.5393712
0.8001478 0.6573186 0.7903003 0.5874194 0.8032407
0.2432546 0.1261869 0.597178 0.6549703 0.37688
0.9508495 0.6925121 0.6658619 0.9891713 0.1843345
0.2749006 0.2465555 0.6009553 0.6473333 0.05513488
0.3754089 0.1837476 0.2351238 0.03954064 0.3719598
0.1141253 0.5172027 0.04811168 0.1650881 0.2666966
0.3309635 0.8621574 0.8683279 0.3224172 0.677438
0.3277669 0.6944533 0.565593 0.4408903 0.7679594
0.4784139 0.4989984 0.6187084 0.9959115 0.009210348
0.9879251 0.4479627 0.04980094 0.3207434 0.04534226
0.3895011 0.8965214 0.4084524 0.7253657 0.1493158
0.987432 0.9504471 0.1395494 0.9379055 0.8748149
0.6574921 0.4484108 0.6023603 0.6302051 0.8091395
0.08763434 0.3237921 0.6473064 0.3972235 0.1352311
0.06752847 0.4589796 0.02894709 0.1115961 0.1662142
0.2236581 0.05567417 0.9984285 0.8629671 0.3751478
0.2989343 0.003936841 0.7891056 0.1765994 0.1246504
0.2246802 0.1329175 0.4902909 0.8966124 0.2493632
0.2444424 0.4210726 0.5336242 0.5608648 0.5195877
0.4751806 0.929453 0.5196156 0.1570516 0.3084444
0.8576162 0.03745764 0.992188 0.9429974 0.7002836
0.9972726 0.3400379 0.8605282 0.4627154 0.2529489
0.2822747 0.8283405 0.7029578 0.1949776 0.3795849
0.2860195 0.1074935 0.7319105 0.9297026 0.966477
0.7346881 0.9354269 0.5955827 0.4886163 0.6603789
0.522086 0.8279478 0.6939337 0.09427788 0.6597865
0.1813254 0.04707958 0.5867286 0.08256663 0.04755472
0.5772428 0.3078374 0.3632701 0.7090133 0.2921489
0.4617476 0.9366887 0.7773578 0.05178787 0.006672814
0.4063027 0.005588957 0.7514338 0.9588959 0.4121535
0.0910593 0.5445365 0.8719392 0.4741141 0.6982598
0.5393885 0.9925372 0.8625012 0.8801442 0.2841792
0.4891761 0.1967857 0.8325828 0.8242994 0.7083739
0.5043313 0.7346863 0.7807587 0.7387536 0.5272715
0.1947867 0.2827152 0.02714625 0.0142431 0.03708932
0.6104955 0.3965007 0.7502213 0.2723912 0.266508
0.4009524 0.6736155 0.3137353 0.07560385 0.6438233
0.6343365 0.8445304 0.5643103 0.3645854 0.8663523
0.4764582 0.5658916 0.5336417 0.636986 0.6552557
0.7403657 0.1633872 0.6613249 0.9689686 0.7384531
0.7062785 0.03277748 0.3493587 0.9778951 0.4188336
0.8825227 0.3443172 0.1871393 0.6265433 0.09463322
0.2256774 0.6288562 0.2112798 0.5236591 0.4348176
0.7352789 0.6209513 0.1759243 0.7320608 0.8797412
0.2394625 0.5616065 0.4127882 0.3350099 0.6851419
0.7861616 0.9956553 0.6299834 0.9182867 0.3574249
0.3269142 0.01497724 0.6845866 0.8514653 0.2969649
0.7668379 0.262301 0.6509563 0.8707684 0.9253926
0.5845676 0.2774724 0.2375922 0.9719207 0.03227522
0.8680875 0.3400584 0.227729 0.9844074 0.4834738
0.426827 0.411125 0.1636691 0.1469151 0.00749829
0.4902951 0.2974795 0.008956817 0.9692266 0.3464905
0.4546694 0.3910933 0.9120486 0.2569656 0.7999914
0.9147894 0.07040453 0.9056906 0.1560725 0.1242636
0.5331142 0.8749722 0.2099421 0.3056068 0.1245429
0.09753841 0.7712823 0.8124256 0.6249648 0.7329575
0.8089342 0.659309 0.7157798 0.1679164 0.04071241
0.1480985 0.3137814 0.05325142 0.472855 0.9053994
0.8607235 0.8159235 0.3570474 0.06026193 0.1086254
0.0288315 0.07699689 0.07370026 0.151515 0.1041279
0.5865029 0.9104342 0.757741 0.3224566 0.4247529
0.2133645 0.7472448 0.4661169 0.7404517 0.3641091
0.1718454 0.1934043 0.1964119 0.2949586 0.9201539
0.3866772 0.06751498 0.2755435 0.2493293 0.08510854
0.4075055 0.9107675 0.7014996 0.1178025 0.9379615
0.2633869 0.2479049 0.9540521 0.09146704 0.857759
0.9268363 0.3175955 0.1885487 0.4670858 0.05456978
0.9393335 0.4126316 0.7837468 0.6236738 0.2177284
0.1529409 0.5502703 0.9138748 0.09250903 0.4276277
0.2437505 0.2582584 0.1734218 0.8294558 0.9021904
0.06234634 0.3047427 0.9079783 0.2935892 0.9384534
0.4721553 0.9174177 0.3164439 0.3812737 0.4740951
0.8690095 0.9543635 0.08116153 0.4070599 0.5375676
0.1476984 0.5384947 0.9263728 0.4212063 0.8928943
0.1608562 0.6415328 0.446401 0.03230999 0.5431359
0.5477957 0.9329877 0.1034915 0.3762061 0.1958216
0.1197689 0.9023529 0.5688251 0.8419308 0.7609886
0.4247146 0.7410222 0.5583959 0.1033776 0.1430782
0.1693278 0.2341105 0.3719003 0.3920742 0.2635076
0.0553013 0.9702207 0.5770104 0.7432248 0.6931791
0.6674248 0.323314 0.1057622 1 0.6330884
0.4072721 0.9286783 0.0142639 0.9627118 0.6643489
0.8147168 0.4456011 0.2105351 0.3520386 0.3686865
0.8605951 0.4790903 0.898991 0.3545901 0.8696391
0.4800786 0.6587215 0.4394961 0.1823284 0.9057309
0.4277119 0.4162115 0.09993422 0.4577088 0.8207494
0.700091 0.08495522 0.05326538 0.764732 0.1699446
0.3079918 0.8394143 0.1937007 0.2633737 0.8198461
0.9940857 0.582092 0.7303988 0.5328516 0.4153746
0.9302059 0.456129 0.3347739 0.6234157 0.5401095
0.03915148 0.0514173 0.9571396 0.666844 0.2819961
0.7916171 0.7472529 0.6605602 0.8390278 0.7588543
0.5934625 0.0937743 0.0002992812 0.5248429 0.7140312
0.3251643 0.2406868 0.5560074 0.3565011 0.1389096
0.07147117 0.007512761 0.1585452 0.7637766 0.1566364
0.8401627 0.5498304 0.9785904 0.432187 0.9933966
0.4582745 0.5411278 0.1682657 0.3100531 0.6942188
0.4830971 0.4312035 0.1085305 0.1241926 0.1974089
0.7582246 0.4318408 0.4616295 0.303124 0.194516
0.9248894 0.3055984 0.9739715 0.9589064 0.7191224
0.719772 0.2052943 0.1610925 0.4072018 0.2629656
0.5544206 0.918442 0.4575397 0.472028 0.1686302
0.298067 0.7714824 0.3137598 0.6027949 0.1933058
0.05434525 0.6490053 0.4608234 0.02291765 0.582351
0.1193582 0.4180597 0.9468535 0.1434179 0.6057851
0.618888 0.3054255 0.9924395 0.8405675 0.1384726
0.6143299 0.3239775 0.615734 0.965113 0.3655727
0.8286613 0.6812006 0.2477559 0.0002280306 0.3157735
0.5521138 0.4545783 0.4551004 0.06716403 0.6911203
0.786995 0.4721381 0.4155197 0.7734152 0.09144097
0.2658294 0.09614738 0 0.9168177 0.3883006
0.9516298 0.4067373 0.4837373 0.6590314 0.2538372
0.03749244 0.8931762 3.743723e-05 0.07362423 0.7730958
0.3153064 0.2348228 0.3285879 0.808032 0.4033582
0.09492134 0.9509854 0.01014232 0.1152376 0.8766
0.8814446 0.5981225 0.1691977 0.5820626 0.7720801
0.7976114 0.8406716 0.4244741 0.6944891 0.6622188
0.2537537 0.9491079 0.4201687 0.2003864 0.4492408
0.4850851 0.7727107 0.099193 0.7125508 0.992248
0.5786969 0.5174635 0.8642809 0.003635773 0.820725
0.9123667 0.773273 0.9130933 0.70205 0.4922644
0.4689815 0.2364483 0.2951823 0.1905998 0.6479196
0.9718599 0.3316561 0.5134892 0.1490569 0.7077151
0.7034472 0.08820358 0.3075871 0.06429092 0.4720304
0.8722969 0.06498357 0.634622 0.9553848 0.8634103
0.3087338 0.6669399 0.5724727 0.3603401 0.01147646
0.2151195 0.2959035 0.4123305 0.9018535 0.9738223
0.3284214 0.5178903 0.05472494 0.6849872 0.7365284
0.5567366 0.8163695 0.4418874 0.7829333 0.4366085
0.1916064 0.9649859 0.1159764 0.313953 0.4557633
0.5109514 0.03606437 0.1753264 0.4546812 0.4566856
0.5093772 0.9948238 0.2077196 0.7910422 0.4552534
0.5800539 0.1577459 0.9933854 0.1578313 0.6805484
0.3734849 0.002562269 0.1049813 0.1475942 0.5106988
0.869673 0.4467654 0.4314201 0.1352772 0.4068885
0.927751 0.8650282 0.310152 0.5912757 0.1035543
0.7836304 0.6147155 0.5515977 0.2150345 0.1538481
0.291018 0.7494335 0.2323515 0.1768476 0.9164029
0.8996891 0.9785998 0.3051554 0.8951194 0.1703465
0.1064865 0.5804765 0.5583279 0.1365904 0.1862829
0.8100001 0.6995243 0.7747051 0.1040577 0.299261
0.996677 0.4286145 0.6144219 0.8915901 0.3277731
0.4828325 0.1984849 0.1924186 0.03359578 0.817907
0.98893 0.1240899 0.7943234 0.5790087 0.6957699
0.6647878 0.0421997 0.04149398 0.8217412 0.5311161
0.7700753 0.5686592 0.2243517 0.2283357 0.3663779
0.1108932 0.3442311 0.7028391 0.5020837 0.8833243
0.8506297 0.1370765 0.00915519 0.777798 0.3226527
0.9633433 0.1669059 0.06032098 0.9408711 0.6686346
0.3673364 0.5126881 0.2793721 0.5144394 0.07945876
0.8448669 0.4340995 0.554846 0.7038321 0.6698892
0.1050839 0.7246906 0.04262151 0.02669368 0.3230237
0.6165455 0.2342828 0.6886933 0.1806752 0.19091
0.440361 0.2079932 0.8947165 0.03723254 0.6323908
0.03182399 0.08829591 0.7435622 0.2897178 0.0991474
0.2401874 0.09681926 0.2595953 0.9500897 0.6261321
0.4251351 0.4013626 0.848458 0.5491882 0.05493458
0.5804885 0.617724 0.4700994 0.8754414 0.5151207
0.8153214 0.2174415 0.612125 0.2693483 0.7844055
0.9134143 0.9445918 0.2424911 0.2891591 0.3582959
0.0175257 0.6582498 0.2791615 0.9135717 0.3770136
0.8142904 0.1882866 0.186961 0.5259205 0.7616537
0.4964881 0.9324021 0.6543043 0.7353297 0.5694769
0.1517557 0.03158356 0.4878668 0.6015636 0.3198153
0.3589664 0.8289367 0.1926721 0.1345189 0.2357038
0.6414241 0.7799783 0.7506836 0.6304111 0.3424767
0.2802257 0.6881637 0.8243436 0.9209894 0.9139265
0.8758853 0.02627375 0.2723104 0.6663453 0.9360709
0.08921037 0.7117397 0.418868 0.9713089 0.7771932
0.9326962 0.7385629 0.2958455 0.3794618 0.8060173
0.1729265 0.6182647 0.2543766 0.3229268 0.04335991
0.02542317 0.4449364 0.5656685 0.5323974 0.7014417
0.1229846 0.3390838 0.7761819 0.8092928 0.8359335
0.8013588 0.1682995 0.7375759 0.7279923 0.7441923
0.4704686 0.8940771 0.02899858 0.2110766 0.9975678
0.8994276 0.8909212 0.2032707 0.6720745 0.4132291
0.729505 0.9606693 0.1003831 0.8165733 0.2800255
0.2828251 0.833343 0.9679206 0.9745637 0.5591662
0.5008969 0.4277683 0.7204679 0.9495316 0.1008237
0.7435355 0.7733916 0.7093801 0.7561247 0.9870161
0.9745457 0.9502024 0.8769032 0.2733686 0.9194174
0.7350032 0.0960085 0.207422 0.359948 0.2410344
0.5875826 0.9964848 0.08514236 0.06666905 0.4808886
0.3633689 0.01861656 0.8746905 0.6333409 0.5281034
0.7733938 0.7839832 0.1673419 0.5475797 0.9881541
0.2245518 0.4578149 0.4113282 0.2757719 0.8012445
0.09061408 0.3180409 0.09433532 0.9052048 0.8866504
0.8263779 0.5700543 0.297621 0.6437732 0.4245688
0.1134573 0.9116244 0.7023318 0.8182842 0.04079252
0.1067129 0.08569883 0.402115 0.6942187 0.8580771
0.2009722 0.7353503 0.1853925 0.428353 0.9552511
0.9494183 0.8942538 0.5863143 0.8035287 0.395762
0.4414391 0.2588388 0.3610385 0.9790674 0.1817338
0.9643354 0.2966484 0.6576737 0.8442175 0.3905552
0.6201024 0.4354988 0.3828404 0.7388076 0.751227
0.6561787 0.5762771 0.4041345 0.9757911 0.5431489
0.430707 0.9157482 0.4347363 0.8496208 0.6106916
0.3660616 0.943749 0.9379551 0.5073073 0.523795
0.6536592 0.6142767 0.1293739 0.4667909 0.8407225
0.4644868 0.113177 0.38867 0.5927261 0.2654678
0.6112601 0.517617 0.5779808 0.977717 0.4661888
0.1566356 0.2726765 0.9052389 0.6884542 0.4331589
0.6624931 0.1674287 0.1565168 0.1532479 0.6708481
0.2240509 0.3086037 0.7763117 0.2639606 0.1214689
0.5730338 0.517578 0.5596385 0.2795238 0.1121024
