0.08012585 0.9563893 0.6718527 0.6402162 0.03734005
0.9937212 0.6094246 0.3666885 0.04627822 0.962087
0.3344992 0.3908621 0.343432 0.1146952 0.389035
0.4130237 0.02969629 0.7636333 0.8198596 0.3536471
0.8773454 0.6025982 0.009555539 0.1700326 0.5411984
0.8018789 0.5779334 0.190845 0.6767317 0.8525822
0.5977164 0.9646599 0.9461102 0.4933978 0.2209226
0.2114753 0.9269467 0.6174467 0.2272548 0.7812646
0.1075279 0.3382175 0.3982763 0.6667197 0.1338593
0.1234734 0.9115328 0.9782649 0.5545574 0.7919
0.569241 0.7174691 0.247024 0.6465776 0.6128348
0.4115835 0.08368257 0.7469682 0.6201875 0.8523044
0.2060969 0.7933176 0.08954105 0 0.3688777
0.5179658 0.1873466 0.8073973 0.3497091 0.6933094
0.1368588 0.3637076 0.3592856 0.3974429 0.6446474
0.01093635 0.04841599 0.1353359 0.9396354 0.7530769
0.1677963 0.4841842 0.4548765 0.7051373 0.3342882
0.6763437 0.04897811 0.6538882 0.1362689 0.4264558
0.5736896 0.2705847 0.7284001 0.4991667 0.1223503
0.3050816 0.5814298 0.8167925 0.2440613 0.7769116
0.6352412 0.174593 0.5512505 0.9761325 0.5934893
0.9372741 0.2699691 0.2249204 0.1094563 0.3994633
0.4375323 0.1965396 0.2817133 0.1409978 0.5427152
0.4422409 0.03025074 0.4807885 0.5292049 0.01035336
0.1564316 0.149477 0.9338816 0.4810653 0.9546823
0.670382 0.5935869 0.1068546 0.965505 0.3551533
0.545066 0.357873 0.6401115 0.1189063 0.920977
0.5310742 0.2742964 0.7656782 0.2773996 0.9455077
0.7766451 0.2381344 0.3851468 0.7839778 0.5962665
0.4076976 0.1632087 0.5274982 0.6572778 0.6298692
0.984151 0.5974154 0.5284375 0.9180052 0.879346
0.9616586 0.03707182 0.2804945 0.7502431 0.4783624
0.5870471 0.1850606 0.8257458 0.05349302 0.3423475
0.4305835 0.6971465 0.4030811 0.1604244 0.1148133
0.437143 0.2961802 0.2458853 0.2153947 0.9175897
0.7967847 0.6919028 0.6843287 0.406034 0.3723289
0.3406605 0.4293422 0.2049639 0.1151069 0.6095027
0.8849692 0.5433442 0.9894502 0.01222266 0.6252709
0.878456 0.06723625 0.9382802 0.226453 0.8047013
0.6829878 0.1547138 0.1766306 0.5674387 0.6303528
0.6754311 0.6959309 0.519511 0.4534374 0.9642059
0.4202539 0.1385221 0.5673958 0.01779094 0.3021199
0.45158 0.8846069 0.5038906 0.8995826 0.3351804
0.3699555 0.4595872 0.7893388 0.5328832 0.2705748
0.03515509 0.4742333 0.2464765 0.6812043 0.186021
0.780572 0.758093 0.7813305 0.6100737 0.5173841
0.4980501 0.4447672 0.692258 0.6412278 0.9032929
0.6497315 0.6579311 0.1718325 0.1127954 0.6868073
0.3984565 0.1218843 0.3799646 0.6402252 0.3846981
0.3529926 0.6891404 0.9817071 0.2432972 0.5067791
0.6743585 0.07944829 0.6336802 0.6143938 0.9812546
0.5980197 0.7069081 0.8944486 0.9864293 0.820696
0.754322 0.7192794 0.7495341 0.1496822 0.9931304
0.8287754 0.5881336 0.3161391 0.4418911 0.9060148
0.117672 0.9957524 0.4093087 0.423467 0.7382807
0.1328735 0.3122775 1 0.6377307 0.07552289
0.1240546 0.9653082 0.9690923 0.8686318 0.594571
0.4846588 0.93932 0.1378021 0.04006672 0.3355652
0.0449622 0.9553405 0.00287833 0.3449448 0.3596911
0.2348801 0.6286544 0.5297168 0.3896204 0.2193432
0.9457646 0.9493818 0.09598698 0.9093595 0.0115728
0.2378777 0.168362 0.1037412 0.9915935 0.1498177
0.979394 0.9044107 0.1456323 0.645604 0.4127407
0.1174815 0.7664904 0.3342709 0.8595997 0.896506
0.7738365 0.8339448 0.6743522 0.9064844 0.2629818
0.8048843 0.8304178 0.4159388 0.8808475 0.3663074
0.4882046 0.7698155 0.1807618 0.6681063 0.2950296
0.6326922 0.6562784 0.4020751 0.8982207 0.9492137
0.1291301 0.6305634 0.01579948 0.3223731 0.7116994
0.1792742 0.07561614 0.1803448 0.9621752 0.06302384
0.9705776 0.06004769 0.8031311 0.5944205 0.9970463
0.8787203 0.6854815 0.4715386 0.8545519 0.9979667
0.4917029 0.5264052 0.7489673 0.1589491 0.2686243
0.8786138 0.2000399 0.01729077 0.7389827 0.8543637
0.3772249 0.1864091 0.8923526 0.7523256 0.4166147
0.9636328 0.1915517 0.798442 0.3485252 0.4528567
0.03721749 0.2841491 0.2609604 0.9633788 0.6599726
0.260812 0.2839866 0.6187858 0.2329148 0.9810799
0.968819 0.2436769 0.3892842 0.257085 0.700993
0.1091258 0.9598614 0.8584705 0.1494435 0.4052428
0.2200927 0.7871852 0.5270285 0.8331506 0.6460851
0.9923912 0.865026 0.9074388 0.5512906 0.3378405
0.1910788 0.4131724 0.8336392 0.5871248 0.0971531
0.6701318 0.7937354 0.9752892 0.05174454 0.1374531
0.4831545 0.9237971 0.3636247 0.053237 0.7249227
0.9033413 0.7387546 0.03360601 0.6406298 0.3915146
0.7595122 0.5944339 0.2506422 0.01648502 0.8919999
0.2618731 0.6816461 0.2066473 0.6675419 0.02032626
0.358197 0.4623017 0.2995282 0.4512697 0.647053
0.684114 0.3143014 0.5918571 0.7356158 0.1025159
0.9726263 0.6980677 0.2107785 0.6361917 0.9435381
0.4612335 0.999709 0.6485273 0.780266 0.9312783
0.269261 0.5520703 0.0729939 0.8845995 0.7146968
0.8205532 0.008591445 0.3597528 0.5243426 0.6716747
0.4895508 0.1622842 0.3187673 0.3055677 0.6199563
0.8164426 0.57081 0.08335079 0.8380751 0.182847
0.8638906 0.9272055 0.8527285 0.5986539 0.5144512
0.1492599 0.9438305 0.4538141 0.3671594 0.9704078
0.4182727 0.3378928 0.7890631 0.04937367 0.961647
0.6224908 0.5514024 0.02235239 0.2169664 0.8310547
0.6551338 0.4902611 0.07628006 0.5872464 0.0989986
0.5781354 0.9334265 0.6541365 0.2149733 0.07562655
0.9210654 0.2165956 0.5157907 0.670479 0.4199244
0.4794229 0.07163343 0.9401894 0.9558594 0.801556
0.8447464 0.4051154 0.4670514 0.4899569 0.603491
0.3290578 0.9717486 0.1473331 0.8152363 0.180159
0.1622268 0.8957863 0.1973872 0.8681101 0.5734382
0.2794683 0.2565376 0.8848064 0.9349247 0.1632742
0.9207856 0.4756947 0.4021674 0.5885645 0.4173817
0.6830362 0.1612586 0.484717 0.1684274 0.2315285
0.02482767 0.1252743 0.313612 0.9102465 0.431185
0.9485823 0.01749554 0.1113763 0.6651122 0.04304939
0.4954388 0.7312848 0.4963205 0.07348292 0.1471068
0.5779533 0.6283067 0.515907 0.5391838 0.2149323
0.3608356 0.5160748 0.3825668 0.7787463 0.4860555
0.3213717 0.2337183 0.08602926 0.4600624 0.2544741
0.4392809 0.5705742 0.5228452 0.2963152 0.7237844
0.8337327 0.157912 0.397188 0.9166702 0.1835633
0.2185751 0.1749525 0.9507065 0.2558892 0.9859568
0.6203157 0.7352927 0.03570133 0.7012286 0.7111727
0.7651247 0.5111791 0.1839107 0.7485835 0.6370191
0.4543789 0.5213905 0.2312984 0.4138427 0.3204133
0.7666177 0.9149221 0.4130308 0.5424988 0.9509044
0.3786774 0.329517 0.6627203 0.4387897 0.179306
0.8296518 0.3584189 0.7853371 0.5291836 0.3525427
0.4679161 0.4604454 0.007594501 0.3135682 0.3434483
0.1639588 0.2215224 0.2865245 0.06034067 0.7560375
0.178081 0.3862457 0.5500064 0.1898894 0.2561348
0.22492 0.6541847 0.5446997 0.4909014 0.3157168
0.959016 0.06543116 0.8347181 0.6655966 0.0594221
0.6884863 0.5360337 0.06288264 0.1660659 0.5950338
0.4626551 0.136308 0.4034729 0.9762937 0.2133505
0.5798865 0.6045279 0.7234161 0.6972615 0.6176798
0.2390888 0.3075764 0.6663147 0.5404876 0.02135112
0.1440935 0.05810797 0.6116068 0.9309841 0.7856121
0.2650403 0.2370205 0.6180236 0.3711355 0.8110932
0.1144037 0.794528 0.3957682 0.3942468 0.5197393
0.336454 0.116092 0.8007543 0.001415751 0.2845787
0.9383877 0.8685082 0.7700808 0.5050384 0.1444231
0.6983905 0.0716623 0.1672212 0.143028 0.4868994
0.8139999 0.9102779 0.475536 0.3522265 0.3753832
0.6637763 0.8854134 0.710936 0.6507209 0.04041344
0.5260877 0.6585234 0.4702814 0.7875054 0.1722876
0.5367367 0.9117436 0.4324759 0.7695705 0.6930169
0.06203842 0.08248835 0.5060421 0.3040047 0.7232235
0.8820227 0.5561013 0.932814 0.2120507 0.139462
0.1630686 0.1280083 0.9985414 0.7355212 0.7136584
0.257629 0.9224861 0.6510215 0.7644204 0.6562448
0.2951213 0.7295874 0.3443004 0.4724305 0.9713963
0.4175241 0.2327792 0.8179806 0.5250585 0.9917789
0.1547675 0.9588028 0.03248026 0.3154279 0.3840587
0.1446882 0.2391653 0.7386288 0.9469451 0.2589317
0.3341832 0.1552528 0.7765222 0.7160963 0.8655677
0.9319669 0.6304025 0.4133788 0.8917878 0.4966472
0.2340311 0.9889134 0.02815327 0.1529352 0.2789987
0.7060417 0.8933242 0.5593131 0.168951 0.2075386
0.562936 0.6715134 0.9741166 0.8746576 0.7131181
0.1477359 0.6264442 0.9410826 0.6029256 0.4903995
0.261788 0.04961761 0.5071619 0.9574013 0.221807
0.2487965 0.6545406 0.9031939 0.6535441 0.7785593
0.6232367 0.1313653 0.4822809 0.08922272 0.05484436
0.02502449 0.7701876 0.2806213 0.1351445 0.2171005
0.1652429 0.975863 0.3062816 0.1894339 0.6902725
0.5053848 0.8742649 0.003155793 0.2151687 0.5457408
0.7394455 0.382773 0.0919591 0.7921294 0.4301305
0.709935 0.8353195 0.4733724 0.05134682 0.7929369
0.1132005 0.7634631 0.9519469 0.7916133 0.2860374
0.887517 0.0546394 0.4749582 0.03781236 0.2071286
0.3342682 0.6940998 0.2077124 0.9477661 0.1344851
0.3034833 0.8143181 0.08610507 0.06751513 0.8894279
0.1743366 0.350468 0.6230322 0.01966813 0.4080788
0.1291827 0.01291762 0.9354936 0.3160694 0.1124463
0.7972239 0.8785059 0.3593315 0.4467239 0.4789182
0.3210957 0.9905873 0.6909056 0.4071902 0.04435337
0.215087 0.6215114 0.02540715 0.6396897 0.03839274
0.7714482 0.2523231 0.2621062 0.6376108 0.9796805
0.2410833 0.4066226 0.5267669 0.5039802 0.1700894
0.3598145 0.6632346 0.8644784 0.5323315 0.2972467
0.4638353 0.2481009 0.1522343 0.7618125 0.3579435
0.5753834 0.6577468 0.5558975 0.7380577 0.1206187
0.8218367 0.4090828 0.6657987 0.4538993 0.9870095
0.5267581 0.8301685 0.2046316 0.2157025 0.9165008
0.5705399 0.7808889 0.5908275 0.9428538 0.9415246
0.9180954 0.8668275 0.3407784 0.9694457 0.05112946
0.5196093 0.9832522 0.8785592 0.0009945426 0.6457851
0.7379104 0.5011753 0.8737101 0.3853335 0.8272793
0.525791 0.8722164 0.7256751 0.1344985 0.1534674
0.9472502 0.1665119 0.0231244 0.04077351 0.78232
0.3484611 0.9790338 0.7529155 0.3885062 0.7186868
0.4136961 0.09059443 0.6587401 0.1984507 0.6764401
0.8794191 0.3668385 0.9283687 0.08938555 0.1131292
0.4232778 0.9944234 0.6140418 0.7762015 0.08456791
0.4533833 0.8784901 0.09035624 0.9839524 0.8289147
0.07215393 0.5327534 0.6715086 0.4968805 0.3562678
0.9903844 0.8181833 0.2938757 0.2458081 0.8707226
0.4086847 0.8099408 0.3661664 0.1886129 0.4089507
0.1158471 0.8614411 0.9345853 0.1506493 0.7369583
0.07970219 0.5709134 0.6410725 0.6310699 0.799321
0.9156324 0.9588121 0.3286755 0.6464573 0.5513539
0.1041461 0.7091652 0.4585402 0.265072 0.1989605
0.1705957 0.238561 0.2105619 0.8681565 0.7559784
0.8778136 0.844702 0.1489826 0.9279603 0.7815708
0.4602352 0.8363232 0.1098729 0.5224637 0.373342
0.1486854 0.02006181 0.02436513 0.4668165 0.4969732
0.548287 0.4648031 0.2404313 0.6824293 0.4516209
0.291454 0.6044835 0.4982294 0.1870391 0.521318
0.3319216 0.07044865 0.4542807 0.265538 0.07176757
0.257459 0.9718042 0.2534067 0.6045968 0.1660885
0.02775324 0.9432645 0.6996538 0.6919641 0.4471018
0.3446174 0.8504944 0.5922366 0.7448117 0.5445957
0.04996158 0.840877 0.1435312 0.01855118 0.856088
0.7226568 0.06071817 0.1870535 0.4794354 0.4487602
0.6126502 0.02194366 0.312043 0.8918293 0.5562679
0.000875705 0.07587845 0.258808 0.8098615 0.501407
0.3103991 0.03978459 0.8644454 0.4229288 0.5625882
0.3611933 0.7581082 0.3730764 0.9215977 0.3760687
0.03016322 0.9431329 0.4291659 0.3996086 0.3980376
0.8942926 0.8886556 0.8054311 0.5253242 0.7277143
0.6969396 0.7933047 0.2818341 0.1195059 0.5377255
0.2867795 0.01460568 0.821586 0.8779632 0.1931379
0.6488001 0.03758138 0.1547103 0.4319414 0.1574183
0.3807976 0.8228144 0.7731364 0.07732124 0.3024742
0.8429826 0.4534878 0.1327079 0.1836514 0.1052945
0.4579369 0.5266688 0.4562392 0.5244305 0.3486816
0.8572739 0.9131202 0.09399026 0.437389 0.8496446
0.9631917 0.3977195 0.002278363 0.2372839 0.7498459
0.9022398 0.7856129 0.08979453 0.4270479 0.5716854
0.6073015 0.027651 0.6028893 0.856271 0.3328132
0.7225685 0.9840568 0.9851599 0.1371392 0.4710168
0.9942476 0.4788633 0.5974734 0.04662724 0.8386174
0.1902812 0.5022147 0.9045068 0.5824613 0.4255623
0.6522144 0.295449 0.1771141 0.7772768 0.1109409
0.5314533 0.7035587 0.3404133 0.5637472 0.4643608
0.6037982 0.3219783 0.1111511 0.3139522 0.6664227
0.7512674 0.2402104 0.8736757 0.2433001 0.9181027
0.8529873 0.8619782 0.4942607 0.501409 0.03800679
0.7605939 0.3185271 0.4222401 0.7393798 0.6333555
0.3733337 0.2600224 0.1338747 0.29324 0.6156703
0.66978 0.4426801 0.5303392 0.95953 0.999207
0.5692874 0.8071621 0.3069014 0.4924375 0.7944274
0.4133125 0.02061453 0.2988718 0.8493143 0.5014634
0.6020125 0.01131784 0.7437813 0.2984424 0.3413197
0.05474209 0.4184133 0.582279 0.9813271 0.2830725
0.2742948 0.1132469 0.2201604 0.9689543 0.9864347
0.4396336 0.4619553 0.5113153 0.3766778 0.1879967
0.5388408 0.2335895 0.7443911 0.8591486 0.708425
0.4543847 0.8790336 0.1603609 0.4604518 0.3640047
0.08155074 0.6481803 0.04676731 0.9188183 0.741908
0.0003988403 0.3626858 0.8201306 0.6309042 0.9356603
0.7439615 0.2531357 0.5378192 0.4813293 0.816141
