0.9420967 0.5938494 0.07546744 0.2446554 0.7043005
0.7515745 0.9469869 0.1842211 0.4265428 0.9397713
0.8950721 0.8992824 0.3604153 0.7511695 0.438554
0.2695765 0.07697543 0.6583083 0.4238242 0.2598297
0.2904051 0.4882902 0.4078188 0.6651507 0.6395646
0.3080985 0.1972393 0.6416434 0.7487868 0.1004747
0.5675582 0.5858633 0.5107532 0.8727592 0.02311293
0.3165989 0.8257922 0.6468885 0.8537645 0.1617522
0.2004386 0.8058168 0.5347661 0.7420128 0.7018649
0.6210007 0.2805525 0.6326573 0.7673296 0.8490146
0.9504032 0.629703 0.5461986 0.2026879 0.8092864
0.7736682 0.09399125 0.6777343 0.9015393 0.2966668
0.7709416 0.8204302 0.4209242 0.2135601 0.7650826
0.4748255 0.5685939 0.8919969 0.9199794 0.4111273
0.8653757 0.4649835 0.6997949 0.7758616 0.2037861
0.9106982 0.1724645 0.2808787 0.8202441 0.6979309
0.6309157 0.7269349 0.6268067 0.8456306 0.4659825
0.09546553 0.4562895 0.3085816 0.6767621 0.09904041
0.2812313 0.4965874 0.7954149 0.9128843 0.246591
0.7213328 0.6955347 0.9040677 0.6519588 0.3722553
0.3876359 0.4590506 0.1117356 0.6031499 0.7103409
0.6364547 0.365607 0.1497755 0.4037885 0.07100177
0.967328 0.4877124 0.6155809 0.6020622 0.2765739
0.8462853 0.02056487 0.9023524 0.01606687 0.2808226
0.1749108 0.167137 0.09100923 0.2198371 0.1136683
0.08493488 0.4836429 0.8715035 0.9448136 0.4105364
0.1901692 0.8781909 0.5345089 0.5543066 0.7030824
0.7551437 0.7574762 0.8310547 0.5272736 0.3757512
0.4509462 0.5221919 0.5090852 0.387762 0.2918893
0.1063218 0.3967483 0.08700596 0.09502011 0.8362545
0.1074028 0.2499272 0.5370652 0.8881691 0.3455111
0.5165725 0.325807 0.3511886 0.05824066 0.8785165
0.1677872 0.02280258 0.1684159 0.06109468 0.5983428
0.52499 0.3158896 0.3305646 0.05584972 0.8424543
0.9158312 0.7966932 0.9027129 0.2906479 0.4342547
0.08199538 0.5280677 0.4521628 0.04920756 0.8216223
0.769141 0.6188478 0.07459715 0.6374487 0.1271082
0.8546551 0.5383138 0.9654527 0.9830509 0.2536905
0.1585623 0.7836959 0.7064177 0.04830978 0.7891826
0.5764329 0.1249004 0.7926695 0.0595701 0.6253564
0.01700377 0.4272339 0.2209205 0.9366252 0.01493667
0.4820566 0.6519726 0.3419905 0.07414808 0.1070186
0.648483 0.233769 0.4710921 0.2495966 0.8099161
0.596906 0.8078558 0.6698156 0.7550902 0.1894158
0.07683238 0.5710986 0.2111558 0.2812124 0.5855448
0.8120717 0.5534125 0.2967643 0.1461261 0.6713746
0.8134578 0.8483025 0.2165193 0.634073 0.2535264
0.1900945 0.4046744 0.5896533 0.9790776 0.0531912
0.1028114 0.6079767 0.005118352 0.940628 0.5845667
0.9887954 0.5754708 0.8806824 0.740569 0.8194651
0.7278931 0.4548333 0.3215898 0.2013208 0.6554856
0.2244448 0.7209072 0.813251 0.3368989 0.7920369
0.5404636 0.5122356 0.9091217 0.753361 0.646164
0.4672565 0.9187709 0.6351487 0.9700572 0.9184387
0.5857053 0.8388715 0.4235911 0.2385887 0.1110336
0.6833129 0.4082979 0.177371 0.8157181 0.06914935
0.2132401 0.8343945 0.6702154 0.3849963 0.1666105
0.7223831 0.879257 0.6398694 0.5637774 0.009764673
0.9417212 0.07637338 0.9836207 0.8788179 0.2724396
0.8897823 0.0540085 0.9829889 0.5335902 0.7435614
0.6492002 0.04825905 0.05965873 0.2080566 0.2686196
0.2370814 0.2195212 0.7590889 0.7852323 0.9100376
0.4173707 0.5199862 0.01585337 0.5866011 0.6496512
0.1525013 0.4544164 0.3314592 0.8248403 0.2597767
0.9794427 0.9507336 0.7353636 0.5193513 0.3055143
0.4055033 0.6535331 0.6592033 0.8823972 0.6213905
0.7535789 0.6378831 0.9934855 0.7107129 0.8625974
0.3569689 0.6407433 0.8998906 0.6860709 0.2680327
0.4676283 0.7716272 0.1553305 0.6411283 0.2135861
0.05150545 0.08100159 0.693836 0.8855591 0.5923586
0.1599912 0.6185959 0.3142605 0.3672321 0.5294746
0.6098173 0.2926562 0.9686882 0.7505106 0.9421016
0.04839545 0.1360506 0.4112319 0.7522973 0.09386958
0.8198494 0.3623825 0.1574406 0.8920642 0.5613302
0.8581643 0.1674629 0.04827496 0.5722529 0.9537272
0.6321558 0.0747874 0.1990417 0.7841267 0.2568441
0.9124758 0.733007 0.8158882 0.3065476 0.262797
0.684467 0.5232357 0.6624984 0.1999569 0.0998212
0.4976415 0.09268637 0.1026507 0.6023159 0.7279862
0.0329692 0.9419643 0.04341842 0.6043557 0.8287086
0.9932375 0.6353174 0.3049325 0.2144029 0.2968909
0.8148293 0.4264749 0.4000034 0.8249377 0.7269797
0.5183091 0.6630528 0.2760765 0.9021845 0.5104071
0.3787347 0.7185932 0.8427797 0.9425299 0.01844968
0.8476696 0.2661641 0.3245105 0.559538 0.4760761
0.7429447 0.7334181 0.5284479 0.6357551 0.7411586
0.1916596 0.4016877 0.8791146 0.6042758 0.7920887
0.585068 0.8291783 0.4985919 0.4340072 0.272264
0.3692648 0.2435908 0.9087443 0.844164 0.4109669
0.5246786 0.8962104 0.004901494 0.02712287 0.584113
0.8185658 0.100731 0.5922617 0.1915985 0.4749056
0.0959377 0.1627855 0.5716757 0.8867763 0.9221175
0.3772255 0.3220983 0.3351268 0.3185117 0.1743511
0.2044312 0.600978 0.3437173 0.9581011 0.08516102
0.3323197 0.1378482 0.2394457 0.8720154 0.3356069
0.2526675 0.6957154 0.1474371 0.164243 0.3421488
0.1689426 0.1043323 0.8797037 0.1434512 0.9559536
0.4707048 0.9249417 0.7680554 0.2801725 0.6394621
0.08771759 0.6810053 0.3886115 0.5427704 0.3418885
0.1456468 0.6445591 0.1158555 0.1094426 0.562633
0.5066639 0.9595201 0.6757168 0.2441339 0.4661885
0.7592259 0.3798424 0.0530571 0.2991688 0.1825069
0.628119 0.9327713 0.8008506 0.2281819 0.05926644
0.1077796 0.7339649 0.8192944 0.5080593 0.08680845
0.1753556 0.9314862 0.6458305 0.918488 0.2518347
0.6477854 0.1054489 0.6784725 0.959874 0.04233164
0.7807865 0.4213084 0.2064961 0.7692151 0.5322426
0.1023453 0.4060447 0.171694 0.9624056 0.5933833
0.8570696 0.562931 0.7722215 0.8661887 0.6060558
0.8604154 0.1730432 0.2275606 0.4529 0.9891364
0.4322261 0.5241111 0.8568442 0.3017083 0.099743
0.5455882 0.940803 0.5600778 0.6780559 0.3097383
0.6119049 0.1315058 0.598429 0.5040639 0.03853375
0.7302822 0.9172779 0.1175686 0.4631822 0.7844349
0.7060087 0.3111166 0.3597702 0.1588637 0.8583408
0.5945232 0.4624472 0.1333221 0.0654217 0.6093661
0.6964053 0.5901971 0.5263583 0.7984464 0.9224526
0.4572848 0.1586745 0.8322287 0.0955474 0.9665533
0.9498051 0.1353918 0.6976656 0.7820908 0.213691
0.3011463 0.8292432 0.377851 0.7967285 0.1051957
0.7050935 0.9445459 0.293418 0.3593436 0.2471222
0.01099427 0.3851933 0.4493097 0.07726417 0.985641
0.9428231 0.8407344 0.5665478 0.7329408 0.5208253
0.00470298 0.7921773 0.3379023 0.9821419 0.5656156
0.8899976 0.05083964 0.7950551 0.468181 0.05930147
0.2419601 0.1966616 0.2825812 0.08005485 0.7351738
0.5443978 0.3723892 0.04584902 0.3007825 0.4358992
0.9080338 0.7308247 0.8362679 0.4568537 0.2012895
0.978213 0.7313002 0.981119 0.867637 0.1695789
0.3020175 0.594541 0.5748776 0.7640587 0.02979123
0.168634 0.7282622 0.3616491 0.9648724 0.6372694
0.2711533 0.5876153 0.7647751 0.2159361 0.4103441
0.2158935 0.8157707 0.3345073 0.6173599 0.01447577
0.5726382 0.7888348 0.9347865 0.4986546 0.4780355
0.7077862 0.4133906 0.2187679 0.346655 0.073704
0.4820263 0.7333054 0.07451324 0.2124363 0.5314556
0.6086048 0.1300284 0.341546 0.6160566 0.5959373
0.7547597 0.3066397 0.1665114 0.4950231 0.7187452
0.263361 0.05214862 0.6148772 0.628023 0.05167893
0.6641318 0.147086 0.1580023 0.7884255 0.7347845
0.2078995 0.5726939 0.4806433 0.5326103 0.1378475
0.104553 0.6354309 0.1824335 0.5691938 0.1836966
0.4863822 0.6168045 0.7936736 0.6048175 0.208865
0.2456945 0.2719861 0.194508 0.9097322 0.1528352
0.992576 0.4174231 0.5661781 0.09295186 0.5441165
0.2463915 0.1829777 0.7552197 0.06690649 0.6268631
0.5292862 0.8801387 0.1651137 0.04137076 0.8955057
0.5610824 0.4289932 0.1580219 0.7264686 0.5479772
0.1746038 0.06771523 0.8248155 0.0131816 0.5196729
0.2044916 0.2833503 0.4182812 0.1941992 0.2655611
0.9385256 0.04127783 0.7283931 0.3030293 0.4915889
0.1287609 0.8628903 0.2567332 0.648382 0.7382863
0.553151 0.9126076 0.5213753 0.8678494 0.4840712
0.7635012 0.7140754 0.4007598 0.1642856 0.4934417
0.4613315 0.2697909 0.7238562 0.3770514 0.2776458
0.9690192 0.9084389 0.4131039 0.7218985 0.5336313
0.7234956 0.6691164 0.806697 0.06604989 0.4528501
0.4443952 0.05052788 0.6522658 0.5923797 0.8821069
0.06982925 0.0351994 0.6955384 0.0850581 0.132361
0.5150843 0.9906763 0.3634168 0.5418616 0.1788218
0.1362325 0.4835438 0.2349917 0.808119 0.9136953
0.6201391 0.3104964 0.3850787 0.008917828 0.2666738
0.7834876 0.9833812 0.6445338 0.3553401 0.5372612
0.7578982 0.2603443 0.06608434 0.1185607 0.7639297
0.1892746 0.1927289 0.4254052 0.9866793 0.07807827
0.635356 0.5391849 0.1584716 0.1122358 0.1274657
0.9689424 0.7639445 0.9203267 0.2895449 0.6483369
0.7526093 0.2506384 0.4980789 0.8676237 0.05546503
0.2482847 0.3772094 0.7382489 0.5606206 0.8378696
0.6285152 0.7939547 0.2518952 0.5305242 1
0.6814988 0.2636637 0.4886288 0.2894026 0.04113463
0.4394736 0.5689256 0.2189254 0.6679634 0.492391
0.0461137 0.9836391 0.9084019 0.2101594 0.6855157
0.1504699 0.3061553 0.7627322 0.4002421 0.9035521
0.4911012 0.6870064 0.4437182 0.1688472 0.09968419
0.1508742 0.1239178 0.6897142 0.4850128 0.4502248
0.784565 0.01068008 0.07612005 0.204161 0.9582741
0.7791065 0.2853161 0.6410442 0.6042917 0.9864842
0.2968144 0.7444343 0.226326 0.5290773 0.1561969
0.473216 0.4517442 0.3400583 0.01974008 0.5208489
0.6682797 0.8844142 0.5652338 0.001073248 0.1553907
0.03257156 0.2169383 0.3739348 0.1129813 0.5591138
0.5558295 0.2642033 0.6096264 0.61389 0.1501713
0.9507044 0.8273582 0.5521688 0.7116899 0.473743
0.9155756 0.7790756 0.7467137 0.3205194 0.8027663
0.001707061 0.2979554 0.4853207 0.1975264 0.2142657
0.9798509 0.3520268 0.2411235 0.02228401 0.8461035
0.3543755 0.2706122 0.4338178 0.9147361 0.3169622
0.2564108 0.2979759 0.419918 0.7679331 0.5186582
0.8387842 0.008657244 0.4737252 0.3154502 0.5955965
0.2954415 0.7317071 0.5008724 0.4261454 0.6540697
0.7471536 0.6214427 0.8067524 0.7646757 0.3788358
0.672543 0.8967793 0.3661466 0.2388564 0.8534173
0.02569985 0.3308774 0.2701542 0.228487 0.2860084
0.3085176 0.04483573 0.9631705 0.3949773 0.8448369
0.6306104 0.4179289 0.1526894 0.1860519 0.6264465
0.6792863 0.8777205 0.5166255 0.7164833 0.03721633
0.5027807 0.08630922 0.6867283 0.7455326 0.5945469
0.8206675 0.2306402 0.07842881 0.8660634 0.08117439
0.5573767 0.8885749 0.5139131 0.6578699 0.8702506
0.4339309 0.7920305 0.1704912 0.1971525 0.7818431
0.6999983 0.1274939 0.448618 0.05918239 0.3946263
0.6074028 0.4763067 0.496535 0.8195568 0.5068049
0.1455404 0.1701002 0.04679934 0.5993858 0.2830144
0.04403973 0.1381172 0.207768 0.6626568 0.1376817
0.1277832 0.3802446 0.2066232 0.4861214 0.6740207
0.2814897 0.8569055 0.2605559 0.6874848 0.450719
0.2945716 0.4187949 0.6868709 0.02859844 0.02170258
0.3946205 0.2838927 0.5276149 0.9836184 0.3022093
0.710185 0.6090801 0.4013194 0.9971558 0.7686764
0.8992014 0.05954474 0.7900873 0.03927515 0.2922331
0.6649228 0.1981427 0.0991503 0.2508791 0.8037015
0.06247232 0.3517249 0.2236711 0.6328083 0.6371991
0.8543655 0.7035657 0.2090204 0.07871648 0.6784242
0.2913387 0.6761247 0.4593325 0.8436723 0.1623828
0.3280753 0.1428456 0.4752639 0.5043298 0
0.6879197 0.8502673 0.9569328 0.7710934 0.3733082
0.3932919 0.9113014 0.2698841 0.7755252 0.7713596
0.3703569 0.7858945 0.6067529 0.4036137 0.6284843
0.8322874 0.2905895 0.6035901 0.6666454 0.5527024
0.9165058 0.8818556 0.1190519 0.1577349 0.7550934
0.3575477 0.4396005 0.2010543 0.7036064 0.7371133
0.3378011 0.5849638 0.1449555 0.5330343 0.0969689
0.08026908 0.2722899 0.9351742 0.9080883 0.2188945
0.558121 0.332329 0.1744887 0.6223006 0.5068181
0.8589038 0.8164029 0.9325995 0.5967716 0.2603765
0.6002527 0.2409932 0.8011583 0.6553083 0.3217735
0.660807 0.2156376 0.9531131 0.264635 0.8454344
0.5957201 0.8778068 0.8220782 0.6091046 0.1675092
0.8214928 0.1661191 0.9785974 0.9308824 0.7280792
0.07011552 0.2226626 0.195868 0.01660373 0.2072905
0.5790191 0.9027654 0.01959509 0.2000779 0.9878251
0.9862782 0.3028421 0.9007763 0.3712713 0.6405903
0.1825517 0.0381338 0.3961082 0.5267312 0.8538732
0.01979062 0.5159436 0.2206831 0.7878092 0.3039399
0.1646945 0.2865078 0.4738716 0.8955477 0.07842417
0.6531051 0.9940798 0.8108214 0.9552624 0.04007884
0.6284644 0.1067846 0.3950521 0.1049506 0.9303143
0.7810221 0.9333919 0.5839738 0.09710622 0.678927
0.6861177 0.05908016 0.9907771 0.5065882 0.0008109892
0.08696858 0.1406054 0.2230108 0.2559003 0.8602742
0.9724763 0.1491348 0.9438293 0.2870311 0.7718404
0.869836 0.4723508 0.347459 0.6938377 0.9949121
0.727227 0.5860627 0.667749 0.1251694 0.2733386
0.5697097 0.2770559 0.8529272 0.6548797 0.4990648
0.2523994 0.2145853 0.8675326 0.6785733 0.8888274
0.9903125 0.2002727 0.4342324 0.6225412 0.7999899
0.7399789 0.3519676 0.4491629 0.4796192 0.07102155
0.4390091 0.001872523 0.3505205 0.3423791 0.6272898
0.8280284 0.6683387 0.4682478 0.5379997 0.9262881
