0.7528202 0.7364804 0.6967576 0.9412174 0.01770602
0.977188 0.02895519 0.7004198 0.6181881 0.3779168
0.5500919 0.5593593 0.6467053 0.5498045 0.4866112
0.3290767 0.1496096 0.8021146 0.5254585 0.5767967
0.4952282 0.7852945 0.4123366 0.9520785 0.8089731
0.1677043 0.5303517 0.1799454 0.5360949 0.7475011
0.6226846 0.7302815 0.6523665 0.9745143 0.5616703
0.38791 0.9372278 0.6532117 0.4194 0.231031
0.002737107 0.05169705 0.3307776 0.549956 0.2315284
0.6277533 0.4686933 0.05205935 0.7281791 0.2751985
0.1601716 0.7587379 0.03739113 0.1781743 0.08155748
0.6823247 0.9728759 0.4421379 0.7997862 0.1752801
0.1352006 0.5667001 0.09859149 0.7083517 0.0698418
0.8915813 0.8058434 0.3573222 0.2675399 0.7331366
0.1249365 0.226435 0.6940041 0.4017369 0.5764986
0.7922876 0.930214 0.5117687 0.6940161 0.5720713
0.5152979 0.7031817 0.5812767 0.0251736 0.0281017
0.5734272 0.1121109 0.7554605 0.1924842 0.8130707
0.1779464 0.3090882 0.9909724 0.9201891 0.2373228
0.05860659 0.8576374 0.01948949 0.04265443 0.809424
0.1270276 0.4988959 0.3459822 0.364581 0.2935429
0.1743609 0.3446949 0.2005513 0.9415526 0.5823896
0.3429107 0.1658734 0.970762 0.9751109 0.5512085
0.4624866 0.8567276 0.1093527 0.6449597 0.6957949
0.611471 0.485286 0.8026646 0.442657 0.4114381
0.4446432 0.3082558 0.9505931 0.4657884 0.1220795
0.6907884 0.1185156 0.7683937 0.3390563 0.4487412
0.00654249 0.7644956 0.236941 0.2235961 0.9790167
0.700688 0.2755254 0.9106802 0.765531 0.1488192
0.0955715 0.2023312 0.9367695 0.424038 0.5183082
0.9482716 0.1823898 0.2261679 0.3298188 0.5489452
0.5209182 0.1914681 0.9568976 0.2640793 0.9772342
0.9279901 0.04883946 0.7397193 0.6178611 0.4569416
0.4700778 0.3038512 0.877545 0.3096759 0.8351012
0.08365628 0.0601904 0.2559967 0.9594778 0.6406303
0.03703692 0.3223134 0.4502317 0.9865753 0.9438052
0.6012687 0.5322797 0.2632929 0.5096441 0.002114454
0.9060133 0.1129179 0.7280569 0.7149406 0.6833772
0.8393364 0.9033169 0.421048 0.5984662 0.7563577
0.4942053 0.6869647 0.5771939 0.1282908 0.295582
0.8481134 0.6097962 0.3075684 0.05208615 0.8742617
0.5526443 0.3365458 0.06354766 0.7564637 0.2737816
0.1716865 0.9368274 0.3521233 0.07024032 0.2133313
0.8534069 0.3050437 0.06411602 0.8316724 0.33827
0.7684811 0.9910686 0.7722596 0.7129049 0.387909
0.9255443 0.01566946 0.9134964 0.5552654 0.4464938
0.5765324 0.0892529 0.4332962 0.554418 0.7089327
0.4907364 0.2345877 0.07650393 0.005246983 0.9994707
0.4719048 0.8354045 0.6886792 0.650128 0.3167167
0.9358623 0.4911011 0.5737607 0.8230272 0.9897469
0.03996235 0.903001 0.4869471 0.3461468 0.01773915
0.2315042 0.1389731 0.6258995 0.5211982 0.9012804
0.9689731 0.374565 0.4910604 0.1602759 0.05134022
0.09430558 0.1598224 0.9505311 0.6714266 0.9286106
0.1569035 0.9107038 0.5725843 0.8551792 0.7493047
0.8975063 0.8611214 0.3677631 0.09205599 0.08197
0.7545326 0.33132 0.6637219 0.5791073 0.6259856
0.1950149 0.9866191 0.06165338 0.3982533 0.1264665
0.2694666 0.8151231 0.3285571 0.3053731 0.453258
0.02817627 0.603461 0.4996226 0.1940911 0.9719472
0.2157916 0.5584042 0.1008318 0.5334225 0.4901131
0.1029505 0.993074 0.3003878 0.5155373 0.8955655
0.1345514 0.6886346 0.1983976 0.8500005 0.9512369
0.4327106 0.3141314 0.9595666 0.1745917 0.2256108
0.0287284 0.8123501 0.2439047 0.9226335 0.4956095
0.2332864 0.5740801 0.4271345 0.2780708 0.6613014
0.4361384 0.8230189 0.364791 0.4042001 0.6430822
0.9335358 0.658785 0.2943297 0.08574719 0.3685882
0.8754068 0.2921021 0.1349082 0.5149547 0.1040875
0.1520805 0.3328951 0.1725119 0.7254877 0.7989032
0.5513626 0.494552 0.4792079 0.887406 0.9097302
0.3620243 0.3052266 0.8751137 0.3683678 0.2193427
0.8059759 0.0502426 0.7774227 0.721796 0.5496025
0.4585439 0.5296889 0.8328316 0.7207264 0.8528639
0.3921154 0.4267843 0.6241771 0.2795587 0.2834971
0.1219066 0.8076155 0.8153056 0.4811933 0.3372158
0.5160022 0.5386551 0.02041757 0.2835132 0.1247926
0.03787686 0.7880235 0.3474372 0.7185127 0.2079096
0.04367243 0.1810569 0.5631087 0.7595208 0.166991
0.09262543 0.9362271 0.08107146 0.7356716 0.9942585
0.1565919 0.3475641 0.8031938 0.6591449 0.5269611
0.4276165 0.5361645 0.3639331 0.423785 0.9148147
0.9972566 0.9247372 0.9259545 0.5412926 0.03334487
0.7875682 0.1997221 0.9125629 0.5386156 0.7069278
0.3964505 0.1055964 0.2733396 0.2794693 0.01028111
0.7697741 0.7293255 0.7907105 0.5950157 0.9982656
0.5892345 0.6641918 0.7097025 0.123318 0.3587958
0.8437943 0.9159849 0.5948842 0.1125764 0.7612346
0.6600555 0.7094718 0.4290412 0.411913 0.807443
0.4695968 0.06357342 0.9186967 0.822844 0.003308295
0.4463183 0.1125407 0.2817699 0.2165251 0.3738197
0.646361 0.1092884 0.3167152 0.2482668 0.8253775
0.8638492 0.7139615 0.3309288 0.4492204 0.03313024
0.3329347 0.2803839 0 0.8325074 0.04767848
0.4208543 0.3824432 0.3690074 0.09078933 0.4287933
0.348861 0.1854987 0.5585343 0.2725461 0.9963566
0.1911684 0.5840903 0.5810205 0.5759525 0.8582165
0.5170265 0.9440435 0.6716968 0.8761682 0.1178806
0.3833037 0.6034931 0.8747954 0.8312051 0.96999
0.383092 0.1584353 0.6572506 0.05782392 0.05334413
0.4540231 0.1876074 0.02628439 0.5608063 0.01709266
0.9869945 0.5814747 0.02484766 0.8728859 0.1898968
0.1549078 0.3223272 0.8259607 0.9106837 0.1518381
0.08963874 0.1056105 0.1453204 0.4261059 0.2395508
0.5383719 0.314859 0.4271126 0.3949339 0.1850708
0.6006632 0.1164589 0.5528846 0.742941 0.3895483
0.2708827 0.9039245 0.2577194 0.2827538 0.1250406
0.3143908 0.3892578 0.7869489 0.2827485 0.2942129
0.4564612 0.03249864 0.2163336 0.1807982 0.8246
0.519243 0.4877245 0.2178696 0.3929694 0.4990451
0.9949921 0.6899184 0.1887369 0.347358 0.4188161
0.7133706 0.541034 0.3300808 0.6151691 0.1788129
0.3758398 0.4144271 0.9903211 0.4387874 0.6509925
0.5525181 0.3915823 0.335585 0.8295649 0.05357614
0.9631376 0.06993962 0.6071533 0.5829323 0.02549735
0.4822759 0.4299148 0.3931017 0.5131602 0.1841803
0.3591678 0.5229809 0.3204997 0.141889 0.1455624
0.0323807 0.465107 0.8524146 0.2583293 0.9137639
0.1917785 0.057639 0.7089532 0.1195021 0.007625732
0.3762045 0.3861371 0.7603461 0.8851678 0.7110937
0.5372467 0.11063 0.9853414 0.71488 0.1861328
0.2204013 0.5579987 0.1340283 0.839005 0.6565755
0.4217925 0.7852957 0.7576295 0.993345 0.9743984
0.4293228 0.8588889 0.8979226 0.6229072 0.1881963
0.4139704 0.4180595 0.1957113 0.2100943 0.1533908
0.312493 0.9787832 0.9863227 0.5116711 0.5706079
0.05471246 0.1763455 0.7459114 0.1907546 0.3002794
0.8901385 0.1382884 0.3983569 0.8972857 0.2049516
0.07734224 0.9330907 0.1548538 0.9624168 0.98217
0.1144996 0.9530089 0.2127078 0.4024362 0.4764019
0.1709564 0.5397321 0.3867174 0.7293023 0.9560811
0.7737961 0.6355018 0.84259 1 0.6049508
0.3212282 0.04763284 0.5614612 0.2068188 0.6885496
0.09974645 0.5991673 0.9209844 0.5499785 0.8227484
0.6840333 0.07025175 0.5053478 0.2786231 0.8757618
0.3513104 0.5833973 0.84002 0.4559148 0.6460985
0.5978524 0.3321118 0.4185842 0.2392362 0.2624441
0.1084389 0.5064263 0.3328046 0.2505009 0.1691387
0.5035332 0.3345042 0.775447 0.754365 0.8395662
0.01538914 0.9483625 0.84699 0.7734248 0.7245727
0.9956598 0.7121531 0.1724618 0.5098636 0.258082
0.2105136 0.1796382 0.2756003 0.6723169 0.4907759
0.3304908 0.6452572 0.01278163 0.2899961 0.7335271
0.02740453 0.6904024 0.7524287 0.7418803 0.5530697
0.4403975 0.5196943 0.554503 0.4178793 0.6164316
0.229034 0.1107397 0.1056578 0.8797341 0.3731299
0.8036471 0.871061 0.9319325 0.2994669 0.02411756
0.3287688 0.9312463 0.9855742 0.8616932 0.3971739
0.682716 0.4877347 0.02538704 0.7203339 0.7257228
0.03870432 0.03426658 0.4593755 0.1563926 0.7064943
0.4326579 0.7583935 0.476459 0.6436849 0.5769353
0.9821971 0.3938034 0.8774829 0.8065708 0.9100165
0.5686042 0.1619945 0.5938167 0.9593595 0.9487539
0.4222147 0.005254628 0.9581765 0.7182493 0.3965725
0.05705219 0.2445028 0.357076 0.1561324 0.7146111
0.4626437 0.4358292 0.1896636 0.2869434 0.6057667
0.0967811 0.6013527 0.9796349 0.2225075 0.3150668
0.186073 0.9827556 0.4367629 0.5386702 0.8107883
0.4203698 0.6172692 0.8589608 0.9918498 0.838738
0.3042154 0.03317435 0.4769451 0.08180436 0.1472036
0.9244911 0.5296424 0.8452403 0.4674595 0.238761
0.7814623 0.4696759 0.7759208 0.1077889 0.2719814
0.5232809 0.2367339 0.7048711 0.8228706 0.8594295
0.01130581 0.1200284 0.3805661 0.3800673 0.670892
0.07273923 0.1107779 0.7158522 0.4293057 0.5456301
0.3099709 0.2912717 0.3258624 0.2248643 0.4209609
0.5535017 0.2192894 0.2989772 0.3969689 0.06813718
0.9409266 0.5010128 0.5084026 0.2043956 0.4757076
0.9455996 0.3766249 0.4864661 0.0678406 0.3186519
0.5810148 0.7830563 0.1427311 0.09011764 0.7894142
0.6390411 0.2403075 0.9960194 0.2283608 0.4426051
0.1075875 0.8270896 0.922095 0.6021957 0.1132663
0.3622487 0.5019881 0.7623108 0.9450603 0.01377597
0.06469857 0.1985403 0.3659642 0.1541177 0.6524786
0.8748381 0.7670946 0.4266485 0.1147424 0.1856598
0.787707 0.1389248 0.6541616 0.07564764 0.3345147
0.4776813 0.7870145 0.4510312 0.9651181 0.9234994
0.4296432 0.04710524 0.4997577 0.9671926 0.3623634
0.4284785 0.8997936 0.7037462 0.7195217 0.8123056
0.6212676 0.7358904 0.2564313 0.515723 0.6468754
0.8346325 0.04553528 0.6278356 0.916257 0.8871681
0.8720742 0.7071906 0.1228549 0.5612414 0.5976711
0.9243746 0.6565072 0.09641554 0.2776712 0.4598069
0.2047179 0.7041207 0.5183963 0.9730493 0.8256342
0.1384998 0.3841457 0.3637034 0.6185871 0.01100347
0.3546592 0.7779129 0.465941 0.4062132 0.03558394
0.8444645 0.47477 0.1669775 0.5517001 0.4133963
0.04459143 0.1189831 0.4871351 0.9460296 0.03109647
0.01087761 0.9141095 0.2417472 0.1341592 0.2218645
0.9914356 0.3059288 0.354002 0.5977583 0.102565
0.2632727 0.705373 0.6447413 0.03318973 0.6203496
0.02002713 0.2270251 0.7145756 0.8536237 0.5630017
0.900963 0.4840438 0.5113859 0.09671964 0.0732288
0.3396062 0.9618552 0.8415835 0.6321257 0.05917473
0.1771757 0.6854442 0.8541989 0.9100785 0.05215157
0.2790229 0.8048219 0.2154557 0.7333703 0.06830402
0.0271418 0.3362133 0.1297715 0.4647061 0.1925713
0.5192663 0.8054365 0.8174227 0.6888223 0.7541162
0.1924929 0.3483314 0.9644496 0.7619726 0.8867459
0.3917111 0.1885073 0.8890087 0.2608208 0.3742126
0.2737396 0.9739498 0.7287912 0.6269252 0.2159475
0.2725048 0.4459465 0.4778505 0.3150512 0.6776826
0.04025853 0.1775933 0.8998193 0.1086053 0.7376289
0.2330282 0.5612892 0.8520453 0.6738847 0.751067
0.1651967 0.9680393 0.8659532 0.567156 0.5257818
0.1740533 0.4777453 0.3418888 0.4033038 0.315174
0.04145031 0.5527738 0.179942 0.9415402 0.9283028
0.3963744 0.03802695 0.5234059 0.5364082 0.5254677
0.587574 0.4818289 0.1678562 0.8980904 0.5379234
0.2443814 0.3046749 0.7007449 0.9583797 0.8699955
0.2394321 0.1283909 0.1650073 0.2080838 0.01989339
0.09024447 0.9894384 0.02220029 0.6452989 0.06901041
0.8502625 0.7804287 0.2154552 0.1410562 0.1223312
0.533584 0.8582696 0.1892053 0.2095101 0.69014
0.9779561 0.8856181 0.6850175 0.8434135 0.8288301
0.1747491 0.04888414 0.03731344 0.563861 0.1926732
0.897284 0.7086072 0.8686412 0.9242844 0.1576182
0.08122591 0.5560821 0.04321241 0.6574287 0.6965759
0.4365521 0.6874379 0.460963 0.3754782 0.4470437
0.895149 0.2171322 0.973351 0.4708003 0.7640787
0.1750639 0.234846 0.6992807 0.9705058 0.3730273
0.2408254 0.2255742 0.3454345 0.03499235 0.6082073
0.4380109 0.3184104 0.6844709 0.1439044 0.5612851
0.7590718 0.3582997 0.8265548 0.9374323 0.8570998
0.2457731 0.5340433 0.2921948 0.7772832 0.8681653
0.9075618 0.5884193 0.1714715 0.7420995 0.943309
0.7649379 0.5416733 0.420771 0.9132167 0.0703806
0.07874997 0.3918742 0.8950189 0.04379166 0.1542319
0.2182519 0.3999235 0.3485872 0.5706093 0.5989528
0.4335161 0.2240183 0.8327404 0.6026947 0.3304019
0.5970672 0.6535915 0.3591907 0.226639 0.3419097
0.05467981 0.5726766 0.5585703 0.6010254 0.8138661
0.3446426 0.5703027 0.4610691 0.4203384 0.6271591
0.3972218 0.391219 0.6408428 0.7018549 0.4410382
0.9902231 0.4916498 0.9323811 0.8662494 0.001723366
0.238133 0.1079328 0.05471868 0.487763 0.8109287
0.2891317 0.1596228 0.05023091 0.3692651 0.9323504
0.9597572 0.7750151 0.3034979 0.2577573 0.5586713
0.3517671 0.942427 0.2504214 0.87714 0.1898975
0.3950624 0.661352 0.1854495 0.9039345 0.6304625
0.9302691 0.9064855 0.8041241 0.7187929 0.1496119
0.4929108 0.1622623 0.07130952 0.9116944 0.124521
0.0237102 0.4936824 0.5118533 0.8961088 0.785473
0.9367039 0.7917609 0.8652782 0.00244492 0.2392956
0.06326289 0.02408464 0.02065015 0.293322 0.1356365
0.1384019 0.6918482 0.06214284 0.6877569 0.4010157
0.4110244 0.334683 0.3281536 0.6598417 0.1034437
0.6414265 0.8303404 0.3718694 0.4073755 0.9904788
0.8316957 0.6770761 0.0740339 0.5984724 0.276058
0.7664751 0.8797876 0.6638914 0.2085893 0.6172754
