0.01857312 0.8731494 0.5532345 0.05935894 0.8289311
0.7165235 0.5822244 0.1302586 0.2386918 0.9034065
0.9615877 0.6052611 0.5294458 0.576052 0.2331588
0.9321132 0.1088622 0.09709623 0.0397058 0.5209262
0.1312595 0.9790325 0.3445804 0.736789 0.3383801
0.1042493 0.5624149 0.606996 0.35827 0.7248023
0.6464663 0.1107309 0.345044 0.3384351 0.3132145
0.2411833 0.005144825 0.7647313 0.1983741 0.07240403
0.1747386 0.9762403 0.3780545 0.2441513 0.02483218
0.6258983 0.5708198 0.8204738 0.8680849 0.374755
0.7894548 0.8378917 0.1470927 0.6993138 0.1343764
0.9010153 0.54544 0.4130364 0.3213058 0.4336802
0.802892 0.6559637 0.5164177 0.6572803 0.7398571
0.6623845 0.5456881 0.09846435 0.9082105 0.3887995
0.5188351 0.4318527 0.2681573 0.4369451 0.1949633
0.4012613 0.4562715 0.3792605 0.399378 0.5885682
0.2282973 0.751269 0.2586896 0.6725421 0.5067536
0.4628642 0.2333251 0.9128125 0.448317 0.1395391
0.6836826 0.9363059 0.4339647 0.1139556 0.2058567
0.8250138 0.3982321 0.6573253 0.6892359 0.9846911
0.5368168 0.6449836 0.9368481 0.2979948 0.4952757
0.7904928 0.5823979 0.1398461 0.7871811 0.01731363
0.1648788 0.6396606 0.07823958 0.3208621 0.4689148
0 0.8245173 0.8609329 0.7171102 0.4936514
0.8844263 0.9206114 0.1172362 0.2700502 0.9236513
0.1742432 0.202205 0.4458109 0.167265 0.5016748
0.600247 0.7419454 0.2256414 0.09803234 0.9361261
0.7823436 0.9862695 0.5717675 0.2331708 0.6066161
0.6923464 0.08982157 0.8650067 0.08517426 0.7835133
0.8106849 0.4638481 0.6389008 0.6462075 0.04327865
0.03251079 0.2685288 0.5052862 0.611879 0.918653
0.3113868 0.4946047 0.1803393 0.02896883 0.7239408
0.5164531 0.008879361 0.03083042 0.792868 0.6421248
0.6621344 0.4024456 0.2794479 0.0005185162 0.6879908
0.9217177 0.4081607 0.5481801 0.5124207 0.7527802
0.8771175 0.9053353 0.656314 0.09666697 0.08179338
0.2578276 0.1608351 0.3098037 0.1948741 0.2829281
0.9693979 0.548335 0.5138723 0.5368724 0.05311786
0.7010031 0.8006305 0.6160293 0.1329254 0.1014318
0.637687 0.1827316 0.5631426 0.4902172 0.811518
0.9518226 0.6174699 0.3005054 0.7465248 0.5675425
0.7027015 0.1619316 0.5760324 0.08674924 0.8857043
0.03114859 0.2280124 0.7280636 0.6920376 0.5777152
0.9338304 0.1934605 0.3065112 0.5145429 0.2836382
0.5226073 0.6370844 0.06844099 0.8052892 0.4095815
0.06055412 0.008793578 0.6735426 0.5195322 0.2901483
0.05373023 0.8367099 0.5128661 0.3393928 0.5862563
0.3355399 0.3305388 0.2538954 0.03776935 0.2476323
0.6583616 0.4507517 0.05920504 0.2095904 0.3806432
0.3087481 0.9397102 0.3492569 0.2875846 0.610793
0.1488881 0.8492047 0.6536566 0.7240065 0.6355019
0.1882796 0.6049558 0.8774017 0.5595144 0.3271114
0.86639 0.6349527 0.8503952 0.5609657 0.5048446
0.3214055 0.5279191 0.3498135 0.6770082 0.3900909
0.9341619 0.5220519 0.2602979 0.04716367 0.677616
0.7882339 0.5597849 0.7999789 0.5467721 0.444578
0.6219041 0.6420423 0.2960059 0.09554269 0.2577156
0.2020109 0.2520629 0.2965074 0.7395273 0.09111396
0.7686613 0.3842377 0.3973639 0.05838311 0.4075854
0.8905753 0.9249331 0.417762 0.5553187 0.006797964
0.4369462 0.4175732 0.4190316 0.9613165 0.8981601
0.3628554 0.09587341 0.7499082 0.6866013 0.9105052
0.03340656 0.89783 0.4182151 0.2352599 0.6033445
0.9721575 0.677588 0.6562367 0.02281412 0.7624774
0.05516738 0.9004987 0.01029825 0.9546214 0.2053571
0.991228 0.0256383 0.4901316 0.9708284 0.5980532
0.1991892 0.4475887 0.9184373 0.1131518 0.4204111
0.01538109 0.02802094 0.1284717 0.06149293 0.2473276
0.8030666 0.0110801 0.3389768 0.5221912 0.7688951
0.290492 0.362871 0.3545874 0.05050188 0.2967979
0.3160861 0.08470648 0.1671889 0.02360608 0.04596176
0.3207962 0.1090252 0.6384768 0.5440463 0.6099191
0.4616778 0.8240517 0.8760636 0.1445505 0.8048354
0.616802 0.242177 0.8900881 0.3518735 0.7302927
0.4609523 0.4940537 0.04403054 0.8121569 0.3429412
0.3799208 0.1158614 0.8963861 0.6156678 0.3647764
0.9509677 0.2675486 0.3507002 0.02529312 0.4374532
0.3862847 0.2862493 0.4993235 0.5565892 0.9255965
0.7970136 0.3787826 0.6997764 0.957226 0.02160959
0.08153159 0.7029736 0.2781621 0.2797501 0.03433154
0.697762 0.6550456 0.06915907 0.9397589 0.2965744
0.5307602 0.3239562 0.9316442 0.7593886 0.3101051
0.6623567 0.4438096 0.3791801 0.5487557 0.02770648
0.3074043 0.4684746 0.7324197 0.6302979 0.06691912
0.38525 0.04869085 0.916685 0.3140779 0.9956126
0.5829361 0.08800239 0.2128209 0.7937223 0.2370639
0.8831222 0.3467357 0.2367442 0.5440971 0.8923837
0.5701663 0.3570583 0.5621641 0.166542 0.7599131
0.1098172 0.7964441 0.3857936 0.9825576 0.3875246
0.1769519 0.8814619 0.1202241 0.8272408 0.9529296
0.8447504 0.01914599 0.865601 0.5304577 0.591325
0.868313 0.279773 0.9190753 0.5108159 0.1704131
0.3625915 0.1768079 0.7490763 0.4770626 0.2031513
0.528769 0.4780308 0.5106945 0.03158501 0.7364205
0.07677725 0.559081 0.8831866 0.5048618 0.4168423
0.7705333 0.0985287 0.09719948 0.7669089 0.7408842
0.435124 0.3070233 0.924415 0.3868532 0.6584939
0.4745055 0.7624375 0.720396 0.2141215 0.02143204
0.1914802 0.6302771 0.7209529 0.8661253 0.4276475
0.9149131 0.1164991 0.04509764 0.6262579 0.6337525
0.09402606 0.8561125 0.9976128 0.128317 0.1174049
0.809687 0.4526215 0.1679091 0.471143 0.0263574
0.1292374 0.669224 0.5725494 0.674869 0.3392411
0.9818482 0.07056647 0.6706443 0.4479527 0.5825308
0.5528577 0.9473079 0.4539094 0.1055331 0.9469604
0.5498911 0.8172497 0.5917918 0.3598996 0.4603733
0.4727096 0.739409 0.8321408 0.5192978 0.9427701
0.4640359 0.4079818 0.09617091 0.1787158 0.7814972
0.0739348 0.04589836 0.2767897 0.7710458 0.8330862
0.2948867 0.4306266 0.5533662 0.9017035 0.7526515
0.844219 0.3572277 0.7863162 0.6437974 0.3241706
0.8622702 0.2599925 0.1483549 0.5846063 0.3688239
0.8974765 0.8927815 0.9351555 0.3763269 0.8011707
0.14607 0.5888458 0.6664455 0.01169716 0.2209497
0.6987824 0.0301191 0.03373429 0.8376859 0.4221704
0.9644302 0.4541976 0.6885527 0.68153 0.6971926
0.9438467 0.8609093 0.0664799 0.2225389 0.9721894
0.4572377 0.09745552 0.4387488 0.4625513 0.03039787
0.7202137 0.8467266 0.5091151 0.7903929 0.9250194
0.1231835 0.8923932 0.09698186 0.2557942 0.05624568
0.6262678 0.4997919 0.310074 0.1712443 0.1151009
0.2698796 0.645977 0.2437989 0.922845 0.3279816
0.701463 0.8846873 0.08456085 0.2466393 0.3250637
0.07645934 0.1478952 0.4438561 0.5461039 0.9375594
0.2529639 0.4969058 0.3589525 0.8135932 0.9906895
0.5425758 0.9770707 0.8589352 0.5629781 0.793767
0.1723504 0.1384576 0.8757218 0.4088741 0.9841002
0.4118805 0.7411371 0.4082488 0.0955965 0.03299333
0.8675307 0.2318883 0.6120293 0.9157476 0.5790228
0.278109 0.7580075 0.9489684 0.2229856 0.8930604
0.2622638 0.948886 0.6696069 0.9197119 0.8168163
0.8328336 0.8019726 0.02260751 0.7152648 0.4405434
0.4555682 0.5655487 0.3018629 0.3432472 0.904842
0.6739481 0.5062446 0.302763 0.4532438 0.02089457
0.6554943 0.6774738 0.02154966 0.8023939 0.6973927
0.8629524 0.1660579 0.4139123 0.9038938 0.838027
0.3919036 0.9378305 0.7448359 0.2809006 0.5186636
0.1575718 0.5745439 0.2145945 0.7896576 0.8921638
0.7852203 0.3688487 0.2550394 0.6610422 0.9942268
0.8540194 0.9330185 0.1341214 0.6226698 0.8545023
0.4129053 0.9327398 0.2295073 0.3793017 0.2990133
0.04147659 0.522523 0.8710043 0.7094431 0.3145058
0.971493 0.07705517 0.4921524 0.350187 0.9417884
1 0.4695737 0.4083129 0.6870219 0.2894027
0.2676947 0.9069147 0.1761769 0.3952622 0.6845756
0.2924261 0.9097005 0.09173774 0.304608 0.5434352
0.137212 0.7862946 0.5036122 0.54441 0.7170856
0.7572294 0.1212348 0.04205368 0.8629278 0.5884652
0.5575534 0.1902487 0.1658566 0.5680655 0.2209854
0.3107839 0.8156714 0.6700582 0.6623868 0.4492056
0.7011814 0.9688377 0.5396495 0.00293924 0.4569095
0.7564386 0.2384603 0.3658047 0.7034293 0.5671786
0.8133447 0.4072497 0.5394418 0.423176 0.9520468
0.134338 0.5328797 0.06684001 0.4126488 0.07101519
0.1474509 0.414158 0.9690646 0.8100853 0.8996981
0.691339 0.06836788 0.3539678 0.232424 0.05092144
0.8587805 0.5391042 0.2909732 0.5082996 0.8662079
0.3450572 0.9568483 0.5615551 0.6932519 0.1973377
0.1527451 0.1434999 0.5430784 0.4136299 0.6595856
0.4304214 0.09676946 0.1581571 0.6786309 0.1634205
0.9449173 0.05023188 0.2666073 0.06326527 0.680704
0.6712344 0.4241905 0.2979319 0.02998704 0.7560393
0.2411593 0.1699295 0.5164651 0.05376724 0.9324592
0.3162292 0.2782436 0.383535 0.5193021 0.7208348
0.706343 0.1655831 0.3393851 0.5787265 0.1302696
0.2060619 0.2476002 0.8622234 0.413038 0.8654069
0.02917874 0.3710209 0.5212709 0.6070146 0.2818496
0.1276633 0.5360246 0.4948434 0.08113697 0.5831049
0.9662797 0.5567196 0.8153279 0.02735999 0.8763631
0.3429076 0.884671 0.2922863 0.6787803 0.2102562
0.9534023 0.05545665 0.002584337 0.3274849 0.2923459
0.7741158 0.5066214 0.5361884 0.4612501 0.5895758
0.3094795 0.2402091 0.7883308 0.3506739 0.8822699
0.4838727 0.6734313 0.4350205 0.4965866 0.6198759
0.9188215 0.4989648 0.1364816 0.02936949 0.9356337
0.1025328 0.3516753 0.8013222 0.9476614 0.2386249
0.6715335 0.3721058 0.01703752 0.9127305 0.9080038
0.08388869 0.86995 0.8411873 0.3361353 0.9470813
0.1144604 0.4013888 0.7281535 0.3775816 0.2725755
0.767103 0.249664 0.3969309 0.5192505 0.7325163
0.558268 0.8416885 0.03402407 0.3137201 0.480463
0.3298668 0.1936611 0.6482644 0.4767141 0.1247646
0.1467566 0.8469932 0.2639074 0.5366513 0.3720133
0.7019569 0.2996467 0.7508843 0.02624094 0.9606699
0.4897355 0.702803 0.6635926 0.8969619 0.8660433
0.7390762 0.3321211 0.8561306 0.9770154 0.2375894
0.7500946 0.1050877 0.3743433 0.6266745 0.2133003
0.5509577 0.9675968 0.5346766 0.3790222 0.7238826
0.1458924 0.6333659 0.3036921 0.9595916 0.08689561
0.3639757 0.1677849 0.2805754 0.3855541 0.2121409
0.9642284 0.7898819 0.9263834 0.3786121 0.5655869
0.02256517 0.7314242 0.04612068 0.3437755 0.8530311
0.380028 0.831689 0.4608671 0.07386419 0.9636763
0.8560898 0.08244181 0.6319738 0.6138064 0.9972406
0.342998 0.4901804 0.9908284 0.9188057 0.252123
0.6613647 0.7948977 0.8545737 0.4076576 0.8842218
0.3663762 0.3566731 0.9945307 0.0415242 0.9770859
0.2643757 0.8203562 0.02589257 0.5804042 0.9667022
0.2404431 0.06826694 0.3370781 0.2736452 0.5539488
0.4231045 0.559938 0.7282943 0.460953 0.3324548
0.5718366 0.4976403 0.4549712 0.8315261 0.8491959
0.6237697 0.07625578 0.6813513 0.709533 0.2582736
0.3393098 0.6749184 0.7042723 0.9437623 0.5226647
0.3793665 0.3399882 0.4751445 0.6654441 0.09579256
0.7224512 0.4175272 0.8687019 0.5130471 0.3819634
0.9687558 0.62295 0.1476773 0.2998244 0.1621956
0.7814351 0.3242794 0.6064311 0.3594793 0.1038341
0.8534395 0.860425 0.3839505 0.6391933 0.6257829
0.1221804 0.5100595 0.8388864 0.07401769 0.009218265
0.7757647 0.9600545 0.8117475 0.6839234 0.6161538
0.7561964 0.004581729 0.466112 0.7844149 0.3247012
0.479693 0.651496 0.144721 0.8128952 0.3432855
0.4204576 0.8970171 0.2863022 0.7667599 0.5530144
0.6292847 0.4419007 0.153615 0.5367511 0.1882134
0.6163336 0.727154 0.3569555 0.6332946 0.5613156
0.2880656 0.8611652 0.446051 0.7975489 0.4550366
0.8626593 0.4295862 0.5312331 0.2679932 0.1152848
0.09308171 0.3698458 0.2484856 0.49935 0.1868267
0.3755095 0.7028486 0.0619551 0.7414055 0.9511823
0.5190973 0.03922632 0.7822426 0.7387215 0.8056165
0.2460207 0.879018 0.9126575 0.8392154 0.673395
0.01639413 0.6711449 0.07457764 0.1059704 0.5366991
0.8118158 0.1193383 0.1792954 0.2404709 0.02917815
0.1213272 0.7783302 0.03014258 0.577092 0.1858694
0.9517896 0.7938733 0.9910902 0.3797137 0.3328145
0.37633 0.6429168 0.5272484 0.558771 0.7687448
0.958836 0.8439444 0.4774514 0.7336792 0.5008836
0.2770513 0.1431993 0.7441176 0.4122701 0.7701509
0.528945 0.6358507 0.6579843 0.8828283 0.3323252
0.7908048 0.05277552 0.3418023 0.7740847 0.246959
0.5664767 0.8324481 0.4144488 0.3729871 0.3958003
0.461594 0.7838092 0.5887732 0.954304 0.8447989
0.29069 0.27024 0.1267542 0.2943414 0.6280539
0.9689939 0.7005175 0.2542601 0.4848595 0.8262104
5.724008e-05 0.03909433 0.1217551 0.4627772 0.3880792
0.2461759 0.5571327 0.1003603 0.2996517 0.07740528
0.5504897 0.1430248 0.5503262 0.5507216 0.3200373
0.2330855 0.007494657 0.09632495 0.5941191 0.8752804
0.5977641 0.7280414 0.7807382 0.1668594 0.848909
0.1055345 0.213401 0.4165983 0.2498387 0.5018569
0.0296573 0.6337996 0.4075978 0.9551271 0.1254067
0.279224 0.368577 0.3745017 0.4247476 0.5625341
0.9971689 0.8722923 0.816494 0.7048423 0.6713793
0.2139219 0.3014528 0.6267355 0.1526781 0.2295959
0.5118753 0.1005746 0.8985709 0.7977091 0.4891803
0.5609524 0.913487 0.7866708 0.5166516 0.7826161
0.8970876 0.798175 0.1980283 0.2759155 0.0305907
0.02269736 0.4646193 0.4214368 0.1621923 0.6316987
0.3288823 0.1144632 0.7918988 0.7445346 0.4653728
0.4891744 0.108138 0.474314 0.06158186 0.1511242
