0.7841293 0.1601255 0.7910767 0.4666943 0.3680739
0.1246789 0.424877 0.6960947 0.4030127 0.5809685
0.0128359 0.7363123 0.7108229 0.5687475 0.8835478
0.7381786 0.9228402 0.5485691 0.9329403 0.7185422
0.1464204 0.2955848 0.09607493 0.5543049 0.06844593
0.02694999 0.3938815 0.1164483 0.4183448 0.5922939
0.5503996 0.7591632 0.9781693 0.03922566 0.8017881
0.471121 0.9657339 0.4906418 0.6428818 0.9384054
0.3856031 0.05836547 0.1721241 0.7669611 0.2426485
0.6972212 0.1673429 0.1648974 0.3757091 0.7605054
0.256408 0.5456501 0.9679192 0.387401 0.9673295
0.6133479 0.8341896 0.428382 0.3830199 0.2744221
0.6245829 0.1215054 0.8027788 0.6516489 0.8878273
0.4426303 0.3823515 0.5911354 0.8119269 0.6838311
0.9801759 0.229433 0.2760037 0.9435827 0.9942062
0.9753125 0.5819937 0.3573967 0.8280466 0.3000528
0.1389652 0.8895943 0.5743058 0.7631954 0.1405053
0.2681707 0.9665777 0.3244798 0.05652269 0.8438936
0.749838 0.9217163 0.8936153 0.6795853 0.8356311
0.5282026 0.5366004 0.6602412 0.5302287 0.194189
0.4817789 0.0232491 0.8339863 0.3997777 0.1754695
0.2800348 0.9732126 0.3952239 0.5719551 0.7035939
0.003738465 0.502703 0.6550826 0.6361472 0.2594305
0.925609 0.9174173 0.7219298 0.5561002 0.06932776
0.6266913 0.3060906 0.1762186 0.4119335 0.7353003
0.6078901 0.4924962 0.1328589 0.6812339 0.3204258
0.2707949 0.2037517 0.3558514 0.0596705 0.8028627
0.2665281 0.9862712 0.9683774 0.04536535 0.52012
0.3898297 0.3381411 0.1783666 0.6505424 0.05964131
0.1907029 0.452107 0.6991899 0.2034411 0.758302
0.6783916 0.7234406 0.06095229 0.1139409 0.3628458
0.05119754 0.1116276 0.3459746 0.3669268 0.8149842
0.8893856 0.3908196 0.7310615 0.7068519 0.7840612
0.3838095 0.3478792 0.3593839 0.02022041 0.3267909
0.3295828 0.6859986 0.03972551 0.3106494 0.7238169
0.2731709 0.5466112 0.9445512 0.2234682 0.8716908
0.4068582 0.2632915 0.3187895 0.3429649 0.152904
0.8783171 0.6136011 0.1431581 0.4738167 0.8925918
0.2959787 0.0841126 0.8810847 0.8556303 0.9850973
0.2922158 0.325883 0.7899391 0.3138811 0.2646692
0.6398785 0.1931446 0.08720583 0.9715902 0.2019903
0.1002648 0.919493 0.7759644 0.8891616 0.2727588
0.6117066 0.06773373 0.9413325 0.5114253 0.6247071
0.4436856 0.07875434 0.4414561 0.5023558 0.716547
0.7625582 0.8757748 0.1995153 0.3781019 0.3044788
0.5431576 0.8030237 0.1540048 0.4070418 0.5916916
0.8358046 0.4077366 0.831946 0.2563072 0.2571308
0.993321 0.3925868 0.3149328 0.5139197 0.9324324
0.6504017 0.6712528 0.2825366 0.2377414 0.4503582
0.6098119 0.7404683 0.01640824 0.9924313 0.4276358
0.658497 0.7627711 0.9953331 0.2757333 0.9354392
0.3904801 0.4803453 0.3015746 0.1243476 0.7313695
0.8029942 0.9693267 0.340589 0.5541845 0.5503372
0.5261024 0.4372507 0.7215683 0.4739112 0.7922935
0.240117 0.6338894 0.5346096 0.7092006 0.6108948
0.7742014 0.6829481 0.3177795 1 0.7789701
0.3867969 0.8629879 0.8261962 0.3627753 0.003753431
0.6609758 0.5902477 0.5923795 0.1333901 0.9957338
0.5007299 0.8385508 0.8368538 0.1843201 0.2039146
0.2995206 0.143484 0.4675643 0.2443837 0.1240591
0.03605712 0.08464025 0.6628337 0.05059679 0.1095257
0.8033774 0.1548846 0.5759007 0.6230056 0.7044262
0.07145558 0.955242 0.7704457 0.6780015 0.2495132
0.6911325 0.5484515 0.7971812 0.3601167 0.4161296
0.2655776 0.8538851 0.01471535 0.3194837 0.8119335
0.97991 0.7657786 0.2928657 0.8073859 0.7353199
0.7242673 0.29526 0.1679 0.02963672 0.01653077
0.8378468 0.741738 0.2414942 0.3643922 0.602055
0.6484983 0.4058537 0.04704203 0.9664557 0
0.6257487 0.6630372 0.5752884 0.5213895 0.2373582
0.8859465 0.9660517 0.7310908 0.1575254 0.06421387
0.1346474 0.372143 0.6291409 0.4038492 0.04293241
0.8858248 0.2223828 0.3329653 0.4043848 0.8556316
0.9177017 0.4257439 0.8783657 0.418121 0.0533582
0.3478437 0.7335704 0.2622561 0.8301743 0.3867469
0.1505599 0.004733245 0.6818346 0.05753886 0.8080273
0.005758383 0.5653533 0.2825605 0.5892332 0.8372132
0.2906298 0.0275653 0.213513 0.5420668 0.4483296
0.5324428 0.9577812 0.4476226 0.4345189 0.7671444
0.153088 0.8217186 0.4521471 0.8235895 0.8672135
0.3703769 0.9427407 0.6675729 0.5992341 0.1816993
0.1551165 0.03499441 0.9052541 0.5971597 0.5634827
0.216041 0.9230441 0.314559 0.4402713 0.4373855
0.2779868 0.48488 0.4269863 0.5602734 0.7993663
0.7615052 0.8454607 0.9655702 0.690742 0.2930278
0.06830434 0.3009812 0.04021692 0.4408425 0.4547056
0.0009028377 0.08077741 0.9661714 0.3380278 0.8855526
0.7973725 0.6587865 0.9808692 0.6432637 0.002242947
0.742429 0.9999954 0.4493168 0.9291503 0.6894408
0.2912803 0.4183708 0.1147603 0.2391548 0.5965905
0.3841554 0.6862826 0.1054731 0.5333523 0.6586411
0.4738619 0.8843461 0.480253 0.5751536 0.6799728
0.5231511 0.07009631 0.5839115 0.9113038 0.5689114
0.7453547 0.6462222 0.6615038 0.6288495 0.6105088
0.3992705 0.7424664 0.83043 0.7577805 0.1899999
0.942597 0.04290019 0.6689425 0.673023 0.4805145
0.07205407 0.829578 0.3155068 0.4590938 0.08430799
0.7285057 0.02272361 0.2671907 0.9367728 0.3846455
0.2765187 0.9158434 0.8875286 0.4372173 0.7278065
0.4843061 0.6200235 0.5319683 0.466555 0.08849116
0.1780979 0.01136307 0.9972056 0.1007169 0.6116947
0.4954586 0.4148627 0.376835 0.7688423 0.8635953
0.4000455 0.9379564 0.6060049 0.6178334 0.6248473
0.5605607 0.1916194 0.675087 0.9489456 0.08903798
0.6465774 0.9592066 0.9157203 0.8791407 0.6941127
0.5423042 0.2569814 0.9622579 0.1821976 0.8262266
0.09943446 0.06989549 0.8723214 0.02823052 0.9827917
0.830683 0.3870005 0.681541 0.317452 0.2104124
0.6933661 0.9421312 0.2296141 0.6308702 0.7172627
0.9841943 0.344401 0.893658 0.5529265 0.175128
0.3809916 0.9717598 0.07503344 0.4769014 0.2072671
0.341925 0.7467295 0.5408737 0.855039 0.1684718
0.08368331 0.7287316 0.995594 0.2957221 0.9949705
0.3013655 0.06081122 0.1277714 0.7488214 0.6471072
0.3339074 0.4445362 0.4747668 0.388265 0.0898331
0.5930093 0.5125758 0.4179753 0.6148039 0.688932
0.3823086 0.5671838 0.3201494 0.073211 0.9575164
0.7984689 0.9562596 0.3174002 0.5978469 0.06349518
0.6229281 0.2405248 0.292706 0.3374675 0.1159612
0.001816605 0.01212968 0.44634 0.03082795 0.3937015
0.1128584 0.1943752 0.4831662 0.6781499 0.556725
0.5590895 0.2651891 0.8207318 0.6273582 0.3612958
0.7740056 0.3888539 0.4998346 0.8744625 0.5170468
0.4610547 0.06698176 0.9558459 0.5942151 0.9101219
0.1839924 0.6596472 0.2703666 0.3734698 0.2621348
0.7732798 0.1906258 0.2822699 0.9486032 0.393494
0.4302531 0.3032144 0.2095662 0.4596949 0.02011964
0.7352995 0.5848793 0.4537408 0.4653843 0.8115861
0.1177895 0.6327088 0.6700122 0.1347361 0.3896057
0.8643141 0.4370062 0.6090602 0.7812855 0.2549307
0.2716018 0.7334891 0.3853533 0.2162583 0.7727812
0.9831968 0.3199427 0.9967282 0.8121045 0.3983048
0.1745346 0.4954175 0.149868 0.8026496 0.8951169
0.483538 0.7412376 0.9058548 0.1649222 0.982354
0.3568515 0.8271562 0.4059775 0.8106063 0.2780514
0.5460622 0.7309218 0.004651789 0.1689171 0.07471757
0.3685377 0.406027 0.8252051 0.3222534 0.3221002
0.03972396 0.7596109 0.6523459 0.108461 0.3749297
0.2303366 0.1716939 0.3120976 0.570326 0.1544288
0.5435189 0.7749661 0.3098241 0.885659 0.03810833
0.2001844 0.09133481 0.9814981 0.6855961 0.7240354
0.04253778 0.5859757 0.5146958 0.9143262 0.2890957
0.9579121 0.7790582 0.9710789 0.4978246 0.4376725
0.416269 0.02947099 0.8524434 0.8746287 0.2450049
0.3272463 0.6718556 0.126403 0.2093563 0.3767519
0.2963144 0.9037376 0.20169 0.2858358 0.4381518
0.8838995 0.810535 0.6793488 0.3694186 0.1349899
0.5371133 0.7106375 0.1782979 0.4087337 0.5158029
0.8616671 0.1583137 0.5159154 0.5137384 0.4645047
0.8713975 0.9393204 0.3127847 0.1390408 0.7511585
0.8508054 0.4161114 0.8537332 0.4756437 0.5297958
0.2082422 0.2596712 0.1752435 0.9732301 0.4783066
0.1264289 0.02144537 0.2189401 0.769961 0.7677472
0.2288849 0.2351389 0.09635945 0.03450582 0.7688124
0.3755073 0.7384657 0.5476141 0.1433428 0.1342918
0.9036801 0.188578 0.7220771 0.4153856 0.6320933
0.6494249 0.801103 0.1905109 0.3485425 0.5609001
0.8253395 0.9944374 0.5764048 0.6134298 0.06208707
0.8822557 0.02524276 0.1473808 0.1995196 0.5595314
0.2267029 0.4464253 0.9475704 0.293464 0.7407144
0.7584826 0.6473466 0.913119 0.8623351 0.101974
0.03730584 0.8700044 0.7103369 0.9792521 0.4418548
0.5700072 0.552755 0.8363778 0.7965644 0.7661336
0.9918457 0.124933 0.3740004 0.6897792 0.296409
0.4971291 0.5305889 0.08752755 0.9832296 0.1365066
0.294595 0.5305447 0.07003011 0.46217 0.04329414
0.8193772 0.5007546 0.2963249 0.5283665 0.2456478
0.9536219 0.1686611 0.3423438 0.6879569 0.9899992
0.945655 0.2124951 0.8334187 0.9047587 0.3026702
0.4091496 0.343766 0.2351513 0.4415969 0.5497285
0.2588851 0.5573757 0.4634024 0.9531917 0.6603179
0.5498663 0.00814515 0.9785047 0.07173903 0.1660994
0.6471682 0.9939369 0.8420751 0.2349766 0.01388211
0.718529 0.145963 0.9935199 0.05779555 0.7996008
0.5260768 0.5749395 0.7553718 0.2144617 0.3019372
0.8088348 0.8346829 0.4681094 0.8173028 0.7476749
0.3165915 0.3764854 0.4955602 0.5984121 0.3768324
0.8656126 0.5189799 0.5751018 0.09556972 0.7441776
0.5005753 0.2736287 0.9847051 0.2344452 0.8750351
0.4755716 0.2005767 0.316682 0.2003861 0.4051387
0.6574522 0.2288273 0.3968023 0.681715 0.210292
0.09991469 0.7772501 0.6361633 0.6919561 0.749035
0.2902995 0.09423394 0.4101574 0.5993946 0.400027
0.3589029 0.520051 0.2106995 0.9479137 0.5139142
0.09250915 0.26078 0.1805604 0.4464974 0.1994913
0.1208023 0.6571991 0.6081689 0.088399 0.9923461
0.8791218 0.04188565 0.6207334 0.8201925 0.9768434
0.764406 0.2777571 0.8977856 0.002526392 0.9286406
0.7465889 0.9000394 0.5751886 0.02777974 0.4337844
0.2332792 0.1640009 0.7722958 0.9007704 0.562575
0.41393 0.1274366 0.816489 0.7804252 0.3933875
0.6604733 0.6453967 0.5014641 0.9840861 0.9466971
0.6877346 0.924033 0.1042493 0.503373 0.2264922
0.9644573 0.5674305 0.6448976 0.9737672 0.2590364
0.3080066 0.5090341 0.8349302 0.8111187 0.8408149
0.5953479 0.7476618 0.3428361 0.8543208 0.7825255
0.3054992 0.2810546 0.0722832 0.3557694 0.6902339
0.03102601 0.01837791 0.7933306 0.8608204 0.511342
0.3332126 0.02804406 0.847529 0.4237488 0.9370901
0.5640065 0.1563145 0.2956091 0.07560214 0.03834468
0.2342452 0.8210586 0.6580585 0.9176441 0.8140321
0.5987782 0.3634328 0.4260528 0.1346294 0.9410307
0.1794633 0.6997638 0.02955595 0.2912805 0.5719325
0.3259943 0.2263808 0.6656846 0.6020962 0.4407458
0.773266 0.2645564 0.4988608 0.7486031 0.05672156
0.7267657 0.4801676 0.1228257 0.775731 0.4321514
0.2499583 0.7536704 0.8064243 0.930473 0.3712161
0.3619324 0.1508416 0.5080705 0.6945821 0.586868
0.7494338 0.9360093 0.1050049 0.06952798 0.8152835
0.8680895 0.25686 0.3387499 0.7090956 0.9404341
0.7786707 0.9667409 0.07807594 0.7220403 0.9526671
0.4527311 0.5973602 0.9620147 0.4148564 0.9774235
0.8802703 0.5536783 0.4685491 0.2678971 0.5905773
0.8607727 0.6173316 0.7367221 0.1983558 0.1801553
0.7311403 0.2046967 0.1946486 0.7395123 0.78128
0.2114325 0.5666468 0.284533 0.8020427 0.9245904
0.0819812 0.06549486 0.3873475 0.2987227 0.5564129
0.05372325 0.1491649 0.720599 0.1438554 0.2471868
0.9414448 0.3225593 0.3238991 0.4286575 0.1139176
0.6466736 0.6711406 0.160947 0.1714554 0.3910097
0.8259761 0.7780776 0.8168494 0.2622641 0.7219915
0.3383182 0.6542727 0.4392413 0.6477595 0.6273745
0.9943599 0.5838043 0.8341333 0.5504176 0.4774609
0.4709857 0.2281711 0.7547188 0.2037968 0.9565023
0.7038679 0.407839 0.6284849 0.4769217 0.9928294
0.7635034 0.9935779 0.3392168 0.7348892 0.7540882
0.8369738 0.1314783 0.8425337 0.3306715 0.07134092
0.4251363 0.009800959 0.4714408 0.3159163 0.3653557
0.5270154 0.2903427 0.9874777 0.8048711 0.9646543
0.763318 0.23382 0.9445405 0.009859984 0.564796
0.2523097 0.06926328 0.7207106 0.7073994 0.07026498
0.7715316 0.275695 0.594461 0.7774216 0.8442057
0.9977048 0.8652559 0.4625774 0.6338535 0.1364373
0.2225911 0.1027066 0.8070723 0.2039034 0.9840932
0.9166921 0.6461984 0.159899 0.1406027 0.7541133
0.3489817 0.5482096 0.3278301 0.4832725 0.1596822
0.3226796 0.2129988 0.9547345 0.1543873 0.5804934
0.9492358 0.5824132 0.4251951 0.5119454 0.6586549
0.9141922 0.8327341 0.5031731 0.3865824 0.7432347
0.04009017 0.9651673 0.4889081 0.9097535 0.2397958
0.8298474 0.5070352 0.05225691 0.7539608 0.09346848
0.802963 0.109094 0.1393026 0.4833817 0.05192851
0.4274037 0.7613392 0.4658901 0.08379459 0.009916373
0.7085524 0.9630482 0.7442916 0.757168 0.7015589
0.9690711 0.8758914 0.3514205 0.3070176 0.4202955
0.1897396 0.7327347 0.3492244 0.5126121 0.818568
0.04526487 0.2073156 0.2749901 0.59707 0.3818439
0.5972012 0.5063764 0.258793 0.2553806 0.2549536
0.001537591 0.003208891 0.9446643 0.4355662 0.4589496
0.9305853 0.446528 0.3801956 0.04282018 0.7070524
