0.3345495 0.403727 0.2766708 0.3070533 0.6439968
0.3030598 0.5645281 0.04705571 0.7307804 0.8128945
0.9440864 0.0019448 0.06886069 0.4685542 0.5512862
0.1817691 0.4760265 0.685108 0.00956769 0.9279051
0.8545699 0.9388872 0.5641591 0.6636233 0.9903985
0.4625137 0.2079873 0.3549282 0.4468729 0.2775536
0.6389764 0.4394087 0.4797583 0.8138272 0.4793137
0.8947044 0.8597645 0.8586099 0.02210044 0.9223912
0.7742278 0.05794005 0.7916714 0.9359266 0.6333821
0.9832484 0.3425618 0.5069267 0.3188631 0.1126406
0.05812946 0.1426816 0.2972237 0.02829034 0.7493079
0.2104301 0.6341724 0.1729683 0.04980619 0.4822162
0.8523408 0.5006123 0.4478921 0.8824269 0.543237
0.8448963 0.2630558 0.8802596 0.01033979 0.1313971
0.3194486 0.5517999 0.1587505 0.4813086 0.4340335
0.1954008 0.7632083 0.4104831 0.4222421 0.3812588
0.0717633 0.5688923 0.6135166 0.7900956 0.4653967
0.123655 0.3355919 0.1461295 0.002545877 0.7215257
0.2881542 0.1552556 0.3072239 0.7098407 0.001726104
0.4343242 0.3416431 0.3164973 0.7161085 0.2338383
0.4731373 0.6619464 0.7240158 0.7711295 0.2330605
0.311089 0.9890623 0.6784593 0.8981257 0.4104699
0.8862357 0.9123996 0.6912185 0.5690807 0.6738914
0.3262952 0.5127683 0.7958674 0.6199123 0.03146966
0.4300379 0.3427631 0.08097754 0.3505588 0.4328748
0.2993361 0.9668929 0.3202131 0.8328795 0.1132592
0.9583467 0.3918073 0.1333108 0.2750516 0.9024916
0.02484149 0.02458473 0.5728245 0.7425884 0.1467063
0.2440541 0.4935489 0.2030049 0.6172312 0.179572
0.7669544 0.7539193 0.3031003 0.7453218 0.2635928
0.6059914 0.3917846 0.09948028 0.4632642 0.2822772
0.9970839 0.8676733 0.1662103 0.8531341 0.7466102
0.1834417 0.7856447 0.4892214 0.4491202 0.9852777
0.582036 0.2727014 0.2597313 0.510945 0.7227029
0.2194025 0.04937379 0.2350351 0.09574986 0.9943197
0.1277708 0.6035727 0.2285564 0.07394331 0.7237808
0.8318017 0.1474255 0.7569829 0.5096946 0.4434694
0.8610209 0.02263943 0.7864496 0.8738641 0.1261938
0.2265151 0.7880437 0.1391122 0.1852881 0.6591244
0.7684888 0.93023 0.3262284 0.3631083 0.5219706
0.9589752 0.2619228 0.4189058 0.8602039 0.3923024
0.4928798 0.7185199 0.3046674 0.6733571 0.4046436
0.799545 0.0006310701 0.3945991 0.02472313 0.5261486
0.06506261 0.7276752 0.08286695 0.07009164 0.21157
0.4895296 0.1882834 0.2676021 0.6000298 0.6621388
0.5458969 0.4883382 0.6022303 0.2314943 0.7661696
0.4101931 0.2366586 0.07900164 0.1152941 0.944807
0.2850505 0.02422853 0.1348219 0.2885159 0.1196757
0.2129205 0.1621585 0.7425917 0.9274599 0.7360173
0.9237966 0.03376842 0.3887188 0.6409215 0.4586073
0.3941958 0.4082863 0.675119 0.08381189 0.7891941
0.5669565 0.338587 0.8849256 0.9714388 0.8322666
0.8681646 0.1136141 0.8709007 0.2520987 0.2319884
0.4534374 0.1115878 0.8003053 0.3988902 0.1169638
0.6462267 0.9281822 0.1908513 0.98123 0.3095565
0.6639498 0.3489902 0.07420066 0.4753052 0.5101736
0.561536 0.168443 0.9109095 0.4040776 0.2605662
0.2531846 0.8824742 0.7216631 0.139508 0.7558081
0.3124765 0.5211507 0.7958479 0.8655793 0.4785864
0.02635783 0.01462718 0.2944869 0.5222766 0.5412774
0.9825053 0.8808167 0.1728364 0.9507224 0.1087224
0.0850909 0.8941512 0.3312608 0.1075721 0.01604674
0.5152213 0.07498217 0.5161574 0.5639696 0.3386676
0.2338164 0.04046616 0.008383138 0.3674463 0.3297824
0.6566332 0.4728946 0.700882 0.1597221 0.8282784
0.6776689 0.1119718 0.6238178 0.846612 0.2792214
0.2433788 0.6172418 0.6739242 0.5594255 0.897878
0.4134497 0.01745381 0.3151732 0.2316182 0.3043231
0.2617285 0.2956972 0.2853063 0.9584133 0.1219551
0.6384402 0.9386371 0.8126231 0.8303851 0.2632725
0.8058764 0.3935926 0.9972556 0.2159448 0.8586583
0.5943259 0.5970189 0.4624407 0.7181215 0.3582035
0.6442742 0.7448458 0.5036259 0.9779664 0.8817547
0.3104406 0.612933 0.497103 0.8150305 0.5152092
0.5304376 0.9425858 0.1983303 0.9962269 0.4434713
0.6334972 0.006198378 0.3919813 0.661333 0.3243162
0.8171836 0.2824246 0.5359494 0.2451754 0.0991212
0.1274807 0.2665766 0.3121579 0.0409649 0.7547551
0.1609004 0.7061743 0.5639281 0.8397743 0.7621997
0.06297035 0.804948 0.4591211 0.5441996 0.392116
0.2689302 0.7008241 0.6348926 0.8371669 0.7424201
0.6931382 0.7482554 0.3260957 0.5829349 0.4323853
0.1103289 0.9616996 0.5595307 0.4514026 0.6683203
0.5491702 0.1414508 0.885729 0.5263605 0.3804042
0.1189218 0.528014 0.6056305 0.5109238 0.7039752
0.5519702 0.6451476 0.6650433 0.4509291 0.4770962
0.2765214 0.3831239 0.5323031 0.1068996 0.9469048
0.3516564 0.2065941 0.3376258 0.6194653 0.5429652
0.6862321 0.007932263 0.2004897 0.6049576 0.6136753
0.6589291 0.1143679 0.2851698 0.3869451 0.5321296
0.7375939 0.0359511 0.2599976 0.6929964 0.5665203
0.1476651 0.08475428 0.9915019 0.4090638 0.9616437
0.7495125 0.356855 0.2317204 0.1433472 0.327446
0.727405 0.02369544 0.8689549 0.9652022 0.01435267
0.4324005 0.05950119 0.9194907 0.1636561 0.01740906
0.8283182 0.5400245 0.4119018 0.8149926 0.07819613
0.8372959 0.4314862 0.726359 0.8580289 0.5572967
0.42541 0.6338131 0.734288 0.8791172 0.1491793
0.1256702 0.7106948 0.4669041 0.4511989 0.09392172
0.921718 0.2893691 0.2037641 0.1525788 0.1761748
0.2582617 0.3104627 0.7980171 0.0420869 0.284771
0.8148927 0.202332 0.5533643 0.2664634 0.5035423
0.183365 0.431856 0.8529128 0.8869033 0.1579589
0.3697081 0.1275461 0.7670093 0.9506377 0.5763693
0.7487775 0.7826475 0.756095 0.4545715 0.7283056
0.5674742 0.2261181 0.3910906 0.709889 0.5230128
0.004633794 0.2537217 0.7866701 0.8921126 0.1571998
0.8019371 0.6177973 0.3344013 0.5928196 0.3050492
0.2267333 0.6521614 0.6818017 0.05503702 0.05336237
0.272061 0.7347325 0.2655358 0.3168903 0.3597478
0.1493234 0.9210106 0.721666 0.995738 0.0154649
0.6588173 0.7956523 0.1596936 0.08876044 0.724624
0.5624073 0.8868554 0.8149881 0.9405825 0.393757
0.9303654 0.9803307 0.845272 0.5852549 0.9307195
0.5525501 0.09289683 0.2446703 0.4487581 0.9288745
0.09258712 0.06229629 0.3884765 0.1802864 0.735332
0.6875668 0.4372618 0.1252101 0.8058017 0.7289825
0.2365955 0.4242171 0.4031025 0.1508543 0.06392797
0.09803802 0.8142113 0.9149662 0.4426666 0.1602989
0.2414469 0.4238891 0.1706255 0.1159024 0.5698769
0.7616289 0.1389214 0.5666431 0.3346695 0.6874177
0.4775766 0.9625183 0.7927287 0.7535243 0.723505
0.7614366 0.8982727 0.6113177 0.226946 0.05254709
0.8142802 0.6264119 0.1838135 0.05376914 0.1735744
0.6717187 0.851889 0.4189808 0.4525224 0.92884
0.5349422 0.4841915 0.4210645 0.9741008 0.1263355
0.8160764 0.2040294 0.568301 0.03627009 0.5085588
0.06872249 0.2734808 0.4159047 0.4423742 0.5085217
0.5341315 0.6805967 0.3584971 0.7180419 0.6006839
0.9132095 0.6607134 0.4989901 0.5731873 0.7287724
0.3262514 0.6142657 0.3293735 0.2296883 0.7182704
0.363747 0.9172 0.05514996 0.5711379 0.9301861
0.874786 0.02593985 0.3923205 0.8594063 0.4342732
0.9944237 0.0344874 0.136647 0.9314828 0.6805382
0.2271234 0.6560229 0.4642404 0.4423748 0.9464727
0.9245705 0.2741943 0.6498087 0.7879603 0.4699479
0.1139007 0.6677086 0.9401603 0.3371099 0.638678
0.3713056 0.6020626 0.8645839 0.3329777 0.4576813
0.6667356 0.3475373 0.4565486 0.1804523 0.9534572
0.7353545 0.151816 0.02079874 0.7051839 0.3192149
0.5975182 0.4167854 0.4668396 0.6079436 0.3285831
0.01961941 0.05608708 0.8559822 0.6159121 0.1977755
0.182369 0.7043745 0.2049624 0.7991365 0.5931511
0.8870941 0.9746339 0.152347 0.04299219 0.6122312
0.1924059 0.1813547 0.1255481 0.7984647 0.5285627
0.06219325 0.09163955 0.7357349 0.02181442 0.2511181
0.4272377 0.3635093 0.4209467 0.1979691 0.7896406
0.6486255 0.2942194 0.8036568 0.1557871 0.7467336
0.1154364 0.1155497 0.6605538 0.8797033 0.1541751
0.005909623 0.9026783 0.1044439 0.7340339 0.6552477
0.1391617 0.3581007 0.1747258 0.1607818 0.5869133
0.9139495 0.1080958 0.4828882 0.9543227 0.1595614
0.007992828 0.3668665 0.2530163 0.1449931 0.07986781
0.8337771 0.2149519 0.7305396 0.7766744 0.2863803
0.6879273 0.1939303 0.9377549 0.6042312 0.7437563
0.8626225 0.7387067 0.8251538 0.2602623 0.2722455
0.7069823 0.5103284 0.898526 0.963408 0.3942579
0.8245494 0.7339959 0.9299506 0.6080462 0.0430785
0.08167704 0.5670566 0.3193963 0.8195281 0.1444782
0.447051 0.2003521 0.3231943 0.437736 0.2315718
0.03129158 0.09453625 0.9358512 0.7433468 0.0361244
0.396133 0.8449186 0.2365452 0.8859027 0.08899913
0.6681067 0.4443424 0.5714811 0.5117824 0.9201934
0.5836208 0.5925 0.4030527 0.5742796 0.292254
0.2005361 0.7468506 0.878257 0.2750653 0.549172
0.4890771 0.3972499 0.7801538 0.9997004 0.9493405
0.7366492 0.2619447 0.588777 0.08510271 0.2713882
0.5874338 0.4923485 0.02545439 0.6988392 0.8569637
0.6781318 0.3178433 0.1597161 0.3645626 0.4458715
0.327268 0.4952742 0.7417593 0.4022012 0.009749391
0.5051018 0.1901366 0.5331678 0.9300021 0.1750059
0.4921892 0.7881876 0.6043777 0.6794854 0.1435005
0.9055857 0.185438 0.2985657 0.04458338 0.327145
0.04490642 0.3220273 0.8598898 0.5585463 0.3582696
0.0533758 0.08717356 0.3308573 0.762025 0.9503243
0.761747 0.9091966 0.9878785 0.09837712 0.5007344
0.3446363 0.9566262 1 0.6559942 0.8331349
0.8839716 0.5676512 0.871583 0.2312036 0.6496434
0.2397479 0.8444875 0.5717882 0.5078406 0.8337904
0.699486 0.2104762 0.4097365 0.01447579 0.3466455
0.04355509 0.8541388 0.9847325 0.5834927 0.9988849
0.5226098 0.1243991 0.8525277 0.5531748 0.9960141
0.1231241 0.1943897 0.9147621 0.6817025 0.2198725
0.1661912 0.5400099 0.657091 0.4381993 0.3251282
0.6243842 0.3917395 0.2407295 0.5530368 0.1884413
0.04969151 0.0946738 0.3259659 0.3328777 0.2708454
0.1203987 0.009564518 0.09763181 0.5208612 0.1477798
0.4040792 0.2348702 0.9497875 0.5483281 0.225137
0.863149 0.3108754 0.7688754 0.6476217 0.7233042
0.6646578 0.3981464 0.7266805 0.1578109 0.6114905
0.5801589 0.4396389 0.08360282 0.05819066 0.5960813
0.6358582 0.7152251 0.6517592 0.6318302 0.5158341
0.02641626 0.1110594 0.3434347 0.5108173 0.4687627
0.2223891 0.745141 0.4175247 0.5604887 0.2306256
0.22045 0.9112251 0.09528436 0.07393505 0.8830326
0.1730306 0.3061975 0.5356496 0.1124025 0.6162324
0.08445 0.7706157 0.2894312 0.3690664 0.6555663
0.6125615 0.8890069 0.6358947 0.8641646 0.737379
0.9632663 0.1772088 0.5797199 0.4614323 0.861443
0.2411933 0.894974 0.1125652 0.4498167 0.4187715
0.89699 0.8456504 0.6346142 0.6084167 0.4361232
0.9345947 0.9398459 0.9602931 0.3659929 0.04996141
0.8353585 0.1560938 0.8213318 0.8839305 0.2473545
0.7537315 0.05864088 0.6068931 0.3614836 0.567952
0.8587874 0.7088655 0.9327526 0.1165453 0.6953621
0.772718 0.1525435 0.4385645 0.9073298 0.4943456
0.4113421 0.4538596 0.7722234 0.742713 0.8685333
0.31946 0.8184195 0.6452739 0.515096 0.851706
0.6349836 0.6383406 0.3625018 0.4520559 0.3482605
0.9937462 0.9169138 0.4154643 0.02882075 0.2114768
0.5979908 0.2333585 0.7135888 0.8371931 0.5565737
0.7723456 0.6365273 0.562206 0.07730537 0.9757369
0.09055145 0.6977059 0.005720675 0.7419077 0.4785232
0.5661083 0.1578729 0.08522982 0.3682375 0.4970902
0.7061617 0.7147706 0.4686139 0.7761155 0.8777752
0.598456 0.9937029 0.317527 0.9380084 0.0522438
0.3187379 0.09343624 0.4316723 0.4720451 0.6561825
0.7071393 0.05397189 0.6464886 0.9604148 0.7488069
0.8879252 0.4323129 0.5363842 0.7026474 0.3253058
0.1184083 0.405934 0.1145038 0.9517452 0.01781256
0.6010894 0.2160861 0.4964623 0.7759461 0.5761215
0.5381512 0.2900032 0.5518747 0.7615349 0.3274242
0.09638045 0.5045732 0.7656681 0.4747444 0.5943449
0.05776865 0.5153676 0.6355411 0.5217121 0.02189862
0.2038531 0.416319 0.09334714 0.221446 0.6041954
0.0002354259 0.7604391 0.5697026 0.7945628 0.1356417
0.4813252 0.07646586 0.06735562 0.6872966 0.8627967
0.5856085 0.6817262 0.9865673 0.9091082 0.915783
0.1271805 0.9315764 0.4631299 0.7316286 0.7005094
0.9091708 0.8610522 0.8152047 0.432291 0.4963519
0.9632463 0.2664188 0.3287883 0.253623 0.5614237
0.9556227 0.8809212 0.1302907 0.5293668 0.8552096
0.5466481 0.3027121 0.8281532 0.09169433 0.5422555
0.4242019 0.1702581 0 0.3652405 0.4147006
0.7095309 0.4344401 0.4486954 0.6232453 0.5512223
0.06667241 0.3165787 0.6707032 0.7425834 0.7656865
0.4402101 0.7682398 0.9748091 0.9921653 0.737019
0.7886811 0.9140591 0.2235957 0.8006484 0.1828624
0.6307659 0.01643526 0.1147373 0.8028025 0.9069517
0.7880844 0.7535775 0.6152072 0.9319196 0.3085876
0.108989 0.9460563 0.7542436 0.8218692 0.09611526
0.6391564 0.2438012 0.815619 0.8285995 0.1838989
0.6823428 0.6205136 0.2724352 0.0434575 0.4673751
0.4631963 0.09473702 0.1394693 0.007145958 0.05504934
0.7819464 0.3372261 0.8142073 0.7605116 0.8339103
0.7740232 0.9520016 0.7674593 0.4201368 0.3758633
0.7455646 0.5286305 0.8671325 0.02041404 0.8951408
0.3421534 0.809062 0.3446138 0.4190265 0.3251285
0.09505275 0.08853706 0.8439344 0.4723096 0.6199066
0.821128 0.8911186 0.1551126 0.5581291 0.3336613
