0.3059118 0.9237251 0.9231573 0.7946255 0.1167815
0.4200608 0.44655 0.6363488 0.130449 0.8683606
0.911266 0.3214052 0.163116 0.8263342 0.1609566
0.1985583 0.08821606 0.8437329 0.2738334 0.5530064
0.453407 0.7319761 0.7650298 0.1113586 0.5920196
0.03267989 0.2185297 0.1664304 0.7375999 0.634084
0.5268151 0.0784285 0.6118198 0.390763 0.3636955
0.2749909 0.1589789 0.001081898 0.5624787 0.2588923
0.4784233 0.4076877 0.04816265 0.9290352 0.3373953
0.174434 0.2837536 0.9814686 0.6860486 0.3225748
0.2311428 0.09843025 0.7623053 0.2684418 0.5637232
0.772614 0.9870402 0.2726444 0.8549227 0.2979652
0.5780297 0.1102862 0.4033151 0.01461777 0.3500214
0.5369486 0.3934433 0.8143678 0.5838733 0.6106054
0.8900818 0.7480381 0.2232167 0.8973145 0.03011521
0.2990268 0.2869913 0.217084 0.0890683 0.6741195
0.480393 0.8819433 0.7562208 0.2189103 0.109837
0.4858479 0.7988234 0.7849085 0.2762651 0.5229444
0.1603654 0.7086328 0.9150497 0.2660771 0.4356504
0.6796314 0.06032522 0.4770435 0.8514314 0.542487
0.3752714 0.6059527 0.5597334 0.1381499 0.6813103
0.3385879 0.1495785 0.9111535 0.8695806 0.2528232
0.6572793 0.3888058 0.9482606 0.3961673 0.394978
0.1149196 0.040673 0.2057843 0.5677254 0.9337493
0.3778027 0.5404998 0.05916683 0.5086763 0.6167118
0.2243953 0.2735071 0.02913501 0.01908033 0.7640645
0.3078085 0.8596076 0.4904752 0.7083061 0.5506918
0.1799434 0.8772869 0.6009426 0.1924406 0.8608406
0.5857438 0.5431215 0.9711396 0.5834978 0.09450006
0.1670349 0.2441298 0.8304153 0.1833827 0.7865528
0.305334 0.2496109 0.6507624 0.8154307 0.7650178
0.6348593 0.7148655 0.2447764 0.8542699 0.233272
0.5846124 0.1703961 0.8153513 0.3703867 0.328512
0.4545552 0.0488953 0.9236618 0.0792704 0.7769645
0.6758925 0.2378308 0.6173102 0.2433262 0.4253535
0.9905648 0.6408315 0.1033133 0.5471315 0.3733639
0.8658873 0.6985733 0.200479 0.1633659 0.6827123
0.1003771 0.353379 0.4915512 0.05718886 0.1342266
0.9097767 0.5407464 0.1278025 0.0464588 0.7713893
0.8188808 0.9059361 0.3994306 0.3756645 0.05883526
0.2402584 0.5784289 0.453224 0.1377135 0.5692373
0.3490066 0.1762468 0.1120691 0.5400339 0.6565803
0.01081939 0.3100951 0.9551376 0.4294055 0.68783
0.7634562 0.3748898 0.2330466 0.5133067 0.7331365
0.01507857 0.7657046 0.4474113 0.5462987 0.1237986
0.3713478 0.1066028 0.7120651 0.5392829 0.4837095
0.4500517 0.8593757 0.4329869 0.1733013 0.2262262
0.8856569 0.6518458 0.800729 0.894566 0.4798208
0 0.3400862 0.4421309 0.8661035 0.7996836
0.3536054 0.3020304 0.2288337 0.5682115 0.4471239
0.2344013 0.7569047 0.1496798 0.06097138 0.3160784
0.6461045 0.182458 0.9582375 0.9357364 0.2442032
0.02255959 0.2363719 0.0005597858 0.6672838 0.522503
0.4758761 0.440933 0.0882726 0.7639275 0.5279815
0.2291045 0.4440388 0.1522404 0.3422929 0.6973067
0.4232872 0.8656198 0.4827904 0.105848 0.9160212
0.9234417 0.5859943 0.2747078 0.8333961 0.1034108
0.655151 0.9492679 0.2215477 0.3316765 0.4678392
0.7331379 0.304926 0.9119025 0.3592933 0.3885183
0.566811 0.2360911 0.551191 0.5357855 0.7873772
0.6630538 0.5350386 0.6554464 0.6645111 0.3580879
0.1210829 0.1393609 0.9009052 0.8154389 0.2650737
0.2851816 0.7144595 0.727407 0.3871977 0.03636244
0.07635905 0.1668011 0.1982942 0.2633177 0.2040462
0.2115921 0.8129032 0.2301877 0.9863958 0.2793829
0.8131148 0.1002509 0.8310758 0.9880408 0.4042727
0.09191653 0.08960592 0.3704907 0.9770399 0.7421482
0.8179704 0.031234 0.5609531 0.4756723 0.01238738
0.0001922582 0.2351066 0.4173519 0.5615601 0.7190935
0.5835951 0.3382472 0.3954158 0.7746011 0.6068013
0.2088904 0.8781566 0.8266473 0.6010012 0.5853714
0.1074762 0.8779492 0.3422671 0.9758936 0.2528188
0.1630035 0.5632167 0.1447459 0.002266277 0.6473705
0.08668743 0.7305533 0.9786676 0.2363093 0.02759299
0.6298821 0.5922974 0.1611618 0.2802498 0.8525101
0.4931785 0.5950754 0.2134128 0.8869442 0.6100464
0.3574676 0.08338652 0.9684568 0.2119296 0.247719
0.7153893 0.2333997 0.02476172 0.5767114 0.1621069
0.9636655 0.08477732 0.00612058 0.5638838 0.7229088
0.2163494 0.7974313 0.4529611 0.1174209 0.1970866
0.2023067 0.5741997 0.5452927 0.01732371 0.3677826
0.1716367 0.006389229 0.588088 0.8563375 0.6837879
0.2251273 0.9461073 0.111054 0.7973065 0.6421814
0.9565391 0.2228721 0.574496 0.08621553 0.2768692
0.5817988 0.3965706 0.5402332 0.8852904 0.3440891
0.2275434 0.6960946 0.1478659 0.938064 0.722324
0.1892625 0.6126667 0.885942 0.7261785 0.1251859
0.7053918 0.6100043 0.4885208 0.8301383 0.7885392
0.7553449 0.267098 0.7219885 0.6471846 0.1974891
0.3831949 0.4908325 0.127211 0.1622913 0.8644203
0.295706 0.6197123 0.1843022 0.3091526 0.9546967
0.1175151 0.3741593 0.05227376 0.7000075 0.8647733
0.6849854 0.6127124 0.9602823 0.2705239 0.3540654
0.236808 0.540352 0.2902179 0.2877752 0.458922
0.270411 0.554917 0.7307907 0.6243907 0.580037
0.3281238 0.5610878 0.342166 0.3002435 0.5311619
0.07826674 0.9801371 0.2073647 0.6246052 0.7817812
0.1262495 0.00646929 0.4242178 0.3530722 0.9631487
0.277045 0.09046272 0.1982613 0.5356966 0.6511339
0.6815135 0.9130595 0.4650091 0.6062986 0.7460649
0.1326754 0.01665775 0.04762729 0.7187453 0.2560006
0.1284346 0.0864331 0.9189636 0.2210341 0.1623556
0.3872024 0.5234912 0.952094 0.2575467 0.771314
0.02784514 0.07018125 0.6955983 0.6709056 0.7981567
0.2514734 0.7825296 0.2908873 0.5828352 0.9748587
0.5540064 0.4393564 0.1578974 0.2934891 0.5607244
0.9942213 0.3962344 0.5575834 0.1184326 0.6920206
0.8538448 0.2470258 0.2692966 0.3898406 0.9915389
0.8419074 0.9556406 0.8961159 0.6281188 0.1828119
0.1113268 0.6733366 0.1216844 0.1315663 0.7212803
0.1284019 0.3435576 0.1464865 0.9959375 0.3011731
0.8453765 0.1766615 0.7081282 0.7589777 0.6167153
0.9557353 0.09968887 0.6284283 0.3000567 0.5067319
0.972765 0.2701236 0.4675941 0.2518324 0.4900346
0.6771843 0.1320813 0.7753585 0.7399425 0.1922908
0.9511518 0.54681 0.3520848 0.539295 0.267819
0.7022317 0.4519624 0.4937055 0.8807233 0.1948356
0.419778 0.5149809 0.5242208 0.7667998 0.2864319
0.4498392 0.9307122 0.439696 0.6294122 0.4059974
0.590477 0.7848603 0.7231172 0.1046014 0.6132287
0.3170069 0.4967583 0.7855857 0.04182019 0.7365015
0.4620085 0.7956723 0.8557089 0.8535815 0.07089791
0.8619511 0.4847602 0.4418843 0.3033316 0.6990686
0.6479727 0.4042164 0.2372992 0.495796 0.5312906
0.5469664 0.04991754 0.8834494 0.89171 0.5409337
0.3051237 0.4858204 0.8198916 0.5620346 0.9331119
0.9838779 0.9322236 0.1742608 0.7572224 0.7925994
0.8002188 0.7170493 0.7554881 0.277153 0.2715947
0.08647367 0.2634857 0.8151393 0.7654454 0.4776598
0.9115511 0.3186773 0.1224906 0.4324114 0.2361203
0.4497066 0.1315314 0.9210911 0.1440515 0.5026365
0.1660029 0.6776638 0.7075498 0.4748515 0.9434746
0.596944 0.07043685 0.125057 0.3126592 0.64175
0.2411757 0.4849592 0.4485653 0.5375791 0.02407262
0.3903694 0.6786002 0.1794097 0.0752096 0.01152202
0.1637041 0.3401466 0.8310495 0.6615453 0.162575
0.262066 0.7882006 0.3501669 0.6628086 0.7316476
0.9528518 0.9081732 0.2662917 0.4042724 0.7839504
0.5508379 0.1375315 0.4640783 0.5831468 0.339347
0.7167393 0.003927332 0.0502116 0.6231943 0.8322679
0.1679686 0.7174471 0.7291861 0.441285 0.5379435
0.8742255 0.3777891 0.6646514 0.8907249 0.6082436
0.3202091 0.1593261 0.5279101 0.00311007 0.1689748
0.3581754 0.3233039 0.4406729 0.1838384 0.1273719
0.04633451 0.7745064 0.0844613 0.3504945 0.9962328
0.2936202 0.6108552 0.2181857 0.7398465 0.7976305
0.3570918 0.1933904 0.3595193 0.5588947 0.3825669
0.6539031 0.4479818 0.4260489 0.6315911 0.1833226
0.2083732 0.9379933 0.4093209 0.564595 0.6993946
0.2156128 0.8450988 0.8062985 0.2021108 0.7379482
0.8579491 0.5018323 0.1837824 0.4399507 0.329238
0.8931065 0.3116099 0.3131042 0.03924415 0.1317422
0.6129557 0.1649389 0.6132788 0.3833244 0.04030442
0.2830091 0.570688 0.2433167 0.8593757 0.202556
0.3464435 0.9556241 0.2632679 0.0949425 0.259372
0.1138809 0.306788 0.9132195 0.3469414 0.4509484
0.9917151 0.02101993 0.7070915 0.1538335 0.04373504
0.8031153 0.2540864 0.8301024 0.1183971 0.5657267
0.1434026 0.831141 0.6875152 0.4595505 0.5336103
0.2453687 0.007755474 0.0105568 0.213781 0.01695005
0.4830049 0.41437 0.5429145 0.4907764 0.6120994
0.3738617 0.7105875 0.08865204 0.6603928 0.9163642
0.4963509 0.8416496 0.3210075 0.7205657 0.007938782
0.2486735 0.7757926 0.8258927 0.6268771 0.007550215
0.975948 0.6719003 0.7411993 0.01441984 0.2225054
0.7412385 0.6734773 0.3768838 0.2068998 0.06982435
0.6527081 0.8186012 0.7382128 0.9634966 0.1245445
0.760237 0.1012211 0.317247 0.8943496 0.8699415
0.5672649 0.2223828 0.1966823 0.8981885 0.7087939
0.02270343 0.5268729 0.01119037 1 0.7989547
0.01700556 0.5191944 0.4568057 0.06787998 0.2411399
0.563129 0.9069634 0.2214621 0.5941559 0.5623705
0.6959721 0.1842295 0.4843335 0.9430134 0.151294
0.852291 0.253705 0.4567787 0.08343915 0.9653017
0.2990973 0.495909 0.1663743 0.7491174 0.6081501
0.7960878 0.4648122 0.4474312 0.7163713 0.03012577
0.1955129 0.1669896 0.01482763 0.3363602 0.172548
0.6449971 0.2277188 0.5624439 0.929243 0.3054797
0.4055165 0.832396 0.4102292 0.8827509 0.01180299
0.9723956 0.8237511 0.2611953 0.5477388 0.6339822
0.1959444 0.02098536 0.9054916 0.5696071 0.3473662
0.9869871 0.8883354 0.7712081 0.174132 0.3038537
0.5033077 0.571405 0.7699536 0.4482508 0.5992487
0.1865788 0.6197263 0.4511716 0.9394341 0.3312004
0.5684451 0.9783925 0.8945927 0.3605487 0.06874451
0.2464021 0.8552273 0.04915316 0.9885999 0.3428799
0.06293564 0.8376177 0.2175553 0.1306371 0.9591722
0.4782056 0.8716918 0.2784411 0.4596382 0.8075339
0.2547589 0.632466 0.451088 0.1403152 0.529592
0.1178349 0.7412955 0.6461133 0.2268411 0.05713897
0.5106449 0.07415563 0.164932 0.3749073 0.2176082
0.3133838 0.7407928 0.643828 0.9514935 0.361176
0.2191534 0.3169726 0.4519138 0.6276071 0.5068765
0.1949412 0.1851778 0.1403731 0.3080988 0.155254
0.034922 0.9966884 0.9176698 0.4195725 0.9071084
0.7174439 0.5745632 0.2926431 0.04706264 0.3484897
0.7875175 0.7565918 0.6033219 0.1260204 0.1700612
0.4073001 0.3367178 0.7805856 0.7830889 0.4320485
0.03237633 0.39362 0.8018501 0.6839408 0.899216
0.6092529 0.5484739 0.9863108 0.5672432 0.9877549
0.8820208 0.9923765 0.4804594 0.6635751 0.9151856
0.4243777 0.1167953 0.6337495 0.840789 0.3644738
0.2388804 0.02970152 0.3269758 0.6573132 0.7099591
0.4840392 0.03261127 0.02047942 0.2452109 0.3470286
0.6659376 0.4208147 0.9264568 0.2315505 0.437715
0.9610012 0.2683828 0.05633793 0.3754661 0.4091293
0.228523 0.3647116 0.3960464 0.6926654 0.08412567
0.2890102 0.9224574 0.7941972 0.2777315 0.6160451
0.8388184 0.0654389 0.6228914 0.4410511 0.1212058
0.4602307 0.6537212 0.4755459 0.8265761 0.771841
0.574586 0.9509537 0.6759411 0.5923844 0.2797157
0.3161653 0.09864366 0.2320042 0.07422006 0.4731349
0.3864576 0.6917866 0.0818491 0.6193988 0.4150051
0.7838262 0.6829181 0.5937037 0.7532328 0.4916593
0.5211363 0.2459943 0.1035905 0.8252637 0.1681926
0.7595946 0.6290376 0.9898024 0.273328 0.3717822
0.4118212 0.9014914 0.7501335 0.6048912 0.9238518
0.3525235 0.928624 0.9840117 0.1593067 0.4054174
0.07498906 0.975421 0.5948052 0.4307507 0.3942783
0.8360411 0.765779 0.185534 0.4115649 0.7708421
0.8664125 0.8871401 0.01826415 0.7406604 0.2401858
0.3824073 0.1738882 0.9306768 0.3375046 0.9985283
0.8478077 0.1119853 0.6199981 0.7297509 0.7444469
0.1444217 0.4993696 0.091499 0.15182 0.6766839
0.1363143 0.09917682 0.07221189 0.3679431 0.4231588
0.7372774 0.0393638 0.9425576 0.9910392 0.2688623
0.2221114 0.703901 0.8719348 0.3673312 0.4912487
0.1707072 0.8754821 0.6516932 0.8127132 0.9455278
0.4262149 0.1807473 0.3005579 0.3074452 0.2716895
0.2023748 0.2030046 0.2181492 0.4945952 0.8877704
0.7427457 0.5410307 0.5945517 0.211722 0.3988278
0.06822237 0.7022802 0.9353279 0.9411002 0.8223201
0.4955197 0.9798883 0.9756132 0.9366043 0.5453895
0.9276026 0.06591885 0.4311644 0.277562 0.1390041
0.4237514 0.6615258 0.06183748 0.8635605 0.2992323
0.5291587 0.8814538 0.06475848 0.1787942 0.05324666
0.1390031 0.6460825 0.553141 0.9833314 0.7256729
0.9562952 0.8344766 0.01430436 0.5287918 0.3370628
0.2191562 0.3367222 0.2902091 0.6370942 0.5684854
0.3463814 0.9638994 0.02870617 0.2912033 0.5191273
0.4512908 0.8993697 0.08856399 0.4317503 0.2936649
0.9198869 0.4298566 0.4348634 0.9293032 0.4139956
0.9097814 0.8202883 0.4008028 0.4685984 0.02096002
0.8372118 0.08073975 0.3175425 0.1826565 0.1628863
0.1689149 0.9360024 0.03061816 0.409723 0.2307948
0.9492843 0.3385674 0.1484494 0.1494603 0.1623062
0.8830412 0.6746406 0.5427914 0.749368 0.4843025
0.9647084 0.3990212 0.7905838 0.799242 0.1558935
0.2049014 0.1312228 0.2294697 0.1008027 0.4436496
0.2557061 0.775442 0.9748339 0.5686386 0.7138957
