0.7831946 0.2828633 0.3499701 0.8955139 0.8975616
0.8487296 0.1746303 0.7525792 0.647235 0.8773307
0.706573 0.9447439 0.09161968 0.5058689 0.2585493
0.8177406 0.0936699 0.2561747 0.5354161 0.5583809
0.4351812 0.8241723 0.9369237 0.7266199 0.1830664
0.5396154 0.5954061 0.4660531 0.3330839 0.222762
0.754509 0.3681384 0.6047705 0.7499814 0.7813762
0.4258014 0.4548652 0.09897538 0.3971085 0.6844759
0.2237767 0.7291198 0.8418391 0.155191 0.8996471
0.2367183 0.3281631 0.5461576 0.6925411 0.9519283
0.004835073 0.4143842 0.9407867 0.1205381 0.1049288
0.4120363 0.7936566 0.3952701 0.750956 0.1798467
0.9378137 0.04332614 0.7932837 0.05694978 0.1621839
0.6393068 0.9410926 0.8058901 0.9109083 0.384387
0.3643604 0.1632846 0.304715 0.615211 0.5223219
0.3182343 0.1360161 0.6580687 0.229955 0.8201346
0.7135836 0.4245067 0.5380786 0.7988609 0.1509347
0.7931861 0.1730941 0.2734603 0.07981522 0.8645043
0.01808689 0.632066 0.07932559 0.7140093 0.9877259
0.7391012 0.2858206 0.9588487 0.9350375 0.6670206
0.964905 0.1252296 0.8013407 0.9398552 0.2300821
0.8869878 0.8511724 0.3691641 0.06553443 0.580667
0.8251074 0.9689522 0.995489 0.5400703 0.9037493
0.3959751 0.7801255 0.2437224 0.7184542 0.2538108
0.3463426 0.6858241 0.6627534 0.7054858 0.2549462
0.6864429 0.6689167 0.4582102 0.1299614 0.08932886
0.2675454 0.1877603 0.9825111 0.2770924 0.8308225
0.395699 0.6919732 0.2009892 0.9385507 0.2729353
0.7928809 0.1729612 0.2422013 0.6869218 0.795676
0.701265 0.2823478 0.9897059 0.07474234 0.2273917
0.6679508 0.5237821 0.7942502 0.797059 0.0126845
0.8410726 0.8107177 0.1366859 0.018412 0.03892725
0.03569097 0.004796393 0.9185274 0.4320342 0.03375778
0.04283513 0.4954741 0.5259403 0.4010096 0.2792112
0.4052967 0.8558074 0.7061909 0.4403263 0.3743325
0.08874785 0.1513826 0.8443854 0.973752 0.2551211
0.8337611 0.187509 0.7424303 0.01336452 0.7502388
0.6280172 0.3735424 0.6159353 0.3714626 0.8129951
0.9946719 0.924549 0.1674031 0.6754444 0.3200635
0.1001756 0.1114348 0.2088872 0.7295262 0.5695969
0.9118115 0.940323 0.1008286 0.06432651 0.5923185
0.5420495 0.700976 0.4822884 0.8880132 0.5536049
0.6863851 0.3435701 0.4161302 0.2303241 0.3548825
0.8683266 0.5988882 0.8163584 0.8032709 0.5163428
0.58576 0.9064604 0.6373413 0.1575284 0.4633513
0.5458748 0.01470154 0.09170068 0.9772713 0.13329
0.7905518 0.5705408 0.7013954 0.1799151 0.4555972
0.5031496 0.1181613 0.7851029 0.5922401 0.5342619
0.6195602 0.131929 0.3942175 0.9199291 0.5041535
0.2825965 0.287254 0.7604033 0.2701639 0.1341426
0.4326217 0.8673778 0.7619422 0.4001298 0.8545969
0.4685916 0.6033378 0.4238953 0.3816684 0.776343
0.5072976 0.1805865 0.9620751 0.8869392 0.9418249
0.6060281 0.6038869 0.3684076 0.6505555 0.4802422
0.9479619 0.4783125 0.7596503 0.6645468 0.5059547
0.3184623 0.9870031 0.6225401 0.05382059 0.9023683
0.01687577 0.3521999 0.5554917 0.5885969 0.1670366
0.8626388 0.9085277 0.3123955 0.89685 0.1379521
0.2890041 0.523623 0.2927324 0.3618012 0.6269099
0.1596526 0.7102747 0.8837469 0.8379038 0.5354524
0.6237275 0.5385176 0.6104101 0.4143622 0.2179478
0.9403273 0.2395137 0.4239556 0.0440028 0.3001339
0.4856934 0.9647547 0.3724878 0.4304967 0.6960671
0.5527034 0.2512303 0.8011763 0.03583953 0.254418
0.02664325 0.8896352 0.6686034 0.5010892 0.5241409
0.467862 0.1663254 0.5804108 0.09994063 0.1926653
0.6355127 0.7486066 0.4985994 0.7651664 0.896083
0.04078294 0.8477708 0.1066459 0.2114144 0.8641948
0.71043 0.6238327 0.3926687 0.7720499 0.1624626
0.918542 0.4788694 0.34755 0.6096996 0.7400319
0.07931912 0.8217102 0.1371592 0.05350392 0.7606567
0.6620269 0.1418535 0.5696188 0.8747071 0.3984132
0.4767298 0.04480973 0.9747659 0.4793442 0.09870414
0.166795 0.637895 0.5716958 0.2537438 0.9753457
0.7574206 0.8484189 0.2885535 0.4600071 0.04975158
0.480449 0.3630402 0.6838144 0.8652134 0.9741729
0.1885118 0.2297395 0.1255566 0.01922812 0.02190213
0.05678092 0.3522394 0.1119691 0.27101 0.05153859
0.1733293 0.409244 0.7674134 0.3814087 0.5632166
0.03533556 0.1116577 0.7873686 0.1671295 0.04690903
0.2646062 0.8153721 0.01277093 0.3658824 0.8953327
0.8896772 0.7619597 0.386987 0.224803 0.1220113
0.2062803 0.6988098 0.4609127 0.3725563 0.6793449
0.9363375 0.1092952 0.7926501 0.7216492 0.4884129
0.8493309 0.241484 0.4728681 0.6228673 0.6855483
0.6691201 0.693589 0.8921255 0.8631144 0.7990171
0.5470554 0.9309001 0.3894762 0.07565585 0.6081603
0.003826826 0.7279469 0.136562 0.8478666 0.6648808
0.6796767 0.01028441 0.5772067 0.611736 0.3120522
0.03952592 0.2642299 0.522599 0.2447358 0.8172642
0.9398498 0.6156758 0.9909183 0.655258 0.4448618
0.9206136 0.04379164 0.7780277 0.5430067 0.3224041
0.9937997 0.1635392 0.3182837 0.9044896 0.09923259
0.7634679 0.7818241 0.2922877 0.2330274 0.1525756
0.1345829 0.5415586 0.2847517 0.386155 0.1219588
0.3142712 0.1629707 0.4490967 0.365257 0.9187257
0.330535 0.8809841 0.703771 0.8759319 0.6641712
0.5993931 0.5651045 0.4397738 0.3073931 0.1830188
0.5212037 0.8677479 0.8443587 0.7749222 0.3096996
0.9301241 0.5813373 0.08231803 0.8455134 0.0003166687
0.6056621 0.09096889 0.2779634 0.08231091 0.6074338
0.9603884 0.04969192 0.01972435 0.5592361 0.3228121
0.8091861 0.431544 0.915258 0.5201673 0.6859491
0.7143895 0.5466391 0.09787948 0.9570143 0.813816
0.05720537 0.5804791 0.9150736 0.4291519 0.00667552
0.3719986 0.9703142 0.934439 0.4613667 0.7473287
0.2563513 0.5822277 0.2033243 0.5939734 0.6233068
0.7026557 0.4957414 0.755906 0.9915445 0.03735904
0.017151 0.4900195 0.05966423 0.4668462 0.7944579
0.5755115 0.3743155 0.4688472 0.111466 0.4566882
0.8584263 0.6026128 0.2639474 0.6125803 0.7950799
0.05870351 0.1823046 0.484019 0.5561752 0.4804453
0.2800933 0.05195729 0.8854765 0.1251838 0.08504396
0.01360073 0.6622787 0.02326955 0.2841533 0.1210275
0.7281442 0.3010606 0.3864195 0.3860884 0.7963105
0.5837491 0.2934079 0.8629247 0.5418062 0.7321094
0.6871073 0.9541123 0.7237928 0.7519907 0.01036454
0.7131856 0.8469249 0.7504038 0.333849 0.7274563
0.5471981 0.6082819 0.4390938 0.9019323 0.4624154
0.4872951 0.5083388 0.2997928 0.204904 0.9130358
0.5238525 0.5369245 0.4804742 0.8257285 0.756567
0.3182519 0.5695852 0.3436021 0.9810871 0.7437798
0.8979079 0.2452941 0.6400627 0.9252695 0.1631299
0.4441636 0.4061252 0.7537137 0.5046896 0.9417125
0.8521351 0.6602601 0.2367901 0.9323365 0.02416607
0.4837119 0.4692374 0.9119845 0.6168833 0.1553523
0.9688591 0.4311004 0.1458124 0.2241298 0.7253591
0.4547726 0.1168402 0.519504 0.4080231 0.6527309
0.05497734 0.3458612 0.8243663 0.923048 0.6168648
1 0.8997815 0.1501371 0.942583 0.8351135
0.0147897 0.7839222 0.005602843 0.01064788 0.7807736
0.9961766 0.04726428 0.6247857 0.4455917 0.5510399
0.6174761 0.437342 0.5616131 0.04514598 0.4189913
0.8077651 0.4518826 0.07963071 0.4635802 0.9618514
0.7186064 0.7299006 0.8435586 0.4269678 0.1773876
0.4218764 0.5118402 0.2031584 0.7966646 0.5781124
0.8753987 0.5262445 0.3922138 0.581579 0.3098314
0.2414741 0.7282896 0.2144097 0.07508485 0.8360171
0.628314 0.5871014 0.8542697 0.5012437 0.3026148
0.6715736 0.3865973 0.2752598 0.4903304 0.6831586
0.8061959 0.3286672 0.2014228 0.1677714 0.5392318
0.9686508 0.1759964 0.8313017 0.3090958 0.2360246
0.1951603 0.3727437 0.4481204 0.1403212 0.9098849
0.1401553 0.4144714 0.3929844 0.5794197 0.8512934
0.2610136 0.5678905 0.09127721 0.6875995 0.04738774
0.6192718 0.6121174 0.9229077 0.985862 0.1713687
0.35262 0.1895899 0.09446179 0.5259943 0.4185324
0.9960726 0.3592653 0.6926467 0.7310234 0.8540669
0.05745037 0.501461 0.03856154 0.1266909 0.4185236
0.9426524 0.04913203 0.634532 0.7459159 0.4846104
0.796299 0.6959636 0.9592305 0.7798536 0.91983
0 0.08309826 0.1775848 0.3583696 0.04402371
0.2531769 0.5278705 0.7673169 0.3381912 0.8980156
0.002955514 0.7813715 0.03727239 0.6104686 0.55781
0.131229 0.8145783 0.1446806 0.3789861 0.7257599
0.0686157 0.9136773 0.5868382 0.4163093 0.4066001
0.2428773 0.2815037 0.9079351 0.8251677 0.4405471
0.122318 0.5600964 0.1009803 0.3018572 0.8287475
0.6948336 0.8180058 0.6467599 0.3548268 0.01717785
0.05988535 0.4322045 0.3106253 0.9623773 0.5176954
0.4859472 0.8677567 0.7787056 0.1107456 0.09222979
0.5345764 0.9758224 0.4781669 0.7855601 0.8521829
0.3830987 0.003109425 0.6797318 0.603469 0.6114396
0.03609771 0.4483342 0.6478579 0.1861436 0.4873307
0.6712377 0.4555658 0.6663415 0.03061346 0.3372536
0.2593338 0.1149596 0.9627084 0.8278975 0.9333262
0.6138718 0.5598688 0.7953317 0.8045936 0.7342109
0.8327206 0.6600516 0.03717807 0.4631705 0.7964926
0.0344846 0.5031428 0.150944 0.03327103 0.3173224
0.9809376 0.2581458 0.8480094 0.04568498 0.9865949
0.427502 0.9148844 0.7917763 0.9673479 0.6721407
0.5527858 0.5446311 0.9687551 0.1464762 0.1966482
0.206266 0.07912785 0.974414 0.1641604 0.6250039
0.09209377 0.04674903 0.4320304 0.3629582 0.8077604
0.1689557 0.6332531 0.9207293 0.8669983 0.874116
0.897884 0.8638205 0.6803294 0.7328303 0.2932112
0.9372946 0.3353266 0.8520332 0.4919456 0.5466244
0.1870641 0.05367792 0.4715403 0.08655997 0.0005163952
0.2036504 0.2637434 0.6867385 0.3844474 0.1171557
0.8204723 0.9723605 0.7921937 0.5622162 0.5161589
0.589116 0.4606958 0.4738952 0.1667418 0.1792197
0.8361665 0.5194289 0.6811985 0.6484282 0.8145402
0.5576041 0.9489586 0.06723245 0.3811125 0.8117786
0.05311541 0.1913231 0.7058145 0.4940465 0.9989253
0.05318636 0.4314206 0.6313683 0.8694666 0.142653
0.4758556 0.2451501 0.09678028 0.1678887 0.2387391
0.1838888 0.3347525 0.7876371 0.1114751 0.9024404
0.8860726 0.4192072 0.2774773 0.1989773 0.114721
0.4324428 0.3505447 0.08452375 0.5740213 0.6798542
0.5382499 0.4195703 0.4961469 0.5097074 0.07478471
0.4348695 0.7987674 0.5210241 0.7584298 0.1260304
0.5632142 0.6374602 0.9810218 0.6258862 0.1022296
0.9335801 0.9535478 0.4037657 0.7896045 0.7400287
0.5718692 0.7636066 0.4625462 0.5705151 0.05148466
0.03342693 0.2497053 0.9850307 0.2425694 0.5416289
0.7156764 0.1793903 0.9815486 0.8345075 0.9263992
0.4308146 0.653258 0.9028538 0.4295187 0.2139207
0.9656705 0.3848047 0.4168636 0.9677506 0.7643905
0.2164402 0.4558461 0.1213449 0.4114974 0.4131008
0.5308833 0.9409837 0.7475387 0.468264 0.116848
0.5543015 0.4371723 0.7263003 0.05658948 0.0405954
0.7959239 0.3861288 0.007410452 0.3451835 0.2415093
0.5824046 0.1094755 0.2833966 0.9513062 0.9986517
0.1756942 0.4734821 0.3084377 0.5183658 0.4723839
0.7313617 0.4092464 0.2414359 0.8942404 0.04651668
0.08107251 0.09312194 0.8968736 0.5420378 0.9841266
0.2804362 0.863383 0.4352713 0.1993542 0.2480908
0.2485311 0.2121746 0.3327278 0.2580531 0.97423
0.7369651 0.9011299 0.5103604 0.1726205 0.5557154
0.6182959 0.241901 0.03685624 0.4670912 0.5430168
0.819852 0.198858 0.04553377 0.5028024 0.425262
0.2400366 0.8638619 0.772317 0.2375935 0.315114
0.09313629 0.2971603 0.092152 0.07649371 0.7153169
0.1628861 0.7784182 0.5375606 0.6884713 0.647096
0.2520874 0.2706212 0.4645194 0.5132996 0.7379749
0.4938948 0.6157103 0.667718 0.1623424 0.4492464
0.4463468 0.005650315 0.8629119 0.5356408 0.6986194
0.3661758 0.5470772 0.980001 0.9589567 0.9997376
0.3527685 0.6183686 0.9961332 0.8926842 0.9211559
0.3874209 0.05907639 0.1131359 0.6928571 0.7654373
0.5392624 0.546073 0.06372977 0.08044763 0.8198258
0.2501104 0.3411133 0.5509748 0.2932623 0.4295599
0.4680928 0.6201673 0.02929002 0.3892153 0.4405874
0.9138937 0.5981747 0.2498304 0.4629858 0.2406214
0.3576205 0.8663019 0.682269 0.8507434 0.6606357
0.4839823 0.9073692 0.6409308 0.8710284 0.6984248
0.4158578 0.5366745 0.2703331 0.933097 0.6657207
0.7814709 0.704124 0.1179675 0.6561765 0.7576428
0.590929 0.202748 0.1946012 0.03409937 0.1132342
0.1855063 0.4892257 0.2280769 0.4558455 0.2723543
0.9047123 0.0101653 0.4879548 0.9766519 0.2392507
0.1685609 0.4052736 0.2922722 0.1360963 0.4278152
0.05913226 0.6411096 0.3551287 0.034815 0.7323519
0.7898808 0.3539768 0.7159506 0.3444425 0.8071704
0.7748061 0.4600229 0.5782944 0.3178413 0.4354541
0.1378483 0.2730402 0.3871723 0.05340804 0.1146295
0.3368162 0.09491562 0.1330693 0.6401173 0.7134239
0.4007132 0.2508572 0.8883866 0.9419176 0.1670169
0.2664708 0.4659005 0.8172808 0.1676535 0.1713938
0.05042725 0.4049083 0.5844976 0.1960205 0.4484235
0.00194285 0.8389315 0.07599013 0.5523391 0.07978792
0.8491823 0.06805789 0.06235681 0.2396709 0.8924399
0.1108293 0.3308163 0.9679472 0.1291435 0.9225381
0.3576201 0.1133253 0.05534038 0.7738627 0.2361335
0.5540146 0.08422333 0.2991072 0.8210804 0.7041456
0.07439924 0.9536936 0.7401646 0.4945059 0.7308939
0.1004149 0.9195774 0.02744648 0.8219273 0.08233712
0.2332119 0.02228579 0.2551729 0.6058683 0.7090292
0.3666439 0.8776725 0.5843486 0.1173611 0.8444577
0.7668019 0.8069973 0.3396748 0.6869728 0.5801218
