0.8480713 0.9733152 0.5546566 0.132109 0.2975614
0.3056293 0.8942289 0.5435641 0.8725763 0.1413004
0.6844725 0.4263099 0.8796014 0.159089 0.9694107
0.9145762 0.454709 0.9763989 0.4480636 0.4334561
0.2242029 0.983049 0.9082997 0.5859197 0.4739325
0.3636221 0.1525523 0.951617 0.4570435 0.2107481
0.7037663 0.4038246 0.7489596 0.3235058 0.7690734
0.3489291 0.9446973 0.8492155 0.4162138 0.07490452
0.2240248 0.737022 0.169202 0.0757442 0.08440907
0.145746 0.8935647 0.8993084 0.4242002 0.4939358
0.7784155 0.05700795 0.6872885 0.7667378 0.7870135
0.2954416 0.0394855 0.3639951 0.300274 0.1127788
0.7508085 0.8795448 0.02729054 0.5225164 0.8124137
0.04789557 0.2128018 0.2598553 0.954731 0.8215068
0.4250979 0.4653778 0.7212371 0.4689651 0.09300948
0.4902868 0.03227597 0.0483048 0.7788084 0.2823367
0.4560594 0.821507 0.5373483 0.6051284 0.5971425
0.8630972 0.9764058 0.8902682 0.2140356 0.1720536
0.03196229 0.2451507 0.4727439 0.349903 0.4248195
0.4577913 0.07105355 0.7475133 0.1259405 0.1206218
0.9210936 0.06106573 0.4016169 0.2646706 0.7545026
0.8159573 0.2262137 0.9062132 0.1899646 0.03244805
0.6831875 0.8133529 0.4455955 0.5569797 0.1975223
0.2435602 0.08043541 0.01447209 0.5895992 0.8881422
0.8615349 0.9251083 0.2821987 0.9977118 0.6891918
0.08955785 0.7367135 0.8026419 0.5272153 0.8491996
0.3515363 0.6304618 0.4155076 0.9658806 0.9188448
0.2798743 0.3595763 0.8820279 0.9946614 0.8636042
0.5420481 0.2167608 0.8101532 0.3962354 0.5499729
0.7701531 0.9825463 0.6497879 0.2794436 0.8889604
0.3157171 0.1425068 0.4365433 0.06394156 0.3566643
0.6153021 0.5642416 0.7991052 0.6317617 0.5683834
0.3711634 0.6025602 0.8985368 0.9134396 0.2391319
0.5756598 0.7313671 0.5603261 0.4315361 0.7858504
0.2482618 0.4608679 0.4512391 0.3339508 0.1019187
0.5011124 0.3243272 0.04322384 0.3174463 0.5053837
0.4777873 0.3938769 0.6856831 0.2900379 1
0.5710043 0.611845 0.6258713 0.9230136 0.2163244
0.6214799 0.7756411 0.8366962 0.7923227 0.1375036
0.197284 0.07901104 0.7362214 0.2140179 0.363179
0.2778865 0.2632772 0.1101995 0.7123545 0.3593412
0.4185993 0.2244863 0.7971363 0.628719 0.001415965
0.004274495 0.01078356 0.9721927 0.4858981 0.5193585
0.8480492 0.7875201 0.9233801 0.6042577 0.9240457
0.3361808 0.523397 0.5623876 0.08762084 0.9998013
0.1699334 0.7401296 0.1511516 0.9543043 0.2101071
0.2906957 0.7271248 0.2510957 0.5635386 0.1751161
0.9745395 0.6047998 0.1492322 0.02462973 0.4359635
0.128653 0.2606753 0.74488 0.773933 0.2725876
0.6085656 0.1033305 0.7831196 0.06365089 0.4110777
0.2799413 0.3321765 0.7496809 0.769803 0.846461
0.7166227 0.1661781 0.8249904 0.4544125 0.6308044
0.1404562 0.2355809 0.2125056 0.5840262 0.1525673
0.8731931 0.4343386 0.8218979 0.1092557 0.5161375
0.977898 0.4019814 0.2357457 0.3210449 0.2763257
0.6443469 0.5568595 0.5021942 0.4243494 0.2120529
0.5698529 0.1933318 0.4808376 0.09457314 0.3209863
0.8491504 0.723247 0.5853661 0.7635355 0.6233718
0.4465079 0.992486 0.3283803 0.6297956 0.3756744
0.3462195 0.2249278 0.7465242 0.3452388 0.9567766
0.1720069 0.4106375 0.4885765 0.8404865 0.9474769
0.7531559 0.6469506 0.5788583 0.1472394 0.7931995
0.790429 0.9216728 0.7173669 0.1345277 0.8136064
0.8418524 0.5530188 0.9614985 0.2161329 0.8601011
0.2292671 0.3605276 0.7425348 0.5992724 0.7883239
0.1953989 0.6541209 0.3662728 0.5706959 0.1226989
0.3398476 0.2206628 0.6787748 0.6512483 0.863253
0.3495671 0.9693623 0.1474931 0.5806995 0.9286146
0.6688958 0.5011877 0.6065047 0.3495432 0.559514
0.7685172 0.2349855 0.335336 0.8473844 0.1554221
0.5432481 0.276452 0.3299924 0.4977815 0.8578734
0.9432213 0.8655599 0.2323672 0.5888635 0.2424907
0.22862 0.3825024 0.7131461 0.8594147 0.5360113
0.6441776 0.3164783 0.507783 0.3690791 0.204641
0.9878294 0.1345229 0.7775434 0.3201406 0.7744025
0.4316537 0.9087781 0.5622254 0.6379451 0.9748583
0.1045749 0.3193723 0.9259535 0.7385722 0.9887211
0.0241355 0.384766 0.3347945 0.2909033 0.8764473
0.6197022 0.5000934 0.6645828 0.4130297 0.9150987
0.338079 0.8404303 0.6472044 0.3040016 0.375111
0.6484443 0.8866748 0.2141559 0.8692765 0.294679
0.4548777 0.8529158 0.2019069 0.5911072 0.7803948
0.3254708 0.01419136 0.533126 0.3840077 0.3191451
0.7339299 0.8748626 0.9775651 0.8347704 0.6973455
0.3050908 0.1267498 0.5852985 0.406812 0.5826044
0.4573751 0.9828345 0.4823562 0.3582136 0.2126308
0.9230183 0.566858 0.4805461 0.5101074 0.8259786
0.4916142 0.9260224 0.4000235 0.243438 0.8049164
0.9634567 0.05250747 0.1248431 0.1104617 0.8837797
0.3217257 0.5653221 0.8872296 0.524255 0.3338132
0.6860753 0.1348013 0.3250325 0.7694574 0.04819597
0.3458775 0.7038934 0.8556849 0.1761569 0.9680154
0.7011546 0.5209071 0.7849088 0.5659715 0.4611907
0.2861232 0.8614438 0.4971494 0.6489321 0.7920448
0.7241901 0.8201775 0.8344277 0.6799151 0.6688712
0.1731925 0.06301561 0.6745241 0.3878215 0.9074543
0.2544476 0.6756845 0.2157803 0.5861811 0.1682944
0.02207908 0.550878 0.515172 0.02904726 0.9498788
0.7356484 0.09923423 0.4632406 0.9326689 0.8027584
0.9385618 0.9467442 0.5465557 0.1101313 0.1587173
0.8383751 0.7180156 0.0405961 0.8959678 0.7214755
0.598009 0.2013979 0.6710584 0.2607154 0.833079
0 0.07803566 0.1759741 0.580883 0.8193874
0.7904368 0.8218468 0.162323 0.2159848 0.4227748
0.4301172 0.3922448 0.9145505 0.9137196 0.06483081
0.10635 0.2894775 0.3310613 0.2822836 0.4457691
0.9078448 0.1569139 0.4687307 0.9551518 0.6544111
0.08208644 0.03816329 0.9790291 0.7610225 0.8489097
0.2336649 0.964079 0.367275 0.9192971 0.04542767
0.6708164 0.1230018 0.06496097 0.1738763 0.593085
0.6844607 0.852092 0.9303385 0.216145 0.6003915
0.4266002 0.6352472 0.5670145 0.1895835 0.2644318
0.2110957 0.4245622 0.410916 0.2605797 0.146283
0.4033493 0.0589964 0.9880148 0.3454349 0.0004657966
0.8307588 0.9636049 0.7989411 0.8161646 0.2613261
0.9203698 0.9232839 0.04730554 0.1631362 0.2240893
0.4964563 0.3382086 0.5991059 0.8027653 0.5556196
0.7558113 0.9835097 0.3399183 0.4520114 0.3434376
0.04695451 0.403551 0.7598066 0.9829667 0.4835919
0.4440806 0.8792487 0.6830906 0.312368 0.1276762
0.547449 0.9841059 0.1661048 0.9586619 0.520304
0.5188007 0.1406 0.06267126 0.009203501 0.6535071
0.2825646 0.4022505 0.01531518 0.2135204 0.802576
0.8700471 0.7469492 0.09682848 0.4572359 0.2349642
0.3714894 0.9492217 0.4270443 0.3292786 0.6124957
0.9697024 0.8572023 0.5148936 0.9488405 0.3269402
0.3318491 0.3229636 0.7814377 0.8097921 0.6349863
0.03958843 0.8155693 0.08909574 0.45409 0.9504747
0.2900701 0.6773267 0.8264036 0.3133253 0.9385472
0.2108977 0.5764641 0.7764254 0.5427539 0.807808
0.08846648 0.2731516 0.875914 0.5665584 0.4901977
0.03484371 0.8824997 0.1946024 0.6268879 0.3717569
0.8526152 0.5171148 0.6631017 0.03574936 0.541106
0.3449747 0.8271839 0.8114939 0.2305979 0.4141053
0.02001956 0.9064268 0.9488833 0.481758 0.03696299
0.792484 0.3320404 0.4022223 0.9850184 0.5735886
0.5397141 0.05113004 0.3792705 0.4107903 0.9940915
0.1221046 0.06688669 0.1475322 0.1116142 0.5040813
0.6426105 0.3087172 0.3695044 0.8477295 0.7854605
0.9943222 0.6065895 0.6846914 0.3788161 0.03330714
0.1062173 0.7178157 0.4588916 0.2246472 0.4975475
0.3889502 0.3021732 0.4519081 0.6561198 0.8299345
0.03221548 0.7360924 0.2268188 0.2162486 0.3067869
0.6717393 0.8101899 0.9031514 0.225192 0.2091801
0.2041728 0.3603362 0.9811369 0.2562878 0.3788603
0.1868742 0.4160386 0.8480748 0.3697943 0.6517054
0.4888831 0.04375066 0.3881889 0.8280471 0.6473232
0.1937086 0.2623985 0.562543 0.4066256 0.3961315
0.01750803 0.6214303 0.03859134 0.07384106 0.05668758
0.130938 0.6609671 0.2897928 0.01407879 0.6327369
0.5068222 0.3658847 0.1576317 0.04037193 0.5545954
0.167787 0.2267445 0.4734036 0.3346102 0.5880881
0.2999619 0.7668271 0.5414853 0.1359676 0.7582639
0.755931 0.5470944 0.9318428 0.1342169 0.2036871
0.9636621 0.4151889 0.02762392 0.03024797 0.8628679
0.09604319 0.4431915 0.6848199 0.860066 0.772937
0.8547202 0.2254641 0.6945481 0.1471231 0.7483438
0.04219088 0.1950884 0.3578071 0.679273 0.816266
0.9430822 0.5247635 0.6746208 0.110915 0.4637079
0.1797085 0.8559669 0.6158378 0.6393735 0.648233
0.8459686 0.2856587 0.5203637 0.5031333 0.9508777
0.1127282 0.4099763 0.7267772 0.8998414 0.1058762
0.786143 0.6464331 0.102251 0.6485289 0.3008986
0.2841433 0.7463505 0.2947396 0.07022429 0.6800546
0.5188695 0.8630598 0.7366819 0.05926686 0.3479988
0.7418553 0.6455866 0.1956342 0.2977864 0.9092156
0.9055084 0.9204148 0.3820568 0.4014584 0.8977288
0.5825938 0.9723124 0.2487975 0.9969804 0.8648331
0.4779395 0.8337257 0.9407296 0.06003582 0.2290598
0.3459923 0.3046087 0.4194244 0.1292394 0.7825001
0.5182342 0.4262423 0.8438445 0.5326296 0.52033
0.8381663 0.3146892 0.5444223 0.7284272 0.3481038
0.2143939 0.7222205 0.4645938 0.259648 0.1571405
0.8244181 0.9836493 0.5657721 0.3553504 0.9746612
0.6054289 0.3243574 0.1291377 0.3025949 0.217019
0.3157631 0.03257519 0.8647085 0.190161 0.2178549
0.28777 0.440554 0.1774776 0.4915667 0.6895127
0.8702368 0.972961 0.435528 0.0381234 0.1611859
0.5252442 0.1749574 0.6775731 0.07704542 0.04140157
0.07684966 0.7898572 0.617514 0.5222524 0.8079598
0.9379895 0.6761804 0.7449906 0.3914431 0.05343862
0.1356086 0.1501531 0.6320352 0.9172031 0.6046339
0.1179564 0.7921572 0.6106985 0.8241942 0.4751152
0.1720369 0.8010609 0.8638191 0.1696485 0.7813166
0.01334105 0.5825493 0.03667819 0.5621153 0.6759365
0.9202462 0.1940721 0.5520307 0.3467992 0.9438674
0.9540514 0.2530347 0.9472572 0.6812991 0.1879106
0.425125 0.3495119 0.3475599 0.2822068 0.7420023
0.4280153 0.3363545 0.9561455 0.4170189 0.924966
0.5461635 0.8312904 0.3182162 0.5831458 0.5794021
0.4974344 0.1434382 0.3766933 0.1999274 0.7927742
0.496892 0.8692253 0.4634607 0.2797848 0.6922407
0.2513576 0.4386822 0.0394902 0.9655018 0.45835
0.7753023 0.1102603 0.5384589 0.09748276 0.1550047
0.2497095 0.4089495 0.4049858 0.8233266 0.2002317
0.1165568 0.7541458 0.9700469 0.6055416 0.9052212
0.9780949 0.4602223 0.8245382 0.1553059 0.7999133
0.9157064 0.9892903 0.5197159 0.2017547 0.3156241
0.7911459 0.8941844 0.969924 0.1033229 0.4022635
0.6084921 0.7632233 0.9202918 0.8045327 0.2069516
0.3864784 0.1391116 0.6819954 0.3825884 0.02729213
0.1757681 0.8875288 0.1956297 0.1480965 0.8435605
0.894815 0.5645103 0.9682005 0.895465 0.2306162
0.1715743 0.3133936 0.2951759 0.7305528 0.7655942
0.826128 0.1569188 0.6409285 0.6658189 0.9919074
0.9034592 0.1602368 0.4258079 0.5969486 0.1014558
0.7916717 0.5523227 0.3676229 0.1181456 0.8842833
0.00517151 0.31732 0.2243607 0.9177667 0.2930367
0.9234171 0.4620125 0.79468 0.8376235 0.8632298
0.7059708 0.6400187 0.7752976 0.5404638 0.3988529
0.1478953 0.05634194 0.1393526 0.1282841 0.08818285
0.5100664 0.7454389 0.4052962 0.489724 0.9863153
0.447944 0.8473587 0.2774353 0.3577596 0.9822173
0.7486571 0.3926829 0.895112 0.1157575 0.8074036
0.4557259 0.7142878 0.4481253 0.09254045 0.01947525
0.004215807 0.9247243 0.0991144 0.2369474 0.2280635
0.3378972 0.662681 0.5623067 0.6569736 0.4564389
0.9622165 0.4019598 0.9781312 0.7811849 0.9412607
0.2699416 0.992179 0.2158605 0.5930641 0.7912424
0.1221065 0.1617597 0.05458966 0.4333524 0.7611797
0.399441 0.7802414 0.2866074 0.2984945 0.3263278
0.9183415 0.6189687 0.8902682 0.1697974 0.06467907
0.1861884 0.9469901 0.7642925 0.4346817 0.2683272
0.5186196 0.2907402 0.780742 0.7580533 0.7324542
0.7334098 0.8052624 0.2000439 0.2464569 0.8897163
0.9773349 0.216618 0.0210452 0.2999757 0.7886897
0.2832855 0.7765737 0.419389 0.01388152 0.8534531
0.6266385 0.5008811 0.4569552 0.7716537 0.9535923
0.7066077 0.9897436 0.9161695 0.9472491 0.0140849
0.7612451 0.2275557 0.4584801 0.8679021 0.9751281
0.3756003 0.2498573 0.2306416 0.6333603 0.03941942
0.6544224 0.3139413 0.320957 0.8331355 0.6042967
0.9049168 0.05857046 0.4135421 0.7505175 0.8857111
0.1593089 0.898071 0.911932 0.8099586 0.9271732
0.8028197 0.6665077 0.4584421 0.2923311 0.02334533
0.2237305 0.8301002 0.254255 0.1147006 0.5966347
0.8605394 0.2905501 0.9106263 0.09144998 0.4922503
0.1651653 0.44918 0.4964429 0.2573891 0.1752649
0.5635904 0.3188233 0.1335591 0.1968661 0.02163606
0.7157855 0.1066859 0.9907822 0.07668332 0.1258767
0.4041986 0.2303372 0.5194794 0.2857375 0.6828874
0.09073533 0.3486584 0.3469191 0.2909662 0.0127555
0.634693 0.6652351 0.1675687 0.3471617 0.8151449
0.6082606 0.7597799 0.3702902 0.1324205 0.4149034
0.3539957 0.08747913 0.2843431 0.1629069 0.6744168
0.5352537 0.3677036 0.002137486 0.5607221 0.7376258
0.7243125 0.9219868 0.9849419 0.646648 0.2534656
0.0879449 0.3696998 0.9175971 0.8185806 0.902787
0.6342354 0.5890028 0.1665201 0.2694745 0.2116736
0.12863 0.7977799 0.06425024 0.587953 0.5522776
