0.9260447 0.6398995 0.7141504 0.9934491 0.615259
0.5402807 0.4005991 0.06627016 0.1784246 0.6416702
0.2237677 0.8537161 0.9520203 0.2818372 0.9987858
0.3120997 0.5567807 0.5003816 0.9187598 0.2782359
0.8740066 0.1382638 0.9596479 0.8258966 0.2001224
0.5128864 0.4255749 0.1802465 0.1731118 0.2793846
0.9077931 0.4346569 0.6132432 0.9576797 0.6951599
0.002904373 0.137847 0.762284 0.2750789 0.9647501
0.5992596 0.7169443 0.08992025 0.3853464 0.05415125
0.8910287 0.978138 0.6978547 0.8231674 0.03025466
0.8505353 0.6841588 0.9414174 0.3321771 0.294989
0.1294898 0.4289153 0.8682765 0.7872831 0.8894574
0.4946668 0.5549367 0.3428441 0.2372733 0.8951829
0.5940456 0.5552229 0.8394363 0.4641545 0.03475004
0.8089696 0.5578486 0.1904414 0.8046258 0.5809463
0.6863715 0.8280578 0.7831045 0.2776452 0.7559346
0.7460777 0.08241308 0.9199261 0.4928516 0.7393865
0.8668874 0.2618253 0.05055307 0.9457669 0.7651708
0.4624096 0.2995898 0.7240138 0.5327363 0.5276815
0.04795198 0.8789166 0.5544502 0.2536943 0.2683618
0.09928032 0.3944013 0.9645379 0.6592789 0.6607874
0.9596859 0.9797149 0.4590787 0.08164364 0.3291034
0.5989653 0.8440302 0.4135067 0.04906409 0.6371637
0.4567039 0.7754223 0.7922362 0.897488 0.200385
0.1499021 0.03757456 0.8189995 0.6858312 0.7845459
0.8543411 0.6314851 0.05796451 0.5005605 0.6992169
0.7727042 0.4827144 0.4332815 0.7197327 0.4326243
0.7395214 0.1956544 0.5580455 0.1185704 0.5756426
0.5832344 0.8369836 0.5764565 0.7990554 0.4391189
0.3738679 0.2959678 0.5468203 0.9757824 0.5339899
0.4496267 0.7345325 0.9975257 0.6745168 0.225344
0.3060995 0.7565002 0.4593107 0.4790707 0.851839
0.07479253 0.6778397 0.09066565 0.1405884 0.7042647
0.7264403 0.1662628 0.4193412 0.128608 0.07757413
0.1572552 0.5173175 0.5213467 0.840548 0.9183702
0.7199951 0.9791731 0.4336234 0.4621745 0.8847344
0.9327449 0.3472531 0.8800992 0.3984399 0.4787062
0.5304707 0.9662305 0.6960726 0.7351249 0.03776288
0.8138302 0.9078608 0.8258998 0.1567741 0.987846
0.7211024 0.35284 0.9418378 0.9492676 0.6623339
0.6681662 0.8429765 0.404186 0.4816467 0.4203096
0.1440455 0.6235282 0.4718864 0.5073817 0.5192969
0.6090366 0.5743264 0.02728214 0.3157829 0.6171002
0.6949925 0.2165258 0.5506159 0.2093129 0.6213824
0.09410247 0.1112678 0.3271687 0.628465 0.05697872
0.6186964 0.3072605 0.3215401 0.06537136 0.5771341
0.9285964 0.3159349 0.08386506 0.3919497 0.1604652
0.8354448 0.3756798 0.2041902 0.8275112 0.3445626
0.6353263 0.2038833 0.6604572 0.3268728 0.1114702
0.7503812 0.5373256 0.9055038 0.2192991 0.9480305
0.01484417 0.8354989 0.2645239 0.4206283 0.5547831
0.4072845 0.572454 0.8197719 0.3036289 0.5536087
0.9099263 0.5122956 0.450026 0.7320687 0.478339
0.3624634 0.3992292 0.6889655 0.0710885 0.6389465
0.5329308 0.878748 0.3175126 0.3398971 0.1317963
0.1939902 0.07232792 0.351102 0.1766856 1
0.8856652 0.6687605 0.3328055 0.294404 0.4682382
0.1624035 0.6415108 0.7248902 0.1415792 0.5865941
0.654398 0.1167862 0.9758006 0.5646643 0.5864313
0.9937054 0.7863668 0.7333846 0.276036 0.555556
0.6801597 0.9745214 0.1699804 0.6980026 0.248929
0.5538591 0.3028215 0.1169698 0.7632767 0.9330553
0.4674075 0.1724717 0.9358912 0.8576335 0.4152198
0.757693 0.5121099 0.5715655 0.4189356 0.7286868
0.1698854 0.5994594 0.2607518 0.6372938 0.1111109
0.1585233 0.8330617 0.837929 0.7915202 0.9295417
0.7964651 0.4860434 0.2542281 0.9761679 0.7310639
0.3930698 0.8436202 0.4228321 0.1063164 0.8087954
0.4035521 0.5588382 0.9595686 0.2312833 0.8057064
0.9883068 0.02904846 0.4318266 0.5584468 0.06992446
0.4923704 0.1834188 0.6568851 0.2556944 0.410403
0.201773 0.3100985 0.3459019 0.6207424 0.1928493
0.4394008 0.211262 0.7430753 0.5180903 0.857115
0.4748061 0.9632857 0.1286738 0.09052063 0.7583423
0.7437614 0.6834853 0.5130726 0.8821974 0.008692288
0.5061699 0.7638786 0.007383204 0.6008747 0.131312
0.5767241 0.9547988 0.6297893 0.5129569 0.9681068
0.04574489 0.2195042 0.3286533 0.928825 0.6167652
0.9202148 0.1075128 0.6115525 0.4317103 0.130518
0.1409252 0.1678947 0.8697105 0.4120684 0.7805519
0.4246864 0.766869 0.01822297 0.3584481 0.6729169
0.8547118 0.2488408 0.06554731 0.998656 0.7501759
0.9844128 0.01953662 0.2916257 0.4379487 0.4263274
0.6482173 0.983348 0.9452428 0.0568906 0.8264176
0.2041158 0.6868109 0.01626192 0.8357179 0.4806897
0.6824165 0.3772314 0.6506139 0.2747125 0.479697
0.536167 0.04380154 0.1755565 0.7106021 0.9412697
0.1842745 0.005731937 0.8991139 0.4241046 0.1667315
0.5788154 0.9754374 0.0733615 0.1084753 0.339921
0.9481444 0.775755 0.4994908 0.6956659 0.4670278
0.1842745 0.6616009 0.9981336 0.7064919 0.7146067
0.3807624 0.4696806 0.09131405 0.02157266 0.1828808
0.6429841 0.304587 0.2573881 0.8351919 0.5289913
0.4615693 0.07575126 0.3896226 0.3318582 9.693663e-05
0.7764236 0.7932754 0.8913897 0.7790769 0.9447425
0.8659513 0.2143906 0.4448798 0.1850321 0.7301349
0.527808 0.01705731 0.08143968 0.5510555 0.8473693
0.2868232 0.8127282 0.7448126 0.1555696 0.4092353
0.8103752 0.6986181 0.9051809 0.3337852 0.9362374
0.7272318 0.4083659 0.09260579 0.5543946 0.9071227
0.8444266 0.3314567 0.1554754 0.5506745 0.3920991
0.5844785 0.6138863 0.2161302 0.1702528 0.9173009
0.3846658 0.6394009 0.293043 0.4763962 0.3172533
0.4557692 0.7929123 0.9089362 0.1033496 0.130102
0.4455762 0.2342869 0.02304588 0.9567362 0.6701069
0.7441027 0.05377799 0.3286507 0.2762446 0.7796797
0.5884659 0.336922 0.8735025 0.453224 0.603866
0.1088539 0.7071823 0.4183132 0.0319923 0.5219928
0.502325 0.6693693 0.7039548 0.3193664 0.4090484
0.5265021 0.726735 0.7306149 0.769927 0.5838278
0.9585326 0.6895867 0.6035093 0.5750587 0.2392299
0.4770708 0.1798911 0.9936973 0.1826007 0.83739
0.4297627 0.5328255 0.07390497 0.7875622 0.3459127
0.8908837 0.6713723 0.6877932 0.7684751 0.7849068
0.04962832 0.6656997 0.5262384 0.1769916 0.01981654
0.2249488 0.6167058 0.7646478 0.7097291 0.8438889
0.7348902 0.4824033 0.7066624 0.4138972 0.305643
0.4424937 0.4926866 0.9496482 0.01606429 0.3941513
0.7541777 0.9552907 0.2455007 0.7565245 0.6111543
0.8604113 0.04874962 0.3762985 0.917973 0.8475596
0.0388874 0.7344027 0.0157121 0.4982023 0.6749012
0.03615734 0.6136889 0.6180986 0.6975118 0.8381943
0.3516322 0.0275075 0.343824 0.3166561 0.8378161
0.01970213 0.3421579 0.8890506 0.2277325 0.5289137
0.880786 0.3967799 0.8207212 0.4254345 0.7400874
0.8209841 0.5331792 0.9312707 0.9468971 0.3918164
0.1316281 0.2169332 0.01396544 0.7559015 0.9501166
0.4655174 0.1259765 0.9227121 0.9850756 0.115607
0.1103462 0.9169531 0.4932306 0.8636858 0.8504348
0.7145122 0.9141354 0.94512 0.9591799 0.9864009
0.5982639 0.6680487 0.8935347 0.3613522 0.5925374
0.3785081 0.64809 0.1480757 0.5957913 0.9369895
0.039687 0.1794058 0.4296894 0.839196 0.808717
0.1071162 0.7266272 0.9615391 0 0.6945367
0.335142 0.7271152 0.4148141 0.2303325 0.1322955
0.02992855 0.8077945 0.4898033 0.6826573 0.06558303
0.1666193 0.2678981 0.219707 0.5761738 0.1794355
0.491497 0.4813025 0.1041681 0.2803276 0.4051504
0.1205408 0.3716164 0.154683 0.1134821 0.2813118
0.1030365 0.07486125 0.8729982 0.6839364 0.6701559
0.3143129 0.2016488 0.4560017 0.258068 0.5337579
0.06211125 0.06662256 0.3896742 0.8176196 0.4312142
0.1887015 0.467384 0.09553256 0.6921757 0.5881314
0.07434137 0.08413413 0.9173582 0.2943673 0.5815383
0.549549 0.1222899 0.3797823 0.7802627 0.04733153
0.750844 0.7642805 0.7604896 0.6817271 0.912222
0.4383373 0.0007059141 0.3685335 0.3109528 0.7739329
0.1296978 0.7689972 0.7674715 0.8014176 0.5572327
0.5669933 0.8622678 0.6755349 0.9322854 0.8435922
0.4606191 0.7425877 0.6993231 0.08487392 0.8734441
0.1813233 0.6229449 0.7857876 0.09251618 0.4162946
0.7499729 0.465093 0.8558958 0.05792468 0.2547858
0.2202375 0.9961429 0.2252046 0.08826781 0.4352197
0.3416656 0.1672534 0.7448809 0.2399074 0.8674238
0.1223275 0.7321101 0.8052486 0.8818586 0.9929965
0.1372903 0.6766474 0.05666856 0.8044669 0.03765442
0.6658918 0.004942219 0.2049628 0.5925125 0.1429534
0.5503769 0.41222 0.595253 0.7243684 0.2472917
0.3122196 0.7079284 0.6144084 0.8321854 0.02901659
0.6159115 0.9807281 0.3717346 0.5787775 0.4011171
0.01259666 0.8641467 0.2213952 0.8039414 0.8042873
0.4216374 0.6766191 0.9977752 0.6031748 0.3204194
0.1431715 0.5833228 0.5072164 0.6623319 0.1381537
0.7786535 0.9967444 0.1003485 0.2912003 0.3362652
0.9676714 0.7436765 0.2426714 0.8738816 0.9194056
0.1843274 0.9110129 0.649752 0.9895127 0.06071779
0.442341 0.6434354 0.9651946 0.4126293 0.4943303
0.8026915 0.8186456 0.6771257 0.4833649 0.4799885
0.6015091 0.1207704 0.1995192 0.5279559 0.3982509
0.7199708 0.4289371 0.7821451 0.01791642 0.08373893
0.6606116 0.05162014 0.1411511 0.4144747 0.5933972
0.4951864 0.03134239 0.08175723 0.2434039 0.4871542
0.8752218 0.9285102 0.731704 0.8979291 0.07731121
0.2680462 0.4403609 0.8550917 0.5870289 0.1988729
0.08160955 0.5320794 0.8139354 0.8610342 0.1201766
0.2769198 0.5067493 0.7467219 0.4564602 0.9587268
0.7788541 0.3669198 0.2445237 0.3084728 0.4892274
0.7397619 0.5556226 0.09056489 0.09923235 0.6137937
0.08051188 0.5575764 0.6301036 0.8001606 0.2538968
0.6617216 0.6176252 0.729175 0.3092149 0.1907297
0.5495976 0.09783133 0.7275397 0.6267346 0.0108196
0.390219 0.4508655 0.2014731 0.8151025 0.01865893
0.8034391 0.7874655 0.4830553 0.8013339 0.2989429
0.4671818 0.3824469 0.634875 0.0752131 0.1889519
0.3425198 0.6829493 0.8261924 0.9102834 0.4027112
0.5024528 0.2452533 0.06244536 0.693506 0.9812691
0.1778486 0.2503545 0.07178131 0.5186819 0.05468896
0.8354225 0.6686485 0.4058239 0.2427358 0.7146509
0.2458176 0.1253923 0.9389667 0.02985187 0.3233934
0.47934 0.1501173 0.4901668 0.3555921 0.09718777
0.438461 0.1041952 0.3725173 0.2178744 0.1165602
0.9433242 0.2440747 0.6544003 0.2067722 0.8042638
0.5870031 0.4676156 0.339979 0.3015406 0.1111697
0.7619371 0.4466362 0.7034169 0.07111089 0.07687777
0.5314934 0.08500199 0.64503 0.7976831 0.4308591
0.2518429 0.1367065 0.7420766 0.4159417 0.7827762
0.2025867 0.2378619 0.4951316 0.5986139 0.08468729
0.586762 0.506362 0.1795032 0.3878063 0.7718317
0.6605422 0.6579186 0.5413553 0.5066145 0.5055061
0.7079978 0.1180797 0.6605073 0.03121008 0.2879619
0.152984 0.8539643 0.1459598 0.7156047 0.1603887
0.9421194 0.4832886 0.5579032 0.6101724 0.4276028
0.3383396 0.9195796 0.1847478 0.7380162 0.3611904
0.9347663 0.6337419 0.7354465 0.7493334 0.143912
0.04674476 0.9943098 0.802553 0.01521421 0.5880518
0.3760597 0.8417997 0.8218101 0.3144868 0.8027527
0.7149803 0.6828288 0.6261058 0.1748275 0.3664
0.4068491 0.4776146 0.2958362 0.3194241 0.1136445
0.03354866 0.1735661 0.5386725 0.8108058 0.1059486
0.3419909 0.4217263 0.5518879 0.2340611 0.4534026
0.1195448 0.08316464 0.1658178 0.08091115 0.562791
0.02486268 0.4330388 0.6579352 0.7996882 0.8104388
0.05623607 0.1647847 0.6539135 0.7891887 0.9469636
0.8992191 0.5692676 0.4171262 0.565536 0.2373717
0.4308105 0.68482 0.3299431 0.8390242 0.1929307
0.6514385 0.07652374 0.1436738 0.9079697 0.05498318
0.55412 0.7024423 0.9591272 0.1437701 0.6244821
0.05902048 0.3473215 0.5885432 0.1781814 0.3870556
0.02275678 0.9319334 0.4288964 0.1053927 0.6651225
0.5700223 0.1742741 0.4630125 0.3435411 0.2033698
0.1594107 0.4027012 0.05389257 0.9190782 0.2422632
0.05255032 0.3747101 0.6180404 0.5126753 0.3356509
0.8137513 0.7202063 0.1189811 0.1505263 0.01636411
0.5452503 0.5777127 0.5380046 0.1366452 0.6749756
0.5764602 0.9078482 0.4569212 0.108741 0.4573539
0.2490738 0.2549963 0.2703739 0.6832679 0.8641884
0.7156263 0.9855826 0.02459257 0.5685622 0.9254326
0.5494028 0.8628734 0.6608985 0.9779306 0.1170206
0.03964997 0.7864592 0.810499 0.9351472 0.2259299
0.3135685 0.3234762 0.4119889 0.0981306 0.8342879
0.7893115 0.05625242 0.254937 0.2285199 0.2958898
0.9240835 0.3706353 0.2261635 0.6242503 0.2806075
0.2263716 0.9596489 0.4458009 0.1076287 0.6394262
0.175695 0.09757489 0.5010168 0.7167749 0.1947006
0.003788682 0.03412039 0.7841193 0.5829255 0.4145947
0.6352154 0.1178138 0.3967771 0.09135222 0.8099376
0.9224484 0.6608451 0.5862434 0.8471914 0.3149096
0.07872442 0.03831418 0.2974706 0.9514752 0.1010055
0.8758979 0.5731288 0.8225781 0.4486464 0.9244759
0.4087883 0.2975818 0.4539768 0.8833736 0.398842
0.5279039 0.01482138 0.7403295 0.6618734 0.9464845
0.147232 0.9369954 0.2227883 0.2162134 0.7746847
0.7629588 0.2979705 0.3097796 0.4281244 0.9675399
0.356966 0.9794665 0.9693434 0.7715082 0.1227681
0.6650756 0.6087183 0.7628732 0.363982 0.2436876
0.3502639 0.2955 0.3002699 0.03234287 0.8866241
0.1282748 0.001070733 0.5733146 0.7631222 0.9310037
0.5931735 0.0646369 0.6436962 0.9251589 0.1637751
0.9938339 0.6902347 0.6577128 0.1847128 0.9463244
0.2424369 0.5386181 0.2610594 0.3417493 0.6007566
