0.5213739 0.6486416 0.1018628 0.2738028 0.7960199
0.1682755 0.3553571 0.2658634 0.6506713 0.6957021
0.2516175 0.9061242 0.4530462 0.09833257 0.3782377
0.1607208 0.6476591 0.5867343 0.2709701 0.7217933
0.0777786 0.1094701 0.01616144 0.8163888 0.4381571
0.3522924 0.6188407 0.255003 0.7876875 0.4373611
0.9897169 0.3983545 0.1462209 0.4763114 0.8198453
0.3398888 0.9659428 0.1690216 0.2205159 0.42326
0.8794751 0.8902132 0.1831253 0.1191837 0.8675892
0.1608145 0.8607142 0.164257 0.3564329 0.8300947
0.7589903 0.1338156 0.6623979 0.5067222 0.829192
0.4979465 0.7036063 0.02505433 0.01043509 0.5402233
0.8388526 0.4056832 0.1282046 0.7057901 0.1301377
0.06823953 0.5278887 0.958997 0.6056091 0.7057919
0.7452813 0.4499419 0.6489912 0.0691804 0.6206934
0.6681854 0.6538888 0.5116317 0.6998493 0.8465194
0.345021 0.7058048 0.2417752 0.3046949 0.4193058
0.3148995 0.5273748 0.5830651 0.9108551 0.435623
0.7730194 0.64229 0.2309141 0.1846167 0.4701877
0.7420314 0.2911121 0.3328531 0.4076334 0.6806582
0.4703749 0.8856746 0.4576329 0.9288225 0.3517951
0.7542423 0.5100205 0.6684278 0.824588 0.8893998
0.3527586 0.05248341 0.2127948 0.2898116 0.5162236
0.6172448 0.3342001 0.4467303 0.7142966 0.2387298
0.1797543 0.7987323 0.9789229 0.8707085 0.03680418
0.2417478 0.7547978 0.126239 0.518208 0.8907883
0.8139771 0.09518202 0.2743776 0.1172666 0.5460725
0.01091298 0.6868148 0.08350506 0.09468497 0.7572088
0.7517342 0.41329 0.1338618 0.4656301 0.6783114
0.2960357 0.2982699 0.6392097 0.8337182 0.04282506
0.1373026 0.7526468 0.2393745 0.3595794 0.5995592
0.3252023 0.7717784 0.8779506 0.9102373 0.2958275
0.625435 0.5849676 0.652821 0.8052908 0.7121556
0.2156652 0.2069723 0.2189186 0.7009446 0.1892471
0.9529059 0.3390913 0.2618176 0.9083633 0.8920557
0.6198867 0.1944036 0.1007388 0.1825899 0.3926083
0.9512745 0.6411494 0.6250365 0.1084259 0.4314327
0.4317746 0.4695917 0.1360559 0.1838511 0.7034331
0.7497123 0.6138571 0.2597266 0.02372539 0.5855356
0.1465162 0.1968797 0.6514899 0.3842773 0.741936
0.2118983 0.3572763 0.08990632 0.8378339 0.6732153
0.0273546 0.1721961 0.8804176 0.3623266 0.2145644
0.9929021 0.1697692 0.5685251 0.9319177 0.3649819
0.6845297 0.253736 0.6078373 0.3632241 0.7117774
0.09238113 0.1869043 0.8610307 0.6285959 0.5313133
0.8349462 0.7535918 0.4301076 0.9336262 0.1705947
0.1677974 0.00234895 0.9926761 0.9459707 0.1235264
0.4226312 0.7651622 0.09987946 0.6982586 0.743916
0.9510988 0.7189812 0.02686891 0.8700058 0.1741697
0.05457215 0.5060947 0.2771957 0.82479 0.2790311
0.6725126 0.5965719 0.1336756 0.2415979 0.1507278
0.2883294 0.7074759 0.8103136 0.3658887 0.4417322
0.1178835 0.6219307 0.5371475 0.3069025 0.6840742
0.4868655 0.9912403 0.8161027 0.1558636 0.560911
0.2914651 0.7464545 0.6700701 0.8911713 0.2478943
0.3852531 0.617874 0.2250834 0.4453457 0.2657532
0.7251755 0.6869909 0.5457015 0.3057982 0.5479067
0.6397725 0.7971941 0.5301642 0.6068039 0.3805213
0.3464848 0.812383 0.3622692 0.966539 0.07301317
0.5178594 0.7199365 0.582509 0.8180857 0.7406167
0.8749563 0.2351846 0.8341585 0.5207709 0.7222373
0.8471327 0.9325059 0.1626275 0.5673356 0.8006244
0.5209756 0.1444165 0.03712568 0.4830857 0.4627044
0.1646579 0.3732341 0.2889725 0.9258656 0.05190439
0.3137601 0.1098473 0.7506508 0.9420221 0.1699545
0.09943602 0.1672776 0.09658522 0.08211519 0.982507
0.5430595 0.8868014 0.5716404 0.05109095 0.1763733
0.8536636 0.5202877 0.1542828 0.1570893 0.04699437
0.6433081 0.04657292 0.7198532 0.9329321 0.6489689
0.2192624 0.4744036 0.8440037 0.7270934 0.186656
0.5906755 0.08108024 0.9492153 0.8262208 0.876767
0.4069465 0.1640887 0.9593553 0.7639221 0.08816179
0.6631291 0.8423761 0.2702144 0.7904141 0.6998528
0.7814107 0.3484182 0.07103452 0.1385836 0.05953722
0.6117635 0.8461221 0.7112664 0.3973937 0.5494433
0.682937 0.7742885 0.2710698 0.5831873 0.4581699
0.9331326 0.4644727 0.9598144 0.1288518 0.8134364
0.8762707 0.04038203 0.4151794 0.9226647 0.3127596
0.7059564 0.9821747 0.1307834 0.1435487 0.2976052
0.7038474 0.3495691 0.7154723 0.868298 0.2924765
0.6356573 0.05869107 0.3602895 0.4290771 0.4812443
0.03405603 0.4207903 0.6264122 0.3437021 0.8692457
0.6090283 0.4234399 0.09109063 0.4632837 0.3754467
0.7039905 0.002399895 0.6369118 0.6225347 0.2060078
0.8869519 0.08779967 0.9590998 0.7363233 0.7878777
0.595808 0.7997888 0.5611861 0.3736675 0.6863527
0.3412317 0.5650802 0.3872575 0.3483283 0.1344811
0.3751034 0.6210378 0.1522177 0.7192547 0.2887013
0.1228769 0.2468676 0.05310552 0.8367557 0.7917397
0.534237 0.5222925 0.9268471 0.5091676 0.6722042
0.09850153 0.6262661 0.3539266 0.1823597 0.9298982
0.942906 0.4209585 0.3454496 0.6672178 0.5171009
0.395496 0.6943769 0.3540292 0.6820973 0.001520008
0.667348 0.4750156 0.68223 0.4090552 0.8805544
0.8769857 0.7816952 0.7782074 0.2797023 0.4264993
0.8713658 0.7320849 0.666699 0.3868188 0.5528129
0.01354343 0.9147555 0.7183088 0.5477257 0.8593976
0.8270033 0.4470967 0.7035312 0.9767764 0.4663794
0.3412082 0.8921582 0.4183001 0.975157 0.2659922
0.1110533 0.9265065 0.6993586 0.3790881 0.4115851
0.3259985 0.1776271 0.9379872 0.1978185 0.2101306
0.3103375 0.1632008 0.531196 0.7277218 0.8752527
0.4426056 0.124038 0.3851149 0.8102186 0.2991186
0.9575524 0.4773792 0.9261174 0.5517656 0.3427244
0.1450605 0.5683565 0.1863116 0.1498073 0.2547255
0.5639306 0.7178718 0.05851363 0.9239804 0.6987892
0.8567432 0.3350146 0.223185 0.6839888 0.3336541
0.802272 0.7490671 0.7596358 0.2539646 0.4887217
0.392529 0.356661 0.7677114 0.8781964 0.1197709
0.7184877 0.9183934 0.9398535 0.1994624 0.3583735
0.7671578 0.8994628 0.6581545 0.4212979 0.3075968
0.01913447 0.01330505 0.1905154 0.9716724 0.4605259
0.8141087 0.6101176 0.2791085 0.2529113 0.4550679
0.7184588 0.8820938 0.140681 0.8439884 0.08873667
0.8202323 0.7705438 0.4588527 0.6222711 0.4877701
0.04216604 0.07180509 0.8584642 0.2676761 0.4746391
0.1162653 0.9329813 0.5495194 0.9411377 0.6541422
0.4789406 0.01131326 0.6098059 0.8804539 0.1771161
0.04423585 0.5369908 0.2340321 0.20827 0.3183368
0.4361759 0.5600473 0.167492 0.5420258 0.5690232
0.9060481 0.6881123 0.4203974 0.6019248 0.8351949
0.473997 0.0779113 0.5132094 0.2220763 0.7120754
0.9084784 0.3399051 0.3286368 0.6640473 0.4206567
0.1575489 0.1168634 0.7297531 0.6302888 0.09101887
0.4914978 0.7185649 0.9651468 0.1889381 0.9605248
0.4436812 0.2160752 0.02339622 0.7691231 0.1365922
0.5421289 0.4795208 0.8105035 0.1042521 0.5248209
0.352902 0.3869473 0.7528686 0.4080305 0.7700401
0.007984408 0.7955182 0.6493579 0.8969348 0.5710131
0.3381396 0.2653035 0.1383646 0.08889865 0.7568173
0.3399224 0.266258 0.6032366 0.4656893 0.169988
0.8655057 0.9142274 0.7490584 0.3590979 0.2072804
0.2854028 0.812554 0.7559699 0.8820662 0.2538094
0.212711 0.569328 0.1079108 0.2943467 0.768761
0.461395 0.5507306 0.9714625 0.8774475 0.855656
0.6931754 0.821361 0.3585065 0.5528037 0.1464365
0.6405734 0.2724491 0.5269306 0.2778745 0.8990617
0.06948213 0.7608378 0.3976591 0.2034683 0.9921406
0.6713993 0.5922346 0.2742166 0.7926882 0.5943411
0.2843485 1 0.08777024 0.6112137 0.4408235
0.904254 0.6335682 0.1978623 0.4079812 0.5646723
0.4179124 0.2823931 0.7681063 0.3671593 0.9106245
0.1452217 0.4083439 0.05030914 0.7080298 0.569436
0.4719839 0.8133314 0.3137583 0.5469593 0.3604608
0.1833122 0.2420692 0.2881945 0.4267314 0.8601572
0.0006011461 0.1587698 0.4079875 0.0718867 0.08677823
0.8603649 0.03065107 0.3610171 0.5440334 0.6143493
0.1282765 0.248123 0.4310919 0.8437221 0.8059941
0.5004681 0.294671 0.977955 0.6717533 0.890002
0.2243941 0.5762386 0.08726702 0.1837695 0.7884396
0.6421107 0.4077392 0.300872 0.9283173 0.2536173
0.8066968 0.2147627 0.1192717 0.2523163 0.2438278
0.8616014 0.2374907 0.6794965 0.8105168 0.655404
0.1166526 0.3755939 0.7429 0.7158936 0.4018052
0.5883285 0.5361862 0.3807418 0.864928 0.7690686
0.1187166 0.1842387 0.438888 0.770493 0.6779252
0.07488133 0.404232 0.07069735 0.976239 0.8320669
0.8401479 0.4798516 0.09246455 0.9695368 0.1818601
0.0798048 0.9730746 0.7184503 0.757785 0.6055714
0.8394007 0.2329274 0.3856911 0.4576315 0.07586693
0.5646963 0.7427512 0.3582504 0.7549074 0.5613623
0.7611375 0.8849799 0.3480269 0.6449364 0.04940977
0.2630398 0.1044957 0.277698 0.3711891 0.5871075
0.8805385 0.8438704 0.7880226 0.9684884 0.1049769
0.3790727 0.362496 0.7175211 0.02184108 0.005566826
0.6471931 0.08199606 0.2127847 0.3784938 0.4885985
0.9154551 0.4665814 0.8196566 0.9432386 0.9562105
0.3177838 0.2144632 0.732458 0.8208063 0.6888429
0.5970421 0.379711 0.6463912 0.3413218 0.385306
0.6128477 0.5575212 0.163205 0.3995758 0.2093664
0.4022972 0.6713113 0.5588514 0.2931783 0.7140763
0.5582739 0.3499494 0.8813313 0.5175046 0.6991275
0.04824115 0.7882962 0.4689585 0.6615396 0.5880192
0.5142441 0.1933022 0.7991049 0.03704814 0.999513
0.6477032 0.5584644 0.2677382 0.1250441 0.4594501
0.7727745 0.808481 0.09417689 0.02320898 0.8294945
0.9458594 0.9083376 0.223604 0.9967557 0.404369
0.6260382 0.9078881 0.0217624 0.04632276 0.8399193
0.8994542 0.2055655 0.8115283 0.8478123 0.1914968
0.5554351 0.7283449 0.1061432 0.6551182 0.006696927
0.6246919 0.5876633 0.2150515 0.7687171 0.1350491
0.3659297 0.2606787 0.8501139 0.1978411 0.7023512
0.8443043 0.02139305 0.8309984 0.5097915 0.4978741
0.9405566 0.8373425 0.7768113 0.757587 0.1541521
0.1896365 0.5368388 0.4363813 0.9745024 0.4759869
0.0941803 0.7753551 0.3039346 0.2590362 0.8264712
0.8498836 0.5853727 0.8138463 0.7758636 0.6270919
0.9772733 0.05899244 0.9351892 0.5584343 0.8093786
0.7134457 0.3060202 0.9623036 0.5534639 0.90339
0.8960011 0.2156072 0.9243198 0.6925826 0.8080776
0.4101018 0.2838869 0.985391 0.6161392 0.7888233
0.8127107 0.8687485 0.2958746 0.7443978 0.7992507
0.155453 0.736812 0.3990866 0.4784974 0.2087658
0.3778522 0.4295042 0.9080856 0.110958 0.7215711
0.3285476 0.8301053 0.5620375 0.2906922 0.1985005
0.9871509 0.2845769 0.7496158 0.3203052 0.533621
0.2143514 0.5255278 0.6888855 0.295427 0.04660278
0.5021097 0.5656646 0.7622636 0.6194718 0.1679065
0.4468467 0.3769744 0.5445874 0.6902606 0.5175233
0.7510448 0.4994271 0.2130271 0.3010266 0.6361423
0.0595746 0.4890523 0.4559152 0.928385 0.7801582
0.7573986 0.4039791 0.5750325 0.5855073 0.01164271
0.4228391 0.08639713 0.6287317 0.1398143 0.5050533
0.8638876 0.4547613 0.752852 0.885586 0.1848435
0.2618791 0.1599543 0.5395727 0.5139676 0.7896219
0.7013984 0.852221 0.09342544 0.31942 0.116888
0.2514199 0.9239771 0.7048403 0.2350844 0.9332265
0.3106506 0.8188491 0.5743897 0.2007857 0.792456
0.04591471 0.8201441 0.6242277 0.4570194 0.4362503
0.003695166 0.5675194 0.9721382 0.76275 0.8755085
0.2007476 0.3067092 0.09723973 0.105346 0.4506738
0.9333463 0.02387544 0.4603358 0.663424 0.05194293
0.7445204 0.5322882 0.4976894 0.06185132 0.4895883
0.624785 0.3226349 0.4794406 0.8923563 0.9674054
0.9347229 0.7980401 0.8622132 0.9547857 0.161443
0.7574306 0.5244122 0.03587228 0.09675135 0.9268998
0.09504232 0.7849715 0.1228975 0.2295577 0.8695961
0.7223784 0.3114449 0.815655 0.947588 0.1284066
0.01619727 0.06722823 0.9807529 0.8255921 0.9100607
0.9280074 0.07950887 0.9841682 0.5361761 0.03634427
0.2180512 0.9455239 0.693038 0.8212591 0.1118523
0.3985595 0.2993362 0.7563613 0.4211869 0.1149172
0.1271683 0.3600514 0.7914974 0.9100356 0.9974361
0.3560506 0.1082986 0.918793 0.5584149 0.8445555
0.6156876 0.2165588 0.6346405 0.3926428 0.8452128
0.1539786 0.7985545 0.8475684 0.9996495 0.7160926
0.3230703 0.9652611 0.9009208 0.7001702 0.1909942
0.3751071 0.02866005 0.3685973 0.6156302 0.7499206
0.9918532 0.008513872 0.7585471 0.7497283 0.4921206
0.02520747 0.9615032 0.8456314 0.3076416 0.5574169
0.799258 0.9509179 0.508593 0.6748166 0.1781773
0.2591711 0.7502572 0.4838731 0.2105031 0.6092976
0.5765789 0 0.6340118 0.2516108 0.1724902
0.5534007 0.6607152 0.2124492 0.2737072 0.06916557
0.08502219 0.9427703 0.5191621 0.5076053 0.2730154
0.8380929 0.3200933 0.214236 0.5097512 0.9704676
0.3362707 0.21113 0.4209815 0.7451907 0.6275549
0.3650167 0.3660867 0.7255897 0.1962359 0.3295888
0.7851504 0.5765641 0.8399237 0.2526191 0.8803854
0.2352045 0.6599298 0.8209619 0.2829848 0.8925184
0.1667352 0.1826984 0.03411813 0.2862128 0.9547132
0.8499903 0.1567445 0.4820093 0.6580638 0.7891553
0.8342178 0.1074167 0.8198563 0.01850149 0.5766546
0.3840426 0.4829726 0.0382054 0.3570287 0.3816647
0.7941455 0.1169047 0.9602367 0.1969639 0.2886378
0.4969627 0.1069475 0.05981881 0.01847216 0.5040138
0.9987737 0.7650867 0.7637967 0.4280418 0.4573193
0.3752114 0.7081006 0.1473726 0.5830404 0.2590775
0.1444371 0.7992172 0.6121075 0.2552513 0.1896773
0.05874116 0.761035 0.3854711 0.2940045 0.278887
