0.6670953 0.1825123 0.3467452 0.3342253 0.4838188
0.8075591 0.8171227 0.4863737 0.5925997 0.6968382
0.8117861 0.3316695 0.8410546 0.2801615 0.1689216
0.7184756 0.4887642 0.3087918 0.6450666 0.03594533
0.05505481 0.1351751 0.1931997 0.1054338 0.7389013
0.3747056 0.2646469 0.9504787 0.745109 0.0878114
0.5470907 0.9512163 0.7019433 0.2668756 0.4383366
0.890653 0.8853857 0.4083781 0.4278218 0.1756467
0.09956126 0.5401151 0.240393 0.01321179 0.8908803
0.9537694 0.96389 0.9069078 0.1189455 0.421748
0.2764722 0.5318025 0.001284043 0.399637 0.2975681
0.394927 0.2299618 0.1858768 0.910001 0.4138154
0.667411 0.2038747 0.4915987 0.6982502 0.9732527
0.8122596 0.8912686 0.7468619 0.01542517 0.9252039
0.799612 0.6166458 0.1469703 0.6305953 0.7830213
0.3692667 0.07113066 0.7425762 0.7365126 0.4549577
0.5233935 0.9086078 0.7972735 0.1681844 0.2177294
0.7147269 0.6691015 0.6006242 0.1329409 0.209655
0.8233571 0.387827 0.7180406 0.7916922 0.2975915
0.380065 0.5763827 0.03573643 0.2946269 0.3108877
0.7632415 0.7989041 0.3870019 0.4619779 0.8502949
0.05593246 0.2639357 0.9633844 0.2609361 0.3489504
0.3831718 0.7831166 0.60556 0.369584 0.1884158
0.4588015 0.6074772 0.2387682 0.1885752 0.1685195
0.888319 0.4863285 0.1265036 0.7275109 0.8423398
0.9404877 0.6822116 0.4588485 0.03655022 0.3399201
0.2871533 0.355825 0.7550694 0.7932879 0.1776504
0.9430022 0.310013 0.755753 0.2635791 0.6043838
0.2072761 0.08413065 0.1222802 0.7624904 0.4797753
0.3751521 0.1336499 0.5176378 0.3738186 0.1577346
0.4143696 0.9079716 0.5489516 0.6800509 0.697311
0.9850367 0.5650325 0.8984468 0.3337762 0.7800712
0.02317223 0.8319127 0.332957 0.3982148 0.685425
0.4214416 0.6338693 0.9306796 0.05071672 0.3833908
0.3406589 0.3613135 0.8312955 0.4659877 0.7327155
0.5504622 0.6774389 0.5080261 0.9835659 0.014407
0.2962325 0.8043458 0.6105858 0.6917695 0.9731945
0.8513956 0.07361516 0.2735773 0.181781 0.8833029
0.08707993 0.638739 0.3416691 0.3729624 0.4229917
0.5747091 0.4221776 0.5743227 0.7366455 0.4784841
0.7268541 0.3840441 0.4281843 0.7583233 0.9921085
0.06719639 0.4667599 0.02879372 0.3349951 0.3935231
0.4091367 0.6539996 0.1959433 0.4855296 0.9688465
0.5510155 0.08174988 0.7129187 0.8076834 0.6753746
0.1562929 0.564367 0.3670903 0.8943423 0.2820336
0.5159834 0.4862958 0.5550463 0.0132785 0.05033724
0.1595295 0.1071473 0.1517699 0.02637038 0.8601031
0.001451659 0.06247756 0.4218949 0.3194072 0.4769288
0.5504039 0.8433613 1 0.7510649 0.2920679
0.2713635 0.7802838 0.5862287 0.1400663 0.0341973
0.2784728 0.835989 0.9041423 0.5389763 0.2572315
0.7234516 0.008502248 0.3550784 0.3677956 0.1423085
0.02715777 0.1285952 0.3660766 0.6789593 0.161562
0.6061846 0.6810069 0.1171322 0.1789423 0.730743
0.5386915 0.6818851 0.01071571 0.5480853 0.102048
0.6485669 0.8279873 0.6342432 0.8253533 0.8716034
0.3560532 0.3136883 0.06281564 0.4935752 0.5986035
0.4512365 0.1574485 0.009567627 0.110612 0.0769114
0.4160988 0.9441439 0.8586101 0.6292999 0.2639748
0.1882318 0.1393764 0.7439331 0.05113701 0.2429589
0.3587428 0.1184008 0.08873901 0.7528152 0.9483141
0.8415609 0.2506521 0.2758447 0.1054859 0.9154317
0.930381 0.9310925 0.5857114 0.5405655 0.4510919
0.4787727 0.1340956 0.4704368 0.4556406 0.001999853
0.5368583 0.09124264 0.1151529 0.4332529 0.6479554
0.4029834 0.7479625 0.3759495 0.09247985 0.4153985
0.2788268 0.3503373 0.9932242 0.3065041 0.6810665
0.1588301 0.1689998 0.6995295 0.6693025 0.5553071
0.6415077 0.8990765 0.1945128 0.6436947 0.3364502
0.2125196 0.3264327 0.1502634 0.788333 0.6661239
0.07412094 0.5671384 0.2847632 0.6351543 0.7889801
0.9970924 0.2402306 0.7066156 0.6323476 0.9679158
0.02310827 0.8684826 0.1723189 0.9992379 0.2802236
0.5893755 0.3023272 0.9977595 0.5746834 0.6959264
0.228536 0.1362367 0.1636131 0.009475756 0.3382017
0.3386781 0.9347749 0.4097658 0.8070981 0.5561501
0.3465086 0.691261 0.2600406 0.324213 0.0372549
0.5844575 0.02133016 0.4481668 0.9041804 0.6525048
0.5348321 0.7499728 0.4475936 0.3641968 0.1254018
0.8594978 0.2372913 0.7097277 0.4324926 0.1577089
0.01988865 0.6924765 0.5483749 0.9243879 0.4980284
0.8595997 0.4524073 0.2921157 0.9459069 0.1869304
0.007771358 0.873026 0.5993705 0.979863 0.4427936
0.9479577 0.8214321 0.01293117 0.1902596 0.2381632
0.6369995 0.4637659 0.5522442 0.944937 0.590922
0.2071143 0.7553084 0.2358101 0.1627938 0.9933171
0.4758727 0.1702223 0.006037016 0.8189565 0.5028531
0.5098336 0.1101763 0.6072617 0.6265385 0.7432555
0.6876524 0.100708 0.1391197 0.2086286 0.9232781
0.6683327 0.5961677 0.5736975 0.8463259 0.3287299
0.832039 0.6842908 0.1182459 0.2772798 0.1110019
0.6394137 0.2079214 0.2230867 0.7356092 0.6529038
0.5672566 0.4288377 0.7491481 0.9195003 0.3110775
0.2271906 0.2981821 0.04630154 0.002429045 0.8866875
0.8527482 0.23319 0.7620594 0.7898758 0.6958541
0.8556782 0.1569774 0.05524343 0.7155037 0.4016893
0.2652882 0.5750902 0.7520053 0.7015013 0.8610508
0.2567894 0.3701296 0.3899415 0.4028639 0.8930352
0.8874302 0.3222442 0.4969322 0.103851 0.2052495
0.7144816 0.6069828 0.2514141 0.4158661 0.007580137
0.2549732 0.8536166 0.5683444 0.4550367 0.9065866
0.2196091 0.1962397 0.4343195 0.4392209 0.06930495
0.8059846 0.3356479 0.3945185 0.1721531 0.8668986
0.9733301 0.2648593 0.5279382 0.6416494 0.6677317
0.1713471 0.8071142 0.164501 0.02568037 0.3213343
0.3017702 0.4975804 0.820127 0.5469658 0.5697456
0.1608991 0.7841811 0.4181653 0.1200758 0.9212195
0.6208408 0.4956531 0.8918303 0.3617914 0.6623494
0.2208459 0.94557 0.7980825 0.6641677 0.6763396
0.497404 0.4985616 0.321248 0.2975384 0.1662228
0.001664172 0.5079023 0.3143438 0.5881449 0.2058198
0.4473686 0.000440394 0.7908493 0.4831151 0.3187395
0.5735611 0.4591274 0.6955308 0.8772477 0.5438419
0.4353191 0.9460721 0.9959909 0.4025083 0.5783003
0.7696765 0.9834749 0.7652383 0.1123397 0.2201057
0.1281498 0.3181466 0.08165837 0.152988 0.6730903
0.3916705 0.4638262 0.3700388 0.4530275 0.3138233
0.6589955 0.3236103 0.6084686 0.2539538 0.7518999
0.6904686 0.1630178 0.3035712 0.2085658 0.9985295
0.06839502 0.4132628 0.9452105 0.3079626 0.235383
0.7757963 0.007975987 0.7533889 0.969739 0.7532813
0.07895809 0.7648182 0.1143478 0.5290092 0.6965225
0.2528981 0.2824449 0.0655145 0.6214248 0.3577271
0.07065601 0.8117142 0.6293488 0.8112734 0.6930768
0.9458226 0.08570085 0.9930147 0.3006434 0.4753218
0.3985403 0.5138664 0.7875684 0.8918151 0.9044684
0.7479366 0.6017606 0.1283889 0.1258214 0.6731645
0.528766 0.3597114 0.5296596 0.05852394 0.6890153
0.04067011 0.01797046 0.2252624 0.6941299 0.1237216
0.8596169 0.4715328 0.4106265 0.8389743 0.258307
0.6673371 0.8631842 0.8788735 0.8262085 0.371713
0.9986646 0.5252465 0.3915656 0.5275101 0.3742843
0.662658 0.9593192 0.9787249 0.9584217 0.8546449
0.9937473 0.04096444 0.8399695 0.0993407 0.4020277
0.7169327 0.3245473 0.09332023 0.9329972 0.3446635
0.77805 0.4193824 0.5121087 0.6148123 0.7431993
0.5097409 0.4396615 0.9163431 0.3655355 0.9961163
0.3986745 0.9800366 0.7095667 0.3045204 0.7179002
0.0004973311 0.5839 0.00641646 0.7547635 0.1571611
0.9328187 0.3900245 0.8038557 0.3394301 0.4205936
0.8155206 0.9346825 0.8197606 0.2683687 0.1353515
0.05672715 0.8037189 0.7805648 0.3927107 0.1249905
0.978564 0.4089192 0.4802248 0.3343025 0.5476264
0.9226599 0.4863658 0.7402374 0.9223259 0.07635733
0.7034989 0.4603376 0.05486566 0.9005948 0.182267
0.5110522 0.8500029 0.6215639 0.5593494 0.04780943
0.6306089 0.4604934 0.8339845 0.05084499 0.5826696
0.5098456 0.4512073 0.8768928 0.304495 0.1247834
0.4140507 0.237432 0.3693744 0.85409 0.7476109
0.5203148 0.5787693 0.6375885 0.7065351 0.6530775
0.2227575 0.8919802 0.7798549 0.3392914 0.3908746
0.2641506 0.1072528 0.1715658 0.3897736 0.830567
0.3209701 0.8074335 0.3667003 0.6603196 0.01831635
0.1246997 0.8635292 0.3098375 0.2389233 0.8969485
0.2794171 0.2255641 0.3362997 0.5561011 0.629732
0.5368133 0.8116049 0.1111489 0.4804061 0.6225681
0.8436105 0.4352543 0.5335399 0.1859594 0.1477795
0.4066771 0.4450369 0.2021913 0.7256665 0.5706795
0.9093553 0.4373601 0.00700053 0.6547974 0.0715355
0.8859795 0.5588159 0.5470124 0.1256008 0.5819354
0.8350491 0.5453201 0.5141051 0.5287301 0.9157046
0.2795052 0.3677651 0.8600436 0.123112 0.6466819
0.09125322 0.3963619 0.6792865 0.6471953 0.3800015
0.8111875 0.868991 0.5053764 0.433479 0.1644321
0.683208 0.3070017 0.066767 0.01761699 0.9426974
0.5229772 0.4218208 0.2607718 0.8267066 0.2617526
0.3585655 0.9982289 0.5642462 0.2238222 0.01975946
0.04332119 0.6559834 0.6683905 0.4372732 0.9803944
0.2590738 0.56196 0.8437836 0.3045369 0.7259077
0.831801 0.9147302 0.2822126 0.5209506 0.7948417
0.2637548 0.8336043 0.2929428 0.8447718 0.036105
0.009601414 0.4298171 0.2622267 0.8816971 0.2662932
0.9337367 0.3756853 0.6912037 0.6882436 0.1931694
0.1784414 0.1069093 0.5956116 0.02872119 0.7764212
0.5448017 0.4903574 0.01652054 0.04141941 0.6029352
0.7182526 0.9860347 0.9817408 0.7846016 0.2340827
0.9816179 0.006680152 0.3448827 0.2251936 0.2684194
0.9511229 0.9734827 0.6602394 0.4972402 0.5712595
0.7567024 0.3184251 0.6971939 0.5799349 0.8746345
0.1236478 0.9239055 0.5377889 0.342622 0.4583317
0.837721 0.04671064 0.6327656 0.4162255 0.04445398
0.02453179 0.25299 0.6154005 0.2051184 0.8639261
0.6825667 0.8732183 0.2881714 0.6426365 0.1517332
0.3125593 0.2692885 0.4837815 0.1901105 0.9558212
0.8489629 0.5283181 0.4036049 0.1152161 0.1200857
0.8571998 0.4060737 0.5953855 0.1263924 0.2270181
0.3164369 0.1198698 0.1744181 0.9112797 0.8059953
0.5323573 0.4897485 0.6158395 0.7174544 0.8257498
0.1315775 0.2826677 0.3018502 0.4257029 0.8962317
0.6273463 0.5706366 0.7104798 0.6587848 0.6144827
0.05794188 0.6953499 0.3233527 0.09036443 0.4831179
0.5054898 0.1324631 0.4319864 0.9628386 0.4046752
0.9870627 0.9887264 0.7418044 0.7556951 0.9409009
0.123707 0.1092472 0.8109968 0.580042 0.1742554
0.3611076 0.498059 0.8752792 0.04877711 0.6839925
0.6783493 0.354865 0.3121712 0.1639209 0.7162816
0.7304823 0.9980359 0.6009597 0.04239491 0.4244228
0.9428156 0.2463291 0.1166282 0.4958596 0.691318
0.6560635 0.5028985 0.6126007 0.07211383 0.1872323
0.3278196 0.1366326 0.9141793 0.02263281 0.3403092
0.2218408 0.2359061 0.1647463 0.4264921 0.9907517
0.3283438 0.8268233 0.8231348 0.006200619 0.1874985
0.1716961 0.3446084 0.6880173 0.5141834 0.8967317
0.2930926 0.09431325 0.895472 0.3205035 0.4611998
0.145689 0.4325081 0.8201015 0.3252942 0.702745
0.5706354 0.5605347 0.09171692 0.6021524 0.504044
0.5883804 0.7950465 0.8915097 0.247634 0.5853776
0.6270205 0.7579184 0.2671727 0.1776407 0.8751964
0.142042 0.264579 0.1110321 0.514341 0.529942
0.4289474 0.07402101 0.5512177 0.5242309 0.4101514
0.1586831 0.6145153 0.6878599 0.959265 0.04157922
0.9281023 0.9148366 0.1855583 0.05806845 0.2120976
0.1107984 0.6385352 0.2418973 0.5945083 0.5541092
0.5662432 0.9370273 0.5778221 0.1777802 0.9586806
0.7272468 0.8375322 0.6488919 0.8206315 0.7549101
0.3319448 0.7159419 0.05641154 0.5309106 0.6818267
0.4926471 0.1489949 0.05940455 0.6175453 0.250251
0.9863967 0.1658042 0.3896487 0.4782282 0.324921
0.2722246 0.7322177 0.6903661 0.6597997 0.6559601
0.5269203 0.130834 0.303507 0.3593973 0.05869923
0.2148337 0.3113446 0.09574177 0.2366168 0.4389841
0.1857576 0.7208807 0.9187662 0.6716066 0.2788429
0.4373855 0.6545848 0.67498 0.6520506 0.5260955
0.5679248 0.1126836 0.4991731 0.3841973 0.9350391
0.8823117 0.8831639 0.8524726 0.7032369 0.5646226
0.6352421 0.4205604 0.9326119 0.04691469 0.09608972
0.6519131 0.09920959 0.5455326 0.3841942 0.7721433
0.7709826 0.2099984 0.1734402 0.6283282 0
0.05232137 0.679954 0.2610279 0.9716021 0.4178272
0.9253951 0.2161712 0.6609013 0.7796722 0.4486252
0.166011 0.3156463 0.9055071 0.8547192 0.3850632
0.7301506 0.3437306 0.3360174 0.7778494 0.879458
0.3564102 0.4892227 0.247332 0.742025 0.2020251
0.8503051 0.005482531 0.4079724 0.8123358 0.5080443
0.3525129 0.1822321 0.06871264 0.320886 0.8579718
0.6260461 0.5676924 0.8243666 0.1544699 0.4616427
0.3768192 0.01351777 0.4620815 0.01645187 0.6800357
0.2887033 0.05891208 0.2001767 0.02239811 0.0202603
0.3869761 0.6866886 0.06174522 0.8340366 0.6237039
0.8406425 0.5643422 0.807774 0.1446018 0.4739471
0.3783475 0.1007794 0.4942758 0.2922758 0.9984867
0.7822897 0.9733471 0.3801517 0.5699639 0.08784535
0.3974525 0.332106 0.622058 0.1577685 0.9778229
0.6313138 0.03568757 0.08953827 0.9285668 0.6270593
0.4260895 0.6172988 0.2337717 0.05305709 0.1603583
0.5271156 0.2391106 0.985128 0.5937065 0.2978579
0.7824247 0.8327698 0.1400061 0.869067 0.4548598
0.1253587 0.02037021 0.1832349 0.4862249 0.354045
0.5854006 0.7669304 0.7173028 0.1061013 0.7570998
0.674223 0.1918959 0.4347274 0.1107187 0.8353988
