0.3372752 0.1307797 0.6585654 0.2418841 0.4649286
0.6038953 0.03295662 0.9226853 0.3670126 0.598446
0.9745621 0.9647426 0.4628891 0.9243853 0.6540098
0.2781246 0.5626513 0.9134812 0.9460757 0.677491
0.3310174 0.1710324 0.137286 0.8214303 0.4998342
0.997803 0.4828892 0.06108954 0.2381201 0.2392708
0.2979343 0.8512194 0.2460056 0.9949978 0.2147449
0.530782 0.5846518 0.2889535 0.09587656 0.2544954
0.1497243 0.06735025 0.4036291 0.7931763 0.9976436
0.2690039 0.9289468 0.6643636 0.09017952 0.917104
0.3041071 0.9498053 0.09339874 0.1604366 0.5601025
0.9422971 0.2931637 0.6522912 0.8307524 0.7738762
0.04974158 0.3589656 0.05792323 0.8368722 0.7928
0.2652751 0.08361861 0.4448358 0.8023358 0.9895394
0.2092487 0.07081839 0.6071481 0.6348764 0.004361378
0.02935638 0.4267039 0.1033289 0.4678474 0.3655795
0.2068464 0.821032 0.2896466 0.1603306 0.3224373
0.7867347 0.2024536 0.2527747 0.02117229 0.9325872
0.8607847 0.1308779 0.5098811 0.7610752 0.5746551
0.9091173 0.06208773 0.4786439 0.9676554 0.2067895
0.5586105 0.6921986 0.8676414 0.6709145 0.1070857
0.4893998 0.9183032 0.8118917 0.8465623 0.139001
0.501053 0.8885358 0.4415595 0.5980006 0.7756929
0.9571318 0.8862299 0.3043207 0.5775227 0.3451282
0.5292397 0.3809973 0.8338613 0.6217006 0.308078
0.1666672 0.5450285 0.8608895 0.006317605 0.5144969
0.3355465 0.3269654 0.7192128 0.1758361 0.6613414
0.133211 0.1951359 0.8212989 0.7899658 0.4147733
0.8069425 0.7241397 0.2651798 0.3540822 0.02958198
0.9681999 0.2833301 0.4304067 0.4113735 0.3618379
0.6400163 0.896931 0.9952889 0.5758022 0.871046
0.09190705 0.5683303 0.542448 0.4937057 0.4583207
0.2001625 0.9706259 0.7869392 0.08164968 0.3557239
0.591713 0.547809 0.6909405 0.3842078 0.2242352
0.4419954 0.918611 0.3750647 0.5945271 0.9836051
0.1192645 0.8173748 0.7534433 0.2536465 0.5736564
0.8092235 0.9857937 0.210075 0.3785505 0.531266
0.4626997 0.2048519 0.2326582 0.3353128 0.5716296
0.6414663 0.2735053 0.2679659 0.8236988 0.185067
0.160642 0.8879742 0.08438345 0.6228612 0.044067
0.7312256 0.308087 0.150369 0.7444982 0.2464128
0.01230647 0.3486619 0.17135 0.9338791 0.2383683
0.8147366 0.5200306 0.8821694 0.6113033 0.1881878
0.5027297 0.5382229 0.8808273 0.07929143 0.499228
0.5569869 0.09442567 0.8714731 0.5068797 0.403625
0.4368392 0.5669408 0.2417651 0.03822711 0.9832666
0.5139012 0.8855935 0.5893863 0.6805469 0.838845
0.930417 0.07540154 0.6646958 0.02733707 0.4296159
0.9047129 0.5181275 0.5529467 0.1826186 0.9714671
0.5339673 0.01186985 0.5405496 0.1854368 0.6507925
0.9397917 0.7611675 0.1395446 0.210891 0.9855508
0.9129402 0.7807503 0.8186606 0.3550343 0.3446396
0.5295054 0.6613832 0.1460937 0.7390716 0.3964355
0.6174975 0.2209084 0.7635937 0.7501914 0.984966
0.6725891 0.4990938 0.2446803 0.001431339 0.99637
0.3197183 0.691841 0.2977933 0.5623751 0.7221088
0.01365425 0.3109678 0.6992178 0.3469077 0.3353973
0.266452 0.09310709 0.3021645 0.951283 0.6310111
0.5501906 0.8282638 0.1705473 0.02921575 0.4895591
0.6927381 0.4876956 0.755557 0.247594 0.3648434
0.7797416 0.8568435 0.8170237 0.6574154 0.1719508
0.9950252 0.3010042 0.4094239 0.1635356 0.2774565
0.01399399 0.2854927 0.3184296 0.7884756 0.6818761
0.3985921 0.8288834 0.2091325 0.1985879 0.6469046
0.463416 0.7025444 0.1208792 0.8823338 0.4743834
0.0533519 0.4483175 0.655952 0.3511785 0.8023825
0.5563542 0.2645168 0.917012 0.9563921 0.1595825
0.2644352 0.8893899 0.02556836 0.7567928 0.1442187
0.8817868 0.9369254 0.1854498 0.8232653 0.5551223
0.446841 0.1013742 0.1566028 0.3753515 0.2366712
0.2535715 0.9073788 0.05137994 0.1833749 0.5446631
0.4348881 0.7839914 0.3039633 0.4683499 0.438415
0.160166 0.2624518 0.5166383 0.2887158 0.5515259
0.5259166 0.7968011 0.877805 0.9488057 0.531131
0.5390503 0.4212076 0.5562425 0.3339582 0.9034652
0.6330201 0.06596472 0.4592281 0.2991038 0.7548436
0.7789982 0.3537413 0.5175666 0.06752022 0.6673114
0.2481218 0.9803705 0.01742912 0.1849081 0.9921377
0.09312114 0.09226111 0.3998709 0.8129387 0.7621821
0.6794834 0.1665214 0.4973971 0.3162369 0.5276085
0.7847827 0.7923188 0.06636158 0.8778851 0.175539
0.005443891 0.3557551 0.4157534 0.9871332 0.4813151
0.2176923 0.5628666 0.2020436 0.6274705 0.1615341
0.2978669 0.1981921 0.3166163 0.753139 0.1777109
0.2382288 0.3981794 0.3218145 0.6058635 0.2549364
0.1394709 0.7782696 0.4396363 0.6658677 0.1694674
0.1986675 0.4620403 0.1306413 0.1705852 0.307018
0.1634168 0.2906885 0.5070234 0.4571633 0.3398286
0.7324036 0.06902548 0.04983417 0.1750544 0.8594901
0.5155957 0.4324901 0.9947111 0.2312204 0.4556716
0.2415984 0.04902198 0.05315958 0.07763715 0.3518703
0.1863556 0.9427312 0.7337196 0.6309116 0.9501307
0.1922656 0.7799377 0.7836185 0.2033971 0.5592734
0.5300552 0.2802763 0.8364001 0.1925023 0.6518729
0.07556327 0.8179566 0.1241749 0.9326816 0.90986
0.4009907 0.1593754 0.7832147 0.1561893 0.4404078
0.3800638 0.1981942 0.5356187 0.8337168 0.2590549
0.9784513 0.6706104 0.8727409 0.5665776 0.8741469
0.967599 0.430784 0.5280752 0.3726934 0.922872
0.8421916 0.7279323 0.7244982 0.3827555 0.2641215
0.137466 0.6695587 0.1481158 0.1414154 0.668406
0.4873002 0.7168234 0.0414257 0.6490386 0.4727531
0.4741451 0.002335065 0.6564405 0.7492103 0.2371203
0.8286418 0.9343229 0.04197278 0.1300756 0.7941827
0.6299498 0.9279955 0.3439009 0.1632323 0.8323644
0.5225032 0.8396559 0.2409191 0.1594873 0.5751299
0.8892558 0.08627802 0.79343 0.1706634 0.3524844
0.6011487 0.4808639 0.001370668 0.284227 0.2085995
0.964931 0.06540385 0.04209686 0.1383214 0.6506302
0.6667218 0.7350404 0.135478 0.490407 0.9110844
0.6105338 0.5636997 0.5741454 0.4087568 0.07261216
0.6346658 0.9957618 0.3159841 0.8637336 0.04257668
0.2903484 0.9526435 0.07350659 0.8379815 0.2438346
0.5752533 0.421946 0.3133396 0.2992646 0.3411554
0.4785856 0.2041078 0.4557972 0.8026602 0.5703963
0.5090048 0.7715524 0.6117962 0.5007983 0.06377522
0.9592669 0.940071 0.9504697 0.0647097 0.5589004
0.8567578 0 0.1121623 0.8034362 0.06082467
0.3313698 0.5478581 0.3117137 0.2606778 0.8623709
0.4183367 0.1343079 0.6375416 0.0977539 0.301442
0.399775 0.03227225 0.9945788 0.1837622 0.800969
0.3292685 0.4118236 0.2290624 0.7647692 0.5101444
0.2258203 0.986949 0.6264443 0.1255093 0.2632572
0.9571605 0.20462 0.9201632 0.06533262 0.5667267
0.4096674 0.05310163 0.5151108 0.5460144 0.8853015
0.4791228 0.3311937 0.1242383 0.670237 0.5989053
0.02696133 0.6977773 0.8415348 0.1967432 0.7125287
0.5448058 0.8537584 0.2451067 0.1770568 0.08640498
0.1619342 0.05765785 0.7301057 0.8008631 0.9238701
0.9917314 0.5458069 0.4049093 0.6894275 0.263931
0.3526044 0.8188145 0.6449122 0.6256415 0.7297998
0.1828932 0.9503253 0.04119278 0.4488048 0.9322076
0.7529082 0.5127361 0.09925338 0.4459465 0.6765445
0.7242708 0.6010983 0.1942772 0.3445405 0.9551713
0.09752827 0.113303 0.7336999 0.4202289 0.9145196
0.3431804 0.8929646 0.7350101 0.4373279 0.5811528
0.9709136 0.6769786 0.7015 0.148435 0.7369126
0.1060552 0.6913549 0.1055072 0.6292478 0.367755
0.4119579 0.7445953 0.2102423 0.05973732 0.0501877
0.4701678 0.9664247 0.9981845 0.2553639 0.347125
0.8180249 0.6494493 0.5699304 0.9815623 0.1347473
0.678379 0.1952516 0.2506871 0.04407244 0.9430501
0.538435 0.9422886 0.8057697 0.5671335 0.5028997
0.559092 0.5175688 0.4540018 0.8348805 0.03508756
0.6729823 0.2763598 0.2704758 0.9697888 0.5882973
0.8393307 0.1654982 0.1071223 0.5459239 0.4293671
0.2868614 0.2998223 0.1890072 0.3226948 0.6200652
0.001458178 0.1171636 0.6734003 0.9649377 0.4456438
0.05452989 0.706372 0.461795 0.1939898 0.3140433
0.1329322 0.7870183 0.09845838 0.814937 0.9690087
0.08018047 0.8216651 0.1636255 0.08808549 0.07525258
0.6266947 0.7524114 0.1104573 0.0058739 0.7098341
0.6734358 0.7334276 0.2288936 0.7931507 0.737333
0.4006475 0.7012677 0.7638745 0.4490792 0.9195613
0.1136518 0.5166611 0.4880449 0.5763916 0.3854399
0.9405779 0.356964 0.8947772 0.7356498 0.2266186
0.7123872 0.0870161 0.1798236 0.4263031 0.1212224
0.5422438 0.7982034 0.7623419 0.6797104 0.1558726
0.1299225 0.3770721 0.9095984 0.8489432 0.6878972
0.7597194 0.1555642 0.08638444 0.1642314 0.1773428
0.5087825 0.3425857 0.8119201 0.1009821 0.1547037
0.3932339 0.5622994 0.9770933 0.3599283 0.1291582
0.4691512 0.0702257 0.4890084 0.2979132 0.6288143
0.6413992 0.4070768 0.7546598 0.9373951 0.670447
0.02816795 0.8395933 0.3746314 0.1744523 0.8519563
0.3068223 0.9195988 0.8462328 0.1211527 0.1101129
0.2677652 0.8302658 0.110603 0.3140151 0.4200881
0.00530395 0.3363404 0.6171168 0.7543159 0.741477
0.4025819 0.7453003 0.2732643 0.01305447 0.01254491
0.1975883 0.9709655 0.2475533 0.3364032 0.6000528
0.2623662 0.1674635 0.1637105 0.7081189 0.1209757
0.231074 0.4353838 0.4128256 0.4016427 0.4758722
0.9851997 0.1294259 0.2592257 0.3448739 0.487053
0.4184336 0.6980365 0.8900695 0.2420876 0.5485047
0.2306627 0.3356526 0.3396941 0.7777369 0.2064453
0.5721776 0.0961727 0.5470962 0.4472875 0.7694335
0.5319867 0.2090608 0.9869358 0.5107078 0.2338275
0.5645212 0.3677452 0.6517599 0.7419362 0.8133301
0.9735915 0.2874696 0.2669578 0.7625997 0.7762622
0.9380981 0.02003841 0.4829694 0.7891301 0.1236787
0.5249704 0.1418656 0.142494 0.4469705 0.8288971
0.666469 0.03866143 0.305731 0.09043598 0.5275972
0.3249634 0.00502515 0.1152287 0.1515516 0.2808064
0.4347013 0.06519407 0.2815865 0.373082 0.1204622
0.2331237 0.5788571 0.2691216 0.3629864 0.9029569
0.4525993 0.005317123 0.1926665 0.2463301 0.8379069
0.6917541 0.8393967 0.2793518 0.3301451 0.1927567
0.6697084 0.2023677 0.3857974 0.9655037 0.6306773
0.7582395 0.7291042 0.8530002 0.5006968 0.3022242
0.1490439 0.47335 0.2156897 0.1287659 0.5608053
0.7704895 0.7035537 0.2032351 0.2285359 0.5500141
0.1638457 0.7298992 0.4218525 0.6128882 0.1432648
0.5535911 0.8601245 0.9389283 0.09740187 0.498174
0.5172326 0.5920326 0.6923206 0.4778247 0.8545781
0.3362091 0.294209 0.7749323 0.4927216 0.8014396
0.8887666 0.822868 0.5221324 0.1942384 0.3079523
0.6381839 0.2847861 0.2531764 0.3379631 0.8092474
0.1676688 0.1858444 0.6323073 0.439375 0.6248042
0.426245 0.9577368 0.07602227 0.3954108 0.8360633
0.9946256 0.4281419 0.8083105 0.3114492 0.7317621
0.9812812 0.1682467 0.436452 0.945407 0.5355022
0.4296143 0.08736658 0.1620023 0.9954514 0.8019911
0.819377 0.6861156 0.4414774 0.4926968 0.772802
0.922584 0.2217034 0.2656659 0.5441326 0.7381236
0.4018009 0.6489112 0.5064307 0.2922165 0.1823891
0.909802 0.668228 0.8803447 0.1542902 0.2461574
0.05552893 0.409249 0.4603297 0.7678678 0.9385922
0.01413415 0.649305 0.809166 0.6756375 0.632166
0.01215797 0.1002853 0.6459462 0.6599069 0.8939694
0.8616752 0.6873586 0.6346792 0.9417958 0.7429863
0.227953 0.3501311 0.2465679 0.06169229 0.6870519
0.2120244 0.5994694 0.9438291 0.8672367 0.3347913
0.4076719 0.9487359 0.0959189 0.03174899 0.242524
0.3066507 0.9047497 0.1053266 0.0883 0.3940486
0.2447269 0.4507842 0.825443 0.2566805 0.6177641
0.6844012 0.8030691 0.1408629 0.1475703 0.6928883
0.5226566 0.5729168 0.3064369 0.8714347 0.2297193
0.3643494 0.3453937 0.05839948 0.736821 0.7106865
0.07344405 0.5532204 0.07176194 0.2023202 0.6249781
0.5719636 0.7441477 0.5099709 0.3844489 0.786852
0.8323536 0.4219305 0.3850006 0.2396948 0.2430935
0.7554077 0.2270033 0.3237577 0.1032557 0.5304619
0.2785678 0.2521993 0.9763857 0.7467456 0.5939255
0.8878468 0.2684807 0.328235 0.9470997 0.3499224
0.770047 0.04418598 0.0449145 0.7652562 0.7070546
0.5351368 0.2509988 0.9549475 0.5740927 0.2034358
0.1159867 0.341771 0.8525089 0.7224789 0.8499374
0.6115282 0.7387012 0.4095032 0.6502019 0.3094568
0.439693 0.4737191 0.1383412 0.4961349 0.704431
0.8428129 0.592064 0.2898226 0.911398 0.9614663
0.4682327 0.5221761 0.05057907 0.08203385 0.6591047
0.9465599 0.8841736 0.378727 0.1371781 0.08142159
0.6267105 0.5393426 0.7817278 0.6945684 0.395816
0.1203707 0.9288701 0.7848914 0.262971 0.7998267
0.4098147 0.6739777 0.5534327 0.654299 0.2746133
0.760552 0.9031445 0.03969208 0.800338 0.8485923
0.009903612 0.9171259 0.1422961 0.1782025 0.8939114
0.3104958 0.8907999 0.5421421 0.5343369 0.7640859
0.5028715 0.7353859 0.8417726 0.561327 0.3796913
0.789593 0.3380677 0.2983075 0.226523 0.5302905
0.9206788 0.9976845 0.4968478 0.18945 0.2758378
0.7941237 0.5062939 0.2533272 0.1461905 0.2490061
0.6339793 0.4411639 0.02136148 0.3652434 0.8426797
0.4228827 0.9814759 0.6002966 0.7571092 0.2372804
0.6848958 0.9022132 0.5977544 0.1791622 0.02930936
0.4057754 0.9541348 0.5147953 0.07895806 0.764074
0.01060554 0.5617074 0.8577277 0.8428518 0.9510348
1 0.2862885 0.280819 0.4143828 0.09066038
0.04368931 0.6711283 0.6763147 0.1349596 0.404227
0.4479829 0.1497879 0.3120812 0.2812425 0.5617829
