0.767196 0.9641432 0.1969337 0.9719376 0.6521236
0.18844 0.2971213 0.02458986 0.3128932 0.3639176
0.406798 0.5420447 0.6663085 0.7124717 0.0002667627
0.7127057 0.3314276 0.5964788 0.6668964 0.6635018
0.3064114 0.1008445 0.7311415 0.599867 0.04320578
0.8558159 0.8840958 0.7018363 0.9776678 0.3833911
0.7654488 0.2229377 0.04069861 0.8006961 0.784881
0.1503065 0.6512693 0.7891387 0.6816842 0.5814237
0.9452958 0.09755174 0.8711599 0.6846052 0.5772993
0.800705 0.6605582 0.03372071 0 0.3903478
0.5345542 0.4882347 0.9794798 0.1322488 0.03787128
0.1283606 0.2812814 0.610852 0.2999248 0.8437019
0.165019 0.7881842 0.4863379 0.04138447 0.2084114
0.08226614 0.9706333 0.1823496 0.8119447 0.3667359
0.05360921 0.1915813 0.006303379 0.3043121 0.5673033
0.1144627 0.9043642 0.7939531 0.2699072 0.4381953
0.2573118 0.5953285 0.8136484 0.8903644 0.1646781
0.08695293 0.6221245 0.7742122 0.5007294 0.482846
0.1370944 0.2140387 0.5995439 0.004560157 0.5948402
0.1588733 0.7738254 0.004964358 0.7675043 0.3077426
0.4328265 0.6235504 0.4819227 0.1391727 0.8529918
0.4748487 0.8051229 0.754739 0.3692553 0.7306963
0.3614748 0.1090944 0.06376397 0.7298778 0.4880005
0.7213041 0.901908 0.4573632 0.6934607 0.4709638
0.9292948 0.2450792 0.7914863 0.3731301 0.2670825
0.8673343 0.03509265 0.2612085 0.6647888 0.96012
0.917828 0.2046244 0.09448318 0.08538574 0.2357258
0.9288141 0.4113313 0.638474 0.6397476 0.9272652
0.6269863 0.5542407 0.9755513 0.2381085 0.548207
0.09277367 0.7296668 0.6733797 0.4191882 0.9007415
0.9356061 0.7652597 0.9418533 0.8696549 0.635847
0.2077606 0.01210382 0.8811022 0.09909855 0.8826108
0.0482259 0.4832724 0.08830976 0.8305478 0.3766605
0.3195558 0.01034331 0.2789073 0.1936626 0.659092
0.3601497 0.5482701 0.2644208 0.7942852 0.1301528
0.1220631 0.8602119 0.1874751 0.3266219 0.4850208
0.8296589 0.3190585 0.5855686 0.2077185 0.8074796
0.9344649 0.1933853 0.8411574 0.8711874 0.7698961
0.6970527 0.5070403 0.8984284 0.7399773 0.6238555
0.4689174 0.1326949 0.9431589 0.9474778 0.5308631
0.01739452 0.8398546 0.4974017 0.583959 0.1319907
0.3106006 0.3202304 0.9549746 0.497502 0.9855904
0.5398408 0.7351327 0.3068035 0.9352663 0.4087351
0.1722321 0.7763073 0.2090817 0.04571567 0.4900601
0.1925624 0.343789 0.8456503 0.1837921 0.973712
0.8460058 0.5803457 0.1319754 0.4228921 0.8237367
0.1761926 0.6183213 0.4994689 0.6915648 0.4381995
0.8970302 0.4202402 0.7503693 0.7622825 0.03393535
0.1631553 0.1680792 0.706105 0.9007263 0.7834205
0.5222745 0.8092601 0.6621512 0.3843752 0.5264651
0.2061298 0.02381979 0.6595332 0.9239751 0.3336719
0.2133394 0.4532235 0.7116849 0.2412507 0.08649337
0.970106 0.6100984 0.346535 0.7911844 0.865561
0.6737894 0.2673169 0.01042164 0.1270766 0.7914631
0.8411539 0.5375257 0.1729073 0.458645 0.6215753
0.2091587 0.1765112 0.1371795 0.04438312 0.5092141
0.6778075 0.9093665 0.4318958 0.8734417 0.6228054
0.82106 0.6400381 0.4899729 0.5013638 0.009545606
0.2303956 0.9918571 0.2288842 0.03973472 0.4545365
0.915805 0.8950489 0.2665822 0.1224325 0.6578515
0.9289271 0.970209 0.3995255 0.6886244 0.4839196
0.03340914 0.4461936 0.4290609 0.5683357 0.715274
0.4772411 0.7884855 0.7137955 0.2644887 0.5312127
0.5828024 0.8256375 0.7673424 0.9540541 0.340728
0.7423953 0.03220655 0.5886412 0.2776182 0.9229237
0.6035375 0.3682647 0.7030057 0.08984861 0.423255
0.9785118 0.4971033 0.9390841 0.3014931 0.7558411
0.4796286 0.1418132 0.3608038 0.420268 0.7043182
0.01809157 0.3008656 0.6758992 0.9506669 0.9091174
0.597637 0.6540385 0.1888294 0.5251915 0.1839569
0.4384227 0.8197675 0.6423952 0.3621033 0.05544662
0.6203951 0.8596519 0.2946975 0.9007371 0.1226721
0.3582161 0.05126118 0.609802 0.4198733 0.36179
0.2646643 0.8424416 0.4323207 0.1671199 0.2548742
0.9601617 0.3134504 0.5896191 0.8052556 0.2087126
0.732659 0.7408328 0.6028383 0.04736437 0.1845072
0.6389013 0.479938 0.1475012 0.2918979 0.08059627
0.9707982 0.02775275 0.6436689 0.920873 0.07718375
0.4657721 0.1003104 0.5793085 0.3823081 0.7128305
0.4623573 0.2500839 0.4432238 0.03505913 0.08937299
0.9369557 0.3265164 0.9682078 0.3866891 0.08433503
0.9979773 0.775295 0.779753 0.2170005 0.0697366
0.9847967 0.5933895 0.4487272 0.5035722 0.4005206
0.004073972 0.9550571 0.7186869 0.9893141 0.3449216
0.9211798 0.6611118 0.3751971 0.2352837 0.4575284
0.9187659 0.4711854 0.1726244 0.1268972 0.6057105
0.5920462 0.6090239 0.3308298 0.4690053 0.4337553
0.9695588 0.6680381 0.1096339 0.8107101 0.07949132
0.09391327 0.4060333 0.2519986 0.8021729 0.4132994
0.9141655 0.9521615 0.4837122 0.9727642 0.5124466
0.3081662 0.5853564 0.8608774 0.9176192 0.4549295
0.3189265 0.4471134 0.6939925 0.3347099 0.01844327
0.2100869 1 0.5892292 0.7628916 0.6842958
0.5011461 0.5653265 0.8114565 0.8743017 0.1564064
0.1073835 0.3413436 0.6633067 0.07112801 0.2965876
0.668822 0.2688714 0.2609162 0.67442 0.5369927
0.06034463 0.680486 0.009476344 0.281276 0.2609101
0.6715644 0.9068102 0.517747 0.996901 0.5549352
0.8838473 0.4198486 0.6317506 0.433049 0.6528696
0.7978418 0.4082904 0.4272169 0.8824332 0.4141766
0.3816128 0.6842703 0.5114249 0.7440206 0.357064
0.05334098 0.770209 0.3159991 0.6458449 0.9527837
0.82902 0.49725 0.01881737 0.863657 0.07730835
0.2564977 0.5233224 0.5367152 0.9491469 0.4834851
0.2767267 0.4252712 0.815404 0.1353153 0.9286872
0.7591304 0.7333921 0.810162 0.1075829 0.7063152
0.4033256 0.6320611 0.3597826 0.1700707 0.5015517
0.5212415 0.7075325 0.03027218 0.2762717 0.9657966
0.05883945 0.06459602 0.8277853 0.4679643 0.7243326
0.143371 0.653179 0.8863858 0.4071264 0.8511912
0.7675923 0.8972771 0.7151404 0.5294696 0.8625871
0.03788518 0.5241266 0.4685794 0.5599832 0.5786121
0.9123755 0.9827061 0.2038534 0.9401924 0.7445743
0.8811355 0.4093839 0.3038787 0.1608833 0.8875567
0.1700731 0.8374542 0.1335807 0.04825091 0.4672003
0.3293899 0.5770352 0.6564347 0.6264335 0.9012342
0.8658703 0.01704219 0.04306711 0.4513826 0.5071875
0.9948274 0.3563377 0.9632398 0.9933084 0.8037958
0.7539373 0.004707262 0.4452979 0.6361308 0.7245501
0.912262 0.9464213 0.8838091 0.3311926 0.8357794
0.9212631 0.2869654 0.4967876 0.8097876 0.6474368
0.3727905 0.9981484 0.8956375 0.6757892 0.3048792
0.3713105 0.1728387 0.2782455 0.4338493 0.7704773
0.6027284 0.3880541 0.9363358 0.009930001 0.3488748
0.66504 0.6601627 0.3684702 0.6163589 0.8272612
0.9883284 0.4891444 0.6187001 0.1111241 0.7491672
0.3190345 0.09037131 0.3614295 0.1164186 0.9980335
0.7043135 0.04751062 0.2018896 0.1620744 0.06631091
0.6896094 0.3268365 0.6834029 0.8794138 0.708653
0.7818218 0.3840104 0.4167886 0.01620113 0.2991938
0.002921581 0.4914507 0.9387567 0.8395283 0.9658435
0.4232761 0.9471913 0.2569419 0.4435617 0.912009
0.4539947 0.508894 0.7939092 0.6866712 0.2761008
0.7462379 0.613701 0.05148828 0.9668118 0.3006426
0.3777915 0.6800171 0.2546195 0.8127447 0.7870144
0.3551092 0.7646089 0.1663331 0.7119004 0.8939705
0.8961704 0.92183 0.3945076 0.6138848 0.8851514
0.4954737 0.2595005 0.9460079 0.564463 0.6774642
0.1952555 0.982516 0.3332515 0.9405698 0.8928967
0.1300786 0.08222594 0.8326328 0.7392061 0.4515127
0.3932147 0.6665168 0.9046495 0.1435836 0.4097955
0.8088383 0.9692566 0.2475557 0.3160845 0.787333
0.4388787 0.9326263 0.1179359 0.1218701 0.9992702
0.4367269 0.1571243 0.38365 0.3272936 0.2065839
0.0759911 0.8653549 0.2030037 0.7340077 0.2257736
0.9758527 0.06045003 0.8549838 0.1290613 0.6677933
0.4496944 0.644754 0.4325284 0.3577866 0.9627653
0.2556357 0.1427896 0.2208294 0.6964364 0.420962
0.9313299 0.8581894 0.7519763 0.7159472 0.3403317
0.7330316 0.01750619 0.3541817 0.5688747 0.2312238
0.4158313 0.1181923 0.3134638 0.4591461 0.6594283
0.4542659 0.8412254 0.08725098 0.17679 0.3631741
0.1624656 0.8545251 0.504372 0.7534972 0.1765316
0.2608323 0.4282801 0.533392 0.9985715 0.5147072
0.09796816 0.5715903 0.1277957 0.7488631 0.01884807
0.2234675 0.3801556 0.2969911 0.8109433 0.6586002
0.1000913 0.6085614 0.1743695 0.4455657 0.8246768
0.545108 0.5797291 0.9726082 0.2624248 0.07731152
0.5458798 0.03276087 0.2509032 0.1634907 0.4795763
0.5388014 0.8915745 0.4839065 0.7674475 0.2338669
0.2464224 0.1540394 0.8929619 0.7359319 0.02040248
0.7159471 0.89737 0.1701066 0.3374032 0.1195944
0.6927349 0.3747127 0.5841352 0.296323 0.5047358
0.3345219 0.8105637 0.1900136 0.8748404 0.7373506
0.1249882 0.9667949 0.2920541 0.5341152 0.966789
0.1577034 0.6240925 0.6350387 0.7565276 0.4411914
0.3212139 0.5184624 0.1904595 0.659106 0.8123513
0.446103 0.06066477 0.8485353 0.9310775 0.007263682
0.8155132 0.5124732 0.6588833 0.7346866 0.2438343
0.6252431 0.9924217 0.3004409 0.4351563 0.7741704
0.9106528 0.1573511 0.2780034 0.2312325 0.4583634
0.07658309 0.7223946 0.1701687 0.6210209 0.1272049
0.4846663 0.4030531 0.6346661 0.9082809 0.4962891
0.3458636 0.2192925 0.8073611 0.5490124 0.7270319
0.2038453 0.02416497 0.7207158 0.4651813 0.7650167
0.0261956 0.4900901 0.05107207 0.1780871 0.2636295
0.4511306 0.4174132 0.6439296 0.2160967 0.1892667
0.6581346 0.1796847 0.08960226 0.7923923 0.3977654
0.9428324 0.8057599 0.4925502 0.8412931 0.4810609
0.5807319 0.2824128 0.04423541 0.8859098 0.2442177
0.7876272 0.7072905 0.9932019 0.1163833 0.5299195
0.6738223 0.02254529 0.9951869 0.4065354 0.4353614
0.5565729 0.3995784 0.2108666 0.7678782 0.7779551
0.2262639 0.8435317 0.9443119 0.4794439 0.2943701
0.9409242 0.9924094 0.05882289 0.8090631 0.5919417
0.1726094 0.8912066 0.5633657 0.5163661 0.1999861
0.2676275 0.9599034 0.5433055 0.6815693 0.1209853
0.8999569 0.3084276 0.9113603 0.2933889 0.1188453
0.5947368 0.6351855 0.3342305 0.9689021 0.7009507
0.4133634 0.2049493 0.7453913 0.9627367 0.04708203
0.7459324 0.8336151 0.8424658 0.9414746 0.07764221
0.3404025 0.1881902 0.3149027 0.02741284 0.7857555
0.3868957 0.8451812 0.9580473 0.9882991 0.8656314
0.4253193 0.07430081 0.9695119 0.1147687 0.236033
0.7885398 0.5069155 0.3737886 0.1320014 0.2851031
0.9505806 0.9330546 0.6870112 0.6640744 0.3135875
0.2922882 0.5421762 0.765135 0.2581514 0.06340248
0.9896215 0.1587299 0.9623965 0.9074118 0.8461507
0.8155431 0.5961325 0.8395116 0.8759371 0.9079558
0.1391538 0.9682283 0.267497 0.4076012 0.6684446
0.5542144 0.2366651 0.7283213 0.4480973 0.6508984
0.0186052 0.09277612 0.5831189 0.5102358 0.9253221
0.4979294 0.1588105 0.7688593 0.4106507 0.8176424
0.2468506 0.7049257 0.7533888 0.1991441 0.7136722
0.8579482 0.1378211 0.7734668 0.02547593 0.4078862
0.1261226 0.9517245 0.1335575 0.5568401 0.5360693
0.2798761 0.4567684 5.620394e-05 0.2562673 0.6650554
0.1110522 0.2742546 0.9070209 0.5743976 0.9073821
0.2817722 0.9326811 0.7982363 0.364975 0.7695765
0.4177711 0.1682234 0.8164502 0.8643915 0.9073801
0.5285683 0.1098612 0.6600909 0.6666418 0.5227192
0.03946633 0.1822449 0.6246524 0.8442067 0.4927188
0.6872881 0.8012554 0.03343297 0.1012963 0.9867152
0.8704386 0.2237215 0.5520665 0.4747844 0.7744489
0.1042109 0.6482171 0.8274096 0.6107709 0.06955202
0.6151389 0.9825609 0.9039405 0.1448756 0.05198873
0.5377524 0.2593153 0.7432433 0.1421867 0.8024298
0.2518737 0.211712 0.782886 0.837264 0.5997983
0.2073133 0.4492076 0.5130479 0.8086988 0.04836754
0.5065951 0.9056397 0.6840212 0.4823569 0.5907135
0.2589463 0.2708947 0.8311591 0.4387284 0.5873997
0.3545433 0.7158004 0.9413233 0.7911719 0.08205507
0.8428372 0.8726908 0.2947555 0.4027629 0.8828163
0.4274809 0.1767029 0.3862843 0.1750901 0.994522
0.4310361 0.6348594 0.3318405 0.03207394 0.2027738
0.9945354 0.8889069 0.8069396 0.2152826 0.6630239
0.1978645 0.7683944 0.1136688 0.5575913 0.4144213
0.868232 0.3983239 0.3803728 0.5048287 0.9931109
0.8750927 0.6746758 0.7346701 0.08075033 0.6849247
0.5536549 0.9299394 0.9787 0.465151 0.2122828
0.597501 0.6682547 0.4429609 0.3928264 0.9598161
0.8379944 0.2275516 0.5088456 0.03989727 0.3931688
0.9328507 0.09577296 0.2468165 0.6352858 0.761979
0.1593823 0.5836581 0.7094377 0.1426009 0.9019776
0.1384635 0.6944081 0.7453659 0.5908323 0.2176919
0.8872932 0.06165616 0.9505534 0.2549031 0.04979171
0.08373652 0.23079 0.8075446 0.3746226 0.6004066
0.04535257 0.4363971 0.4387925 0.654817 0.1751547
0.398894 0.006172388 0.4135817 0.7379189 0.7542692
0.4245617 0.9343453 0.1338995 0.2657377 0.8078126
0.6535322 0.5151609 0.5373025 0.3333705 0.4222419
0.3206948 0.2388049 0.2159983 0.008386799 0.03850277
0.1054254 0.9701253 0.8721061 0.3786967 0.701958
0.5747328 0.3852765 0.06324613 0.6047583 0.4272595
0.8849514 0.4409436 0.6810265 0.6695415 0.5478029
0.9318506 0.9456338 0.9449903 0.298397 0.2887694
0.5453697 0.347908 0.007871101 0.7957101 0.1547529
0.6627007 0.1262679 0.9841359 0.7397148 0.5639929
0.565629 0.00941374 0.9621828 0.880739 0.3027265
0.6382416 0.8078957 0.7849009 0.1347971 0.7407229
