0.04634462 0.9619657 0.4320313 0.05742147 0.7116812
0.818566 0.5004126 0.7147502 0.08827597 0.1061931
0.1964358 0.2002373 0.2240106 0.5978613 0.5437402
0.6003055 0.1998618 0.9098442 0.4816022 0.2712706
0.9783242 0.5343505 0.3623513 0.2641535 0.07016341
0.08731607 0.3630179 0.08055415 0.8169518 0.2588697
0.8177964 0.8025606 0.02658448 0.1440574 0.1494359
0.5498767 0.2579705 0.9490632 0.4506482 0.9097393
0.0363086 0.4835711 0.4585768 0.8038644 0.06740035
0.1460362 0.8896362 0.1811337 0.6454209 0.5847234
0.6243308 0.8777807 0.6351828 0.6226453 0.9429914
0.9069859 0.4124288 0.9231001 0.5404283 0.1745739
0.3324414 0.8881924 0.8894651 0.8488245 0.1711309
0.7278574 0.8705935 0.4907726 0.2163955 0.90819
0.0108456 0.3582493 0.1534442 0.1876204 0.7467463
0.08044807 0.7809887 0.6836373 0.18123 0.7989316
0.3566047 0.7883882 0.007261313 0.6629391 0.9409436
0.4755283 0.5181478 0.6886564 0.1348754 0.9845907
0.7593959 0.832957 0.5675169 0.5207909 0.02415672
0.00856621 0.7531369 0.3820965 0.7393864 0.2378056
0.7916067 0.5425133 0.9813249 0.7736495 0.3060041
0.9036749 0.6703471 0.5420084 0.960716 0.0172687
0.1790995 0.1401315 0.3613396 0.1275919 0.2549127
0.7093902 0.02246975 0.8274113 0.3489055 0.7945975
0.4436138 0.8214097 0.2748957 0.3569589 0.3013085
0.8696728 0.7195659 0.817321 0.2995819 0.5646885
0.8732272 0.01707766 0.3825028 0.0325445 0.9103023
0.2976533 0.9365147 0.4843614 0.9866341 0.357097
0.05351489 0.7347801 0.8355433 0.9344509 0.9314642
0.6690989 0.09422945 0.2753117 0.8900774 0.657965
0.6385269 0.4523034 0.1001153 2.21134e-05 0.2331202
0.005706216 0.9153389 0.6709128 0.3996123 0.4087364
0.66785 0.09094797 0.8470239 0.538206 0.8317761
0.8504055 0.7735082 0.4793961 0.5855795 0.6154228
0.6630175 0.8082614 0.7050812 0.9952548 0.3120695
0.7723552 0.3436911 0.9199548 0.5660223 0.408289
0.2903178 0.661241 0.01145317 0.3522816 0.6065612
0.1266514 0.7967529 0.08701905 0.05829378 0.7655463
0.9691204 0.03618981 0.5380842 0.4143642 0.4247589
0.5405027 0.8665188 0.9660313 0.4484626 0.9577331
0.2661315 0.7886939 0.7424744 0.2865 0.6806173
0.3111857 0.2647597 0.7473809 0.1583701 0.5977114
0.5244099 0.3466513 0.3511564 0.3958916 0.02358757
0.7556509 0.7294247 0.87936 0.502081 0.2898585
0.3317396 0.8872557 0.6965723 0.274517 0.3707253
0.5748291 0.01379286 0.0595325 0.3042754 0.1053765
0.1511934 0.6528952 0.8662712 0.1846736 0.08090851
0.8352249 0.3045943 0.3747286 0.1336831 0.1287378
0.9709947 0.02897579 0.2934311 0.2878836 0.6416787
0.8225805 0.3765997 0.5392585 0.0867261 0.8902971
0.8741756 0.812997 0.6602037 0.6369484 0.3812399
0.8193392 0.8914095 0.4470589 0.7480142 0.703022
0.003854298 0.2418265 0.5575793 0.6779428 0.6998755
0.4640138 0.130954 0.5031343 0.9077199 0.5366139
0.2696481 0.3157636 0.1719686 0.1585807 0.954959
0.8856954 0.3033103 0.7549396 0.6542929 0.7444935
0.2507256 0.6734081 0.1184564 0.4610395 0.5612864
0.7568264 0.4686415 0.4506578 0.8864676 0.5413672
0.8293086 0.428635 0.3176457 0.7039706 0.1489191
0.8921094 0.52435 0.3688214 0.7904448 0.5390858
0.3776683 0.3212868 0.8044966 0.362241 0.8200878
0.8382517 0.1175054 0.1827088 0.6705086 0.04761749
0.4687633 0.7084341 0.8845075 0.2554282 0.9530832
0.09998841 0.2193417 0.5258723 0.1499669 0.8972652
0.3434399 0.7267598 0.4928136 0.8263219 0.5326236
0.9902493 0.501343 0.8237993 0.245586 0.2390455
0.4482249 0.5047766 0.01405326 0.6056235 0.3766994
0.4533756 0.07278015 0.897074 0.1943914 0.06244166
0.1132355 0.1311208 0.3316481 0.9752265 0.8215002
0.9905467 0.7287025 0.2786816 0.649855 0.5821159
0.4872791 0.6742223 0.3636212 0.8744011 0.2193232
0.2827182 0.9290515 0.1174514 0.005661285 0.04134636
0.6715177 0.9578468 0.6297678 0.4118029 0.9501337
0.08945993 0.1992467 0.3800671 0.09156944 0.4041161
0.1845579 0.3390067 0.3886605 0.4261957 0.1059826
0.1844895 0.8863532 0.5306183 0.5919828 0.912757
0.7423747 0.06046293 0.7847797 0.09557571 0.1025512
0.9625231 0.04177947 0.9107801 0.7010232 0.1305239
0.09608885 0.3069265 0.1914202 0.2627971 0.7704002
0.2983817 0.6286857 0.4032783 0.5639401 0.9627938
0.794203 0.1191804 0.9895546 0.4875761 0.6572275
0.3351119 0.9039761 0.4230923 0.8836316 0.2784445
0.849768 0.7952021 0.4757641 0.5614001 0.7512703
0.6367957 0.4995484 0.4867743 0.2802387 0.3836268
0.5411847 0.8403698 0.4278631 0.2374815 0.6495614
0.9026752 0.1722264 0.495988 0.06528605 0.9779744
0.8859171 0.3935427 0.5626261 0.551734 0.06457714
0.7228036 0.01760174 0.918778 0.4428055 0.1719079
0.7749167 0.4805872 0.4373249 0.1993133 0.427945
0.5284687 0.4755956 0.6561655 0.0330931 0.4291472
0.9827755 0.4923575 0.4043355 0.02515492 0.8270745
0.3846822 0.8068501 0.6220338 0.3141195 0.6989548
0.03392606 0.6590148 0.4927683 0.3094913 0.2124478
0.7001852 0.9525233 0.4008937 0.06908144 0.4134206
0.6968636 0.9596966 0.3012004 0.211819 0.5044863
0.8507537 0.4282322 0.7814568 0.3119741 0.339933
0.8501078 0.984364 0.959987 0.9299522 0.0058778
0.4586656 0.6816631 0.5941363 0.4757937 0.6552238
0.9794599 0.1572947 0.8140613 0.6170618 0.953294
0.7544947 0.7653804 0.07114039 0.6424341 0.7658989
0.1633544 0.2371497 0.2415586 0.8931836 0.6892045
0.1223397 0.6407734 0.3016428 0.5088904 0.1205998
0.4814554 0.533524 0.8198938 0.5925182 0.8161498
0.0614323 0.3792944 0.1862799 0.5146314 0.6864685
0.01402615 0.5233249 0.7785609 0.4502231 0.6657938
0.1402136 0.9211858 0.968622 0.6542259 0.5642208
0.2116888 0.9410178 0.4176932 0.2868998 0.6020867
0.7726075 0.4870461 0.7226924 0.627277 0.1686095
0.3338847 0.6728469 0.2217937 0.8395812 0.9095025
0.7132787 0.4723744 0.6310209 0.3188671 0.6569411
0.6981192 0.1657095 0.4603398 0.1485074 0.099363
0.5945345 0.1555324 0.1456313 0.3477835 0.2057728
0.03048308 0.8616636 0.7689662 0.8675389 0.7483839
0.7499946 0.7216253 0.9075161 0.2284783 0.7390611
0.1289354 0.4995663 0.9103454 0.6486608 0.7495433
0.8211541 0.1701341 0.9594468 0.9457889 0.225515
0.6971453 0.003834925 0.2596095 0.4763143 0.1269703
0.9732572 0.639494 0.4052731 0.6559583 0.9905196
0.744864 0.7353302 0.1609089 0.1763164 0.378824
0.3492513 0.3738059 0.8057449 0.6049109 0.3500585
0.2327762 0.02129495 0.5705599 0.2646827 0.5799898
0.1541026 0.8404116 0.5859104 0.3299235 0.6318004
0.3125775 0.8598272 0.4409327 0.3798548 0.1885864
0.5296103 0.3713978 0.08450117 0.6487175 0.6229266
0.1592793 0.719215 0.1313408 0.5858081 0.8890343
0.5725548 0.7514198 0.1630165 0.1401715 0.5833651
0.4650982 0.2064665 0.03060092 0.4692995 0.03549779
0.8178123 0.8671954 0.650305 0.4235007 0.1412409
0.1184819 0.09388683 0.2448265 0.6758515 0.6951157
0.9302106 0.1360737 0.8464944 0.7852632 0.9503934
0.255679 0.6820369 0.9744673 0.3062942 0.4310393
0.9814733 0.2373034 0.832659 0.01605295 0.8598804
0.8667149 0.7627127 0.6496866 0.1546373 0.100727
0.6053007 0.1283875 0.6495323 0.6994583 0.9342225
0.8798093 0 0.6931602 0.4923715 0.890029
0.03319022 0.262327 0.08941412 0.2068063 0.9551662
0.7231951 0.4704245 0.6256725 0.9621056 0.1229434
0.9980765 0.3699855 0.7430115 0.8704822 0.5939118
0.4970249 0.5415698 0.5552139 0.09815128 0.02173304
0.7584684 0.2994731 0.456223 0.3615064 0.8306381
0.6320268 0.6194998 0.4637212 0.6666732 0.6577062
0.2229291 0.1066105 0.5182765 0.5507113 0.4722634
0.3235588 0.1627629 0.7076082 0.2908052 0.02842094
0.3143043 0.4913637 0.7403634 0.02316525 0.3879577
0.6508625 0.6889632 0.1888841 0.8040498 0.9455024
0.1602148 0.3839173 0.6922172 0.9811118 0.324261
0.3997414 0.9454467 0.4073806 0.5154498 0.1515161
0.3000276 1 0.2151831 0.9294704 0.07564111
0.07454485 0.8613574 0.1921311 0.9361031 0.03303551
0.1233723 0.9270396 0.3446784 0.2097064 0.6181175
0.8850892 0.7078104 0.8522565 0.8166528 0.2437273
0.7216184 0.184781 0.59141 0.1582332 0.6567091
0.2968468 0.8950061 0.02238883 0.2361839 0.02932282
0.5333712 0.3650505 0.3724844 0.6208587 0.860503
0.7417306 0.0400503 0.3201066 0.4443256 0.2220429
0.82819 0.5693696 0.6127901 0.7095915 0.06112068
0.9159537 0.6311041 0.4038202 0.0624804 0.03636543
0.7633444 0.8310077 0.59796 0.8450028 0.48673
0.9974037 0.3070035 0.778293 0.9415077 0.7593589
0.2448753 0.6150225 0.6390363 0.1953084 0.1067438
0.1205272 0.01590227 0.6173074 0.004638698 0.6141837
0.3440772 0.2379813 0.2530232 0.9629375 0.6503714
0.8148483 0.3372938 0.8858434 0.8534486 0.1648136
0.3599194 0.02693526 0.4846544 0.6374647 0.8687303
0.5687283 0.8763801 0.4189119 0.6030016 0.6599582
0.7014185 0.1729726 0.9995415 0.9500356 0.487917
0.4836655 0.6184236 0.5942975 0.931756 0.06826314
0.9694965 0.04237446 0.02233543 0.2377084 0.02153398
0.4547332 0.9717269 0.8248652 0.08048046 0.8857854
0.1075674 0.860735 0.1019175 0.0755265 0.523204
0.9702007 0.4512065 0.5215204 0.6616813 0.9697537
0.3285363 0.9803592 0.1658649 0.6690572 0.3897677
0.5193731 0.3149777 0.7740873 0.8548988 0.1070919
0.03322092 0.6677468 0.5217234 0.02294827 0.7027316
0.3819187 0.8008977 0.4665684 0.2357897 0.732566
0.7611892 0.9537811 0.4725186 0.4846822 0.9022661
0.2109726 0.1333712 0.4672055 0.7666015 0.2208989
0.3969754 0.9565768 0.08882832 0.06553464 0.7515855
0.1184582 0.8928463 0.07128777 0.481799 0.6684532
0.2674894 0.2657956 0.5505541 0.5651544 0.1735413
0.8538239 0.6619209 0.02636232 0.6301198 0.9786828
0.04558588 0.4841173 0.9012374 0.6597029 0.05743367
0.2765021 0.7309536 0.02626901 0.779985 0.6051175
0.6166488 0.8766452 0.9577504 0.4711487 0.2950313
0.3572949 0.5080754 0.02743211 0.01925904 0.5427847
0.9646255 0.8862995 0.001953758 0.5322849 0.09012395
0.922272 0.8257946 0.300098 0.597306 0.3820847
0.01468516 0.4268324 0.7931311 0.2403959 0.6108638
0.4038246 0.8309239 0.3585745 0.4577257 0.08539982
0.1129212 0.9809113 0.3533561 0.1437491 0.004711981
0.7625904 0.169818 0.6989231 0.1148345 0.1246713
0.02314455 0.7875888 0.6818893 0.6574305 0.9117459
0.4676114 0.917763 0.5840154 0.259622 0.9769181
0.1623623 0.760574 0.9677482 0.4354248 0.6816751
0.5656022 0.02100602 0.7637995 0.2746839 0.1001121
0.6345682 0.908593 0.9995884 0.2340319 0.1393615
0.2610808 0.6799469 0.7390446 0.7396649 0.7916265
0.3801382 0.5002294 0.258961 0.4119613 0.797391
0.5576566 0.7384693 0.4672958 0.6736406 0.7809988
0.1104271 0.4313279 0.2571449 0.4863974 0.4551346
0.6068842 0.5050858 0.2015779 0.2934279 0.214504
0.9991365 0.1877355 0.216265 0.4900472 0.5069384
0.07639591 0.3175755 0.3687276 0.3927456 0.1941307
0.8604909 0.1396402 0.6171394 0.6554415 0.3849663
0.4352291 0.9670621 0.6963059 0.8404942 0.5228118
0.07526123 0.3540089 0.0006483321 0.08598727 0.8630249
0.04462523 0.7243199 0.1758224 0.5132815 0.8739377
0.3269439 0.6594598 0.2830088 0.01174693 0.1040092
0.470568 0.5684831 0.3550536 0.3589296 0.934954
0.4601072 0.1620291 0.0522911 0.3029546 0.1120278
0.2630496 0.9108397 0.4670151 0.3097941 0.9432955
0.2494081 0.7873975 0.8808212 0.7153886 0.1226072
0.3157824 0.5787969 0.03361954 0.7510934 0.5671773
0.5215867 0.9102615 0.1388653 0.912136 0.9844923
0.931686 0.9098453 0.6124464 0.4531226 0.7872189
0.7739561 0.8389651 0.6672159 0.2764343 0.08041476
0.8111771 0.6304994 0.2643956 0.8473848 0.3870837
0.551391 0.0833281 0.5425652 0.5203298 0.6658355
0.7383411 0.7521996 0.8181086 0.4462994 0.5878146
0.6997277 0.1644292 0.8015268 0.7751826 0.6801197
0.2820729 0.1888601 0.2277182 0.2383477 0.7924848
0.7955337 0.6551328 0.9452025 0.9156157 0.3177359
0.688209 0.8638685 0.05493263 0.805779 0.7595352
0.5624066 0.6098183 0.1616471 0.07439703 0.3668859
0.01947745 0.7889899 0.7389594 0.1070286 0.3463818
0.6044676 0.4462469 0.5877049 0.8573718 0.214816
0.6522026 0.1344176 0.2565676 0.5595934 0.6615645
0.7643077 0.2695048 0.6264691 0.4304463 0.9969703
0.6504383 0.2712846 0.5292309 0.2477012 0.546777
0.3315041 0.3446952 0.5706891 0.3964544 0.8406799
0.749525 0.6249206 0.5599989 0.2193487 0.918931
0.3728779 0.9681285 0.5875377 0.05324274 0.01160842
0.7266506 0.6186732 0.5917347 0.2463554 0.2358564
0.7769142 0.01911444 0.7453044 0.01947851 0.4791956
0.9833305 0.8280795 0.8547466 0.884726 0.3761445
0.0348505 0.4503324 0.1857421 0.5665558 0.1983342
0.2633666 0.2530351 0.7697598 0.5933753 0.07885458
0.7188636 0.4421642 0.8237043 0.4129689 0.5713352
0.032922 0.185383 0.5676123 0.9313502 0.2643293
0.5194731 0.5301801 0.5675738 0.1539047 0.01820332
0.03305201 0.5109953 0.04536845 0.4906117 0.7671873
0.9425 0.519762 0.4673288 0.5787996 0.03848011
0.1109204 0.8867894 0.5341173 0.8343933 0.2950968
0.329467 0.8987165 0.6048915 0.1453916 0.5436185
0.440759 0.804039 0.8099879 0.1688685 0.2259824
0.9688315 0.6369034 0.08283495 0.09293503 0.667351
0.2641892 0.7225451 0.7276748 0.9097131 0.8778075
0.2249428 0.1327777 0.9033877 0.8524142 0.7323672
0.07038036 0.8106047 0.9295601 0.5547077 0.6083988
0.870601 0.8813052 0.3431493 0.9099295 0.2281029
