0.07105228 0.9792489 0.4257959 0.8524561 0.7615923
0.09617637 0.7726153 0.174722 0.9622065 0.7543897
0.7648378 0.2008654 0.6704206 0.4676743 0.7146864
0.8292213 0.3082978 0.8266322 0.0877407 0.1791617
0.8385444 0.742763 0.5562072 0.5480652 0.3554054
0.5911216 0.157928 0.5518858 0.4065468 0.3712816
0.350343 0.3490205 0.9108812 0.1190534 0.2801344
0.2969637 0.3682609 0.6530161 0.1738897 0.7618352
0.532655 0.7388732 0.007415895 0.3947892 0.2084744
0.05576782 0.6133174 0.7546947 0.3292418 0.4434672
0.01439302 0.2193461 0.5875079 0.6140738 0.3595736
0.200572 0.4987506 0.5956813 0.1555979 0.1843796
0.3098419 0.4083892 0.8968577 0.7436222 0.2704238
0.09178818 0.1908345 0.2614753 0.08990908 0.9203421
0.4676143 0.3640557 0.39404 0.6573265 0.2660227
0.4074433 0.5781845 0.05909223 0.1719668 0.360343
0.2275665 0.7926517 0.4144712 0.3557206 0.8316365
0.3684355 0.2328493 0.4386978 0.1765652 0.2024518
0.5793853 0.09114539 0.7372513 0.8722807 0.710607
0.9222671 0.3959468 0.9120564 0.7291127 0.4482059
0.07501017 0.199319 0.047555 0.5549638 0.9988111
0.08211676 0.8294282 0.2754684 0.6504182 0.1639327
0.4917114 0.5172545 0.7390463 0.9199954 0.1088962
0.1163683 0.7553473 0.06781039 0.06384072 0.9889535
0.8282872 0.8167131 0.287207 0.6263432 0.9128742
0.704779 0.3576218 0.185877 0.8133264 0.4624026
0.01340183 0.6005867 0.3182811 0.8936732 0.2717914
0.5730838 0.7097071 0.1375353 0.7299211 0.1318168
0.02445215 0.9222405 0.6575334 0.1149018 0.2357684
0.09503282 0.1257385 0.3840493 0.9499633 0.1605159
0.6911814 0.155828 0.7126605 0.6320571 0.5036899
0.9648544 0.1927205 0.01720324 0.3442289 0.3030784
0.9780033 0.4204601 0.2527471 0.7641077 0.48052
0.08996513 0.3625754 0.2886829 0.835316 0.7579797
0.88675 0.08389749 0.3850798 0.4446728 0.5557649
0.1211302 0.9496537 0.4991674 0.5916513 0.9788505
0.5531747 0.835727 0.1600476 0.5717347 0.4917668
0.5372346 0.4072295 0.7335452 0.9847664 0.8992575
0.953745 0.8175862 0.04368365 0.09542027 0.5695122
0.8674802 0.5151618 0.3846773 0.6660858 0.5847917
0.04265391 0.9824457 0.8530407 0.6737419 0.3982621
0.6925062 0.5854679 0.5550736 0.8029722 0.2834575
0.7126012 0.373246 0.3028605 0.03390869 0.4165444
0.3442473 0.4104403 0.3887134 0.6991666 0.8318543
0.3728099 0.003215462 0.9364295 0.7649574 0.06379324
0.4094834 0.8381664 0.06672838 0.8651442 0.2994227
0.9406203 0.9625816 0.9745844 0.647707 0.3043633
0.7582498 0.4510339 0.5418805 0.1900188 0.6401564
0.3375945 0.278792 0.1503764 0.7218508 0.5189416
0.5603883 0.9963217 0.4803454 0.4965251 0.309375
0.5353827 0.8624775 0.8987267 0.1870179 0.9477533
0.7964782 0.3678399 0.0454838 0.6826432 0.8238609
0.3633998 1 0.6147562 0.7666236 0.2968424
0.4755953 0.8768699 0.7914129 0.5124168 0.3632833
0.07296075 0.628395 0.5158995 0.8771825 0.93653
0.1832891 0.5127578 0.7327847 0.7287709 0.2854529
0.8814163 0.1807637 0.69619 0.352208 0.4641005
0.9236896 0.1781688 0.3528352 0.1823629 0.9513465
0.5461946 0.3907831 0.3570437 0.947347 0.5311072
0.2694401 0.8758081 0.8551035 0.1053695 0.05815418
0.1356743 0.1158528 0.7660043 0.01406633 0.7590006
0.07863454 0.01800868 0.02580986 0.3048141 0.2462136
0.5173882 0.7435636 0.5790941 0.2462741 0.3621663
0.7049387 0.6487176 0.1502471 0.8908937 0.7358514
0.6568485 0.7265296 0.5093518 0.5400144 0.08719228
0.6030337 0.2727374 0.4349999 0.5481724 0.6876663
0.2127709 0.3999247 0.8273328 0.8939887 0.2457559
0.8169945 0.8103621 0.2250913 0.2655955 0.7023407
0.384493 0.4977312 0.974181 0.5325345 0.1532501
0.07224871 0.7549089 0.324886 0.07977597 0.7024246
0.2732238 0.362179 0.4920354 0.1018384 0.4331603
0.1575455 0.5069727 0.686131 0.9427498 0.2002199
0.1532683 0.6175528 0.8857667 0.9311326 0.3821095
0.3341236 0.7335268 0.1193873 0.7514889 0.5449597
0.7114088 0.3551133 0.6289112 0.7302154 0.3283317
0.6517105 0.4454149 0.6836692 0.4529832 0.7828587
0.03193084 0.7119336 0.1111528 0.8410721 0.4073804
0.5609063 0.2832075 0.6150636 0.5465777 0.03132521
0.2604016 0.3351404 0.01944932 0.8893685 0.1720514
0.3218369 0.2827199 0.7274661 0.7539451 0.4284041
0.1717006 0.545421 0.176788 0.9925654 0.4032241
0.1987984 0.5835219 0.8581715 0.6032776 0.9802212
0.9301714 0.8524009 0.1204656 0.6410021 0
0.4899474 0.2598417 0.132718 0.659335 0.7758769
0.002419264 0.4363698 0.4327482 0.6343571 0.904914
0.3140875 0.00382062 0.4685448 0.8775156 0.4417157
0.2138121 0.4630454 0.09383735 0.8527292 0.6743385
0.2865543 0.3712938 0.7335776 0.3831796 0.8972417
0.0209926 0.8485122 0.2661287 0.8512682 0.1637357
0.7512488 0.5328499 0.4491629 0.8727002 0.4201124
0.2699786 0.3849223 0.7012164 0.3910371 0.3010242
0.8279487 0.7465784 0.5930432 0.3424905 0.03833099
0.9480271 0.8092663 0.8971696 0.8531822 0.5237819
0.1083094 0.431725 0.7980278 0.2430991 0.9224854
0.9045441 0.702106 0.6003871 0.9844993 0.1276873
0.3654651 0.2805375 0.06496767 0.8942588 0.5621556
0.9876609 0.3476081 0.07777706 0.8887406 0.148558
0.5454447 0.06744512 0.0439769 0.9145865 0.6672485
0.2480996 0.06280124 0.5629425 0.009337914 0.5519029
0.6170606 0.5129362 0.9060922 0.507708 0.6989381
0.5864937 0.9302725 0.622003 0.9064657 0.9291859
0.1167428 0.2574028 0.5482771 0.7893082 0.4298698
0.8757776 0.9398661 0.7831712 0.3021414 0.6956939
0.02685662 0.03969047 0.9714619 0.600622 0.783417
0.07395134 0.3980406 0.9110128 0.07921957 0.4098051
0.7876172 0.4292552 0.7505099 0.5476746 0.9923767
0.8134219 0.7785907 0.01932522 0.7259074 0.6574179
0.5895059 0.19239 0.5905032 0.2788204 0.2864468
0.9870374 0.7842309 0.5582511 0.7964157 0.7067408
0.300936 0.1472986 0.9509855 0.8518191 0.8168938
0.7373759 0.1899978 0.1721293 0.8010361 0.6125387
0.5038319 0.2479065 0.6823414 0.7178442 0.4898223
0.2810275 0.1450416 0.4953224 0.1392569 0.1669515
0.2691252 0.6371608 0.0416773 0.7061038 0.1811929
0.2066395 0.6312779 0.1690919 0.8758687 0.6639179
0.9539264 0.3260612 0.624645 0.3377696 0.268298
0.5339484 0.1589769 0.2179801 0.3835351 0.4344127
0.7018684 0.6855711 0.2351752 0.7609827 0.1402101
0.3605274 0.5706091 0.08872087 0.3204662 0.927204
0.9510079 0.9891858 0.2523413 0.6848646 0.3678791
0.3528937 0.06065768 0.3655169 0.4298625 0.884573
0.1670124 0.3769334 0.4856781 0.7001784 0.492363
0.8036027 0.7907357 0.3130335 0.4208153 0.7200227
0.1164426 0.9304974 0.5290755 0.8035534 0.9487621
0.7347604 0.6528548 0.2286532 0.6637878 0.9788248
0.3223118 0.09849261 0.9772109 0.3083986 0.8659284
0.1626708 0.2543454 0.6678058 0.1846006 0.1913315
0.4672251 0.8446889 0.614878 0.3649641 0.5211499
0.9650894 0.1850802 0.9820284 0.3128618 0.979096
0.7778025 0.09796013 0.7789452 0.9333961 0.5408065
0.8053811 0.4466385 0.9521815 0.08304958 0.5183305
0.185801 0.7264384 0.5185695 0.372161 0.4974041
0.2583135 0.8420443 0.01182436 0.4377313 0.6695059
0.2448809 0.5545468 0.4921361 0.8225713 0.2936031
0.3850752 0.5950061 0.03627614 0.6452433 0.1385116
0.7907123 0.3776703 0.3336718 0.1757751 0.8817376
0.3659652 0.5265875 0.612383 0.5473016 0.2356983
0.1185899 0.7704609 0.6375239 0.2891364 0.4275007
0.3337388 0.03570684 0.7237838 0.8070266 0.4143033
0.6638338 0.3332111 0.4163007 0.9331702 0.749632
0.8536186 0.1655371 0.191434 0.7090554 0.2623385
0.9741475 0.6414201 0.5873437 0.7212272 0.453294
0.9183611 0.4590107 0.3908754 0.5034046 0.2631941
0.4333012 0.1233518 0.5101153 0.06316637 0.3763514
0.02261939 0.7654896 0.4283978 0.8482425 0.821572
0.5537404 0.5838048 0.2993776 0.3794976 0.7702973
0.4341267 0.1197023 0.1259097 0.6552192 0.6532
0.9926784 0.704667 0.9487125 0.9952442 0.2328163
0.2432867 0.5989795 0.7492548 0.5681395 0.8010188
0.2326906 0.917669 0.8755591 0.7890578 0.2273954
0.9067308 0.744785 0.2079178 0.1898185 0.3629231
0.8868544 0.2351214 0.9701609 0.009509561 0.3273436
0.230496 0.8201677 0.6633666 0.3656167 0.4087833
0.9454331 0.6411834 0.5897086 0.4979106 0.3327699
0.8393857 0.4613964 0.6834343 0.982276 0.5575451
0.1264289 0.4647834 0.5501964 0.709793 0.4605704
0.3715425 0.555834 0.2773767 0.4263891 0.3321681
0.09700037 0.6611207 0.7304642 0.7188278 0.7658382
0.1060401 0.7247419 0.6187436 0.002491831 0.8314259
0.08138753 0.5828758 0.149797 0.3057912 0.2441419
0.8926221 0.1036859 0.9730758 0.5615346 0.8919467
0.7591245 0.6761179 0.573905 0.1374231 0.9386088
0.9273406 0.690238 0.8563556 0.257822 0.6475328
0.02458216 0.86598 0.05796286 0.4818069 0.8943031
0.6458242 0.1063809 0.7890946 0.7652202 0.4601108
0.5762601 0.4064577 0.9166248 0.4047667 0.9796359
0.00350585 0.2691903 0.4667392 0.4212373 0.1366924
0.935565 0.3287209 0.7153119 0.2469419 0.959563
0.4320062 0.944494 0.6624635 0.945764 0.08418265
0.4816439 0.3609252 0.6637208 0.6326668 0.0981258
0.8657001 0.09835811 0.8272379 0.2940231 0.7393403
0.6324585 0.7902002 0.3867672 0.6707672 0.2084099
0.8714746 0.1603315 0.9901518 0.7068108 0.8721932
0.9450478 0.8318997 0.8653067 0.5094679 0.07203765
0.8788008 0.7176041 0.6266049 0.1740962 0.4213696
0.08743231 0.9329086 0.9268398 0.4257791 0.7339152
0.3904261 0.2789694 0.8332937 0.3656171 0.5517226
0.9153831 0.4927585 0.5257682 0.257993 0.8411533
0.9159449 0.4896961 0.459989 0.1327188 0.5778868
0.2461723 0.1871008 0.5207741 0.6128773 0.3597383
0.9371322 0.655394 0.6473932 0.9909889 0.09922751
0.3752256 0.2736365 0.7400667 0.02948073 0.05699092
0.470676 0.7828162 0.6480179 0.8239899 0.9958471
0.2305593 0.5549321 0.1205625 0.6543136 0.06863016
0.1082837 0.4088169 0.9114429 0.3379794 0.8848705
0.422863 0.660833 0.9175483 0.1210145 0.5836065
0.8675787 0.8328946 0.1252045 0.2748617 0.8205189
0.2650767 0.3663583 0.5831669 0.2051023 0.06070339
0.02030122 0.9113575 0.7862112 0.5712256 0.294443
0.5971889 0.5239117 0.4250964 0.3730389 0.3540082
0.8678727 0.04470659 0.3364908 0.1021299 0.3906234
0.6317402 0.8399902 0.2724567 0.3817351 0.4104932
0.006381481 0.900717 0.3074009 0.4506093 0.5226931
0.9102704 0.9480716 0.5241399 0.8830905 0.4380583
0.5149882 0.9475775 0.9542678 0.1125682 0.8642018
0.5773466 0.9145857 0.4671992 0.7416172 0.904341
0.04532874 0.3103754 0.9625662 0.17754 0.953986
0.2144572 0.2161423 0.3052193 0.7566791 0.7503193
0.06549386 0.6656721 0.654922 0.01608707 0.4687675
0.66362 0.6369947 0.5146026 0.6072693 0.7966476
0.7205783 0.1307986 0.7482384 0.7602566 0.9994076
0.2848288 0.12545 0.06945026 0.9329746 0.9486134
0.01944041 0.7368399 0.8529743 0.4758902 0.4271293
0.3440084 0.1582989 0.4499525 0.6653355 0.8187636
0.05390267 0.4892034 0.1760411 0.4370884 0.06190471
0.9555146 0.7622432 0.5425706 0.8139172 0.7624824
0.9028679 0.4381672 0.3823028 0.3763193 0.2679695
0.3821723 0.8829394 0.3788747 0.4541878 0.5380562
0.1350949 0.9243892 0.4703923 0.1648659 0.009848739
0.8553244 0.5838397 0.3510955 0.5737235 0.8273256
0.6762539 0.9952933 0.6917649 0.6564316 0.09446789
0.1170071 0.8246553 0.8430566 0.3802351 0.4409976
0.2970413 0.06105184 0.05394772 0.5983188 0.3700222
0.9064265 0.571174 0.8354686 0.3549571 0.7816994
0.2041676 0.07014816 0.8932754 0.3014842 0.2196937
0.6965358 0.3650506 0.8205371 0.3985141 0.6055638
0.7826628 0.9893097 0.4784155 0.9561441 0.8125755
0.5463719 0.114058 0.963006 0.1817034 0.4874157
0.7778484 0.9753643 0.1270602 0.4324004 0.3801129
0.184412 0.938877 0.788515 0.7023628 0.4088036
0.2883115 0.8516134 0.4941311 0.7767665 0.3178796
0.3871357 0.5624437 0.5577914 0.1974609 0.5656187
0.7207305 0.2236431 0.2048466 0.6234334 0.4860684
0.6853358 0.09885262 0.04561285 0.770719 0.8297421
0.7739589 0.7592426 0.6426802 0.3362409 0.0819806
0.9524294 0.737389 0.7150958 0.2020449 0.4805655
0.02765349 0.05783875 0.2837503 0.09847915 0.6330385
0.01630415 0.07286144 0.4520459 0.6820266 0.4575956
0.3874228 0.3899378 0.2607466 0.2512849 0.2601246
0.8693864 0.1863078 0.481236 0.8704859 0.1479506
0.391362 0.7004581 0.340601 0.3467781 0.9571362
0.1953021 0.769404 0.6359284 0.9525154 0.2686647
0.6770721 0.3462411 0.3027116 0.7895062 0.2775597
0.01434201 0.741425 0.2762531 0.3624325 0.1601567
0.4854823 0.9900725 0.9511691 0.2884352 0.4725199
0.7582695 0.6072867 0.930075 0.746771 0.5074565
0.9563511 0.3313061 0.08603643 0.4474635 0.6661928
0.522963 0.4798538 0.2048197 0.9509284 0.780243
0.2986268 0.1269837 0.2945077 0.1659123 0.1444985
0.05955793 0.2898894 0.4214665 0.05537153 0.7361652
0.7011654 0.2656767 0.5425486 0.8129982 0.4582882
0.3058844 0.3544363 0.3174272 0.2053966 0.8588332
0.3687172 0.3571724 0.5679385 0.1764281 0.5661429
0.428755 0.06792249 0.3802252 0.1151997 0.3691795
0.04974018 0.2738305 0.9235007 0.8949324 0.8495005
0.4418675 0.01105516 0.203005 0.579077 0.4652312
0.267605 0.6692045 0.7555937 0.640799 0.0608715
0.4154965 0.04205418 0.5742343 0.9274452 0.8401199
0.3093112 0.4100961 0.7848527 0.3100727 0.8467095
0.4117928 0.8892147 0.2268143 0.7749234 0.9545798
