0.8646069 0.4236294 0.3955651 0.5741907 0.7779404
0.3539623 0.2593423 0.6717003 0.4668317 0.4342065
0.7407907 0.9057236 0.7259394 0.347323 0.674487
0.4982762 0.7060078 0.9080251 0.5331315 0.999844
0.003290133 0.8543168 0.1154469 0.8104931 0.6518001
0.6421502 0.4256671 0.1006697 0.6445655 0.3024758
0.2639928 0.9350255 0.9780403 0.4863937 0.2918808
0.4999061 0.9219731 0.05486539 0.6678439 0.4627104
0.0007744943 0.5976295 0.1099468 0.6488092 0.7060768
0.5400917 0.9577937 0.1959892 0.233895 0.7259576
0.6194361 0.8800441 0.3172016 0.6017862 0.9573375
0.3243957 0.6409416 0.06143161 0.001051557 0.5270356
0.2543857 0.1223189 0.0831594 0.8396565 0.1120822
0.3218645 0.3854674 0.8842268 0.4253292 0.535987
0.6448098 0.4104379 0.4724947 0.4494796 0.4608706
0.182699 0.4229056 0.671809 0.3941931 0.1022416
0.3864721 0.9136289 0.7414253 0.3161628 0.2130857
0.1141535 0.7745869 0.6714694 0.2287851 0.9004849
0.1764254 0.8585825 0.2254112 0.6562511 0.2760287
0.006418393 0.7245159 0.5324701 0.5221439 0.7353154
0.3029015 0.3783255 0.7673182 0.6533868 0.1118926
0.3616998 0.9985448 0.1571098 0.6558738 0.6618161
0.8001043 0.08732975 0.4401561 0.279094 0.7898494
0.7388071 0.25984 0.3121599 0.2387386 0.8721985
0.3749955 0.4326557 0.1817108 0.4020404 0.7590517
0.8769856 0.02584964 0.4215498 0.3121368 0.7166822
0.3758737 0.6312295 0.6538873 0.5927346 0.5886188
0.0615379 0.187132 0.2555175 0.6392021 0.4899256
0.525761 0.1638176 0.2611132 0.3877242 0.6583389
0.4467914 0.8221472 0.7273547 0.7084712 0.8846682
0.2229628 0.9744016 0.7376281 0.727502 0.3626894
0.9003227 0.7164105 0.04202492 0.1696862 0.9121774
0.9595589 0.6994043 0.507228 0.9885594 0.7840733
0.3690153 0.5751694 0.0298817 0.1756289 0.7581459
0.9514367 0.2663548 0.516217 0.04492533 0.3724181
0.689581 0.337317 0.5222742 0.9760795 0.9954545
0.4745167 0.6125956 0.476478 0.9006078 0.2758153
0.3161818 0.8792116 0.4183388 0.3046395 0.1997768
0.5494877 0.7617456 0.4121213 0.947648 0.08255683
0.4304101 0.6702269 0.6766644 0.9610828 0.4867112
0.6843069 0.6057076 0.3566133 0.05151755 0.3846793
0.2810025 0.374736 0.1442659 0.208919 0.4554296
0.3949266 0.9856556 0.2083511 0.2616696 0.8745718
0.1709605 0.5150443 0.7127962 0.1090397 0.1983545
0.4598316 0.4494893 0.920381 0.1029399 0.924322
0.5552597 0.2411578 0.3457053 0.2162832 0.02234954
0.9260205 0.1593249 0.9053758 0.5097143 0.5192907
0.8200295 0.2318363 0.3576444 0.9216135 0.5778541
0.4618709 0.5366536 0.8668812 0.6449784 0.9768201
0.7455088 0.2206503 0.4861696 0.2376416 0.6853647
0.8764976 0.1309669 0.8579889 0.1450315 0.934753
0.4575778 0.2968464 0.728716 0.7979123 0.3491857
0.1755857 0.002747906 0.1761092 0.3991957 0.3047012
0.3015338 0.1576842 0.9358112 0.1012656 0.7031854
0.6275468 0.6085659 0.950462 0.596616 0.5252029
0.4731423 0.9950276 0.4677937 0.6107616 0.1523769
0.02380785 0.7359612 0.5414421 0.3183821 0.9531027
0.1613893 0.2711874 0.4279152 0.4852808 0.1863238
0.2408328 0.574773 0.2991669 0.4552539 0.5945487
0.7478684 0.8287746 0.9367252 0.09956181 0.07741969
0.183912 0.2168076 0.4898959 0.2524311 0.8353965
0.1582318 0.1101784 0.001860268 0.3007304 0.007318853
0.6516567 0.9007654 0.5591115 0.207652 0.3729765
0.2063294 0.7872587 0.3986497 0.3087431 0.6137085
0.4971202 0.4880771 0.2558306 0.3183409 0.9880902
0.1508636 0.2274609 0.4832025 0.2858255 0.4311697
0.7214578 0.8923921 0.6747593 0.9293306 0.2341308
0.6807675 0.02113449 0.774208 0.4910534 0.2608748
0.6717838 0.1770473 0.1165189 0.2879156 0.6068541
0.9773263 0.2839645 0.6018655 0.7778913 0.9107594
0.564887 0.4870129 0.07666754 0.9466594 0.1465504
0.6943045 0.4891919 0.3884733 0.9669683 0.5772101
0.3035399 0.4132159 0.9244712 0.4420706 0.2423892
0.4667005 0.629291 0.9678151 0.9258007 0.518797
0.257874 0.2977792 0.9101921 0.7505551 0.4248999
0.6176751 0.0457297 0.1195165 0.3097497 0.5983927
0.3756485 0.8048298 0.8982795 0.781546 0.5512043
0.5775362 0.7776461 0.5450806 0.03964008 0.005237111
0.2108785 0.9098042 0.3492366 0.7419517 0.3482119
0.4218546 0.1728699 0.364283 0.1936103 0.6498025
0.9282483 0.8278239 0.458493 0.9787768 0.9755289
0.1494719 0.2725992 0.3900522 0.6155362 0.4165277
0.8227426 0.7068801 0.817101 0.9463476 0.2343724
0.07096306 0.2984045 0.7905646 0.60932 0.9759165
0.2800496 0.5076358 0.1038608 0.6203541 0.9753972
0.2553569 0.4416104 0.7352682 0.4848125 0.4489801
0.04600589 0.2155336 0.1907953 0.7345267 0.8481181
0.1800455 0.8660302 0.4356999 0.497383 0.05706684
0.2434173 0.05342642 0.2970653 0.5290127 0.4596406
0.7868639 0.1666766 0.8842113 0.8410016 0.2556325
0.7620017 0.7765561 0.3461004 0.8745578 0.9573759
0.4925443 0.9117106 0.8648 0.0128001 0.1548669
0.9312702 0.1686841 0.5055537 0.5208364 0.04375857
0.3394484 0.5231379 0.2886638 0.7921479 0.1709077
0.306681 0.6270957 0.9201297 0.1605583 0.5007469
0.642609 0.4399703 0.1670751 0.2150693 0.189576
0.5833187 0.08757331 0.003843645 0.3323343 0.540943
0.6854115 0.9550485 0.7788658 0.5416061 0.1756059
0.8013272 0.6541506 0.2986374 0.7687257 0.8167842
0.4878635 0.9416804 0.1805004 0.5811502 0.3569022
0.5829158 0.9327188 0.4510233 0.4170873 0.5552471
0.7469277 0.01219123 0.08625529 0.07950346 0.8742943
0.3214216 0.6521899 0.1579329 0.6032042 0.6892568
0.3574475 0.664098 0.8026875 0.345061 0.7701568
0.5276533 0.2165229 0.6363313 0.4007288 0.6448199
0.6520356 0.698626 0.2838256 0.1492867 0.8886919
0.8550902 0.1409098 0.1271741 0.2631789 0.8367949
0.6947338 0.4681203 0.7602299 0.7944658 0.9573366
0.1108999 0.8641437 0.8553345 0.5607031 0
0.6991589 0.6811577 0.5118597 0.9132951 0.8562714
0.3464307 0.4528392 0.6071931 0.5105371 0.2877283
0.4690124 0.7968851 0.5956432 0.4593532 0.247177
0.6197132 0.127041 0.5745548 0.9973972 0.2299538
0.768933 0.5918401 0.4162422 0.8423869 0.7307232
0.5800986 0.03913747 0.02757832 0.5086271 0.8070858
0.01194842 0.8056968 0.211706 0.004136564 0.2085784
0.8038247 0.1366015 0.9740167 0.09130791 0.949831
0.3205968 0.6871538 0.6357616 0.9943005 0.334031
0.6174812 0.4175212 0.5787965 0.2904474 0.1186199
0.1942128 0.7662777 0.3616495 0.3871261 0.8546403
0.8368957 0.3433964 0.5567405 0.6523977 0.5821644
0.4391842 0.1898199 0.8637502 0.6939405 0.01225172
0.08964733 0.4258575 0.8612349 0.8380203 0.8042153
0.5299056 0.7411545 0.3644245 0.4370978 0.05797116
0.5508627 0.1347124 0.5345879 0.1996579 0.689186
0.235022 0.4497249 0.9329435 0.2513159 0.122224
0.4725113 0.167278 0.3092174 0.4013237 0.3384889
0.5258946 0.9067456 0.9358585 0.6414524 0.009127748
0.9827492 0.2836789 0.3667576 0.4452666 0.05954059
0.0993232 0.1670013 0.7310933 0.4750013 0.4005875
0.3476186 0.6544862 0.4505079 0.6297197 0.8566414
0.9878896 0.7555816 0.7269332 0.4143815 0.3107129
0.961476 0.3304484 0.7258108 0.2212048 0.9313294
0.1547005 0.4131688 0.4031725 0.5896561 0.8775682
0.5401519 0.3381947 0.5507847 0.7097605 0.9562507
0.6650424 0.07181528 0.4664876 0.8522751 0.3051817
0.1313089 0.08445451 0.5386752 0.1228727 0.6467751
0.8704246 0.6759257 0.8237387 0.452056 0.3871367
0.8980643 0.02786127 0.302455 0.05839027 0.935271
0.445453 0.9689529 0.8484048 0.3005995 0.4489465
0.4134893 0.6254115 0.6180336 0.7664686 0.5566913
0.3697579 0.01261838 0.009427273 0.4134489 0.200324
0.09129034 0.9358316 0.6611266 0.6402119 0.655571
0.5511609 0.958447 0.5745713 0.2500806 0.2527141
0.1286675 0.2490499 0.4795061 0.716712 0.1966948
0.05891458 0.7266766 0.1072737 0.7157364 0.08310925
0.6809845 0.6074225 0.7406513 0.433279 0.8904982
0.498444 0.8189499 0.2462545 0.3267364 0.9240063
0.3587568 0.2790168 0.9515011 0.3218802 0.6315634
0.06043594 0.1866607 0.9567459 0.2641216 0.5167003
0.8587239 0.1731934 0.6187713 0.7085789 0.5963319
0.2174876 0.8341047 0.6086288 0.6308099 0.933964
0.9102835 0.3227254 0.4261095 0.5402892 0.06352414
0.3195537 0.8969911 0.0347356 0.541512 0.04838222
0.6268195 0.3197677 0.294306 0.4109291 0.03383446
0.4252585 0.241815 0.1472123 0.6901578 0.8870432
0.06203329 0.1000541 0.1505808 0.31779 0.6133252
0.4175142 0.7604614 0.5822713 0.4792208 0.1694036
0.3586279 0.3334697 0.244578 0.6358418 0.567457
0.2013591 0.4262621 0.4313856 0.9346467 0.4270945
0.05451414 0.008222348 0.5000013 0.9801095 0.5858751
0.1515479 0.7279758 0.09981682 0.6549247 0.1548121
0.899162 0.7795375 0.3514395 0.9234552 0.1281383
0.8798129 0.1964518 8.239069e-06 0.9866436 0.3496253
0.6964584 0.774638 0.5760375 0.2402556 0.0628326
0.7110533 0.7372518 0.4557559 0.9114962 0.5279295
0.7742849 0.9037718 0.6493886 0.9618864 0.1935951
0.1058681 0.6974469 0.02879933 0.5962114 0.7019834
0.6781959 0.6271555 0.5730481 0.5264098 0.1286325
0.1941086 0.8189551 0.08102713 0.9152253 0.9099242
0.6998936 0.8308896 0.4669314 0.5628437 0.4681612
0.431521 0.5699203 0.581425 0.05088794 0.8509346
0.8327825 0.5184463 0.2401401 0.3854387 0.6035569
0.8433968 0.6552501 0.9221453 0.8397492 0.7843481
0.1065543 0.4885656 0.2646814 0.2116318 0.9484307
0.8881985 0.7451921 0.6605143 0.8833539 0.03685861
0.4013244 0.9661021 0.5382918 0.2166688 0.9606777
0.2970683 0.1113019 0.75321 0.6878453 0.1787083
0.08792416 0.9309628 0.9571927 0.5947654 0.4415676
0.4272886 0.1921444 0.4654675 0.8306597 0.5081964
0.5557562 0.322868 0.3067264 0.4819354 0.1502056
0.7100465 0.5924946 0.8065659 0.764373 0.4554232
0.8276978 0.1187332 0.3265819 0.610691 0.4025928
0.3508388 0.9183001 0.2974305 0.5678133 0.002711657
0.3338976 0.1006908 0.5511928 0.4363645 0.08457741
0.7203591 0.5592495 0.6268258 0.00968775 0.3404343
0.222929 0.8576862 0.4521474 0.01312786 0.6991418
0.8933918 0.5243197 0.1408879 0.7545333 0.9967608
0.436577 0.3236912 0.1342466 0.5496044 0.2789471
0.8678989 0.6673269 0.8425084 0.9091013 0.1950502
0.3225977 0.1986771 0.1824299 0.5307194 0.6337941
0.4047015 0.7979717 0.2398099 0.721702 0.6564002
0.5287744 0.2186804 0.8655336 0.609226 0.7164711
0.612276 0.3890384 0.9063334 0.8161471 0.6166157
0.7552113 0.002050482 0.4806497 0.3464953 0.7154117
0.8678042 0.1898059 0.831671 0.9297984 0.5614521
0.4302677 0.1270961 0.1322826 0.963645 0.2175552
0.2166455 0.9083772 0.9056865 0.2906756 0.0421748
0.969872 0.3324092 0.08877178 0.1357 0.1362724
0.4945775 0.6734395 0.5940875 0.7181645 0.8630102
0.4484821 0.10532 0.8144523 0.7613469 0.9058054
0.9695665 0.9807265 0.5099325 0.6582794 0.1736749
0.5890858 0.4428088 0.6955457 0.8631643 0.7411946
0.04843731 0.05404981 0.03410306 0.9697445 0.5098624
0.6036413 0.4480363 0.9937915 0.8940591 0.05353879
0.4423477 0.4361512 0.7764368 0.40395 0.3623988
0.6539099 0.2219053 0.3015588 0.9066007 0.4287276
0.4671598 0.962657 0.1945659 0.7785783 0.5129662
0.6429011 0.8034667 0.8047621 0.4938173 0.9340257
0.4796014 0.07899804 0.6541874 0.260003 0.6118235
0.75132 0.8704317 0.8866819 0.7022551 0.4187265
0.4832115 0.0281645 0.1566646 0.3195069 0.6820943
0.4358148 0.8752012 0.6736332 0.8109246 0.5100266
0.9508345 0.5190801 0.05521551 0.3910184 0.9542995
0.5204907 0.5758006 0.5873959 0.07872808 0.8514862
0.5593001 0.2925469 0.4771569 0.1919647 0.09215829
0.8932519 0.6995502 0.1912712 0.6262491 0.9263876
0.5408072 0.3109615 0.6177084 0.2960628 0.7377093
0.9653498 0.7393125 0.1397547 0.454128 0.8001042
0.3522465 0.7864674 0.04510524 0.3112719 0.01447375
0.3772366 0.5518003 0.2184822 0.7174669 0.7639257
0.1908486 0.6113331 0.3556991 0.1796969 0.9834527
0.03176108 0.590826 0.8699593 0.4461656 0.3078858
0.7142379 0.1228397 0.4305615 0.1259582 0.1666935
0.7070061 0.1009914 0.7459543 0.3814236 0.5079318
0.9994199 0.157604 0.05681612 0.8585365 0.2956269
0.3190556 0.7041239 0.3344505 0.4704126 0.9520732
0.9168082 0.7784664 0.2934434 0.2347381 0.3226037
0.3639995 0.1254976 0.9052023 0.8331349 0.04606548
0.5267727 0.1377505 0.2860624 0.7673888 0.4219815
0.1199672 0.006849402 0.343096 0.4897113 0.3377554
0.9781914 0.7924572 0.9456377 0.2640348 0.1242229
0.5192961 0.2531926 0.9535508 0.01111597 0.7622627
0.4931475 0.01111912 0.3860788 1 0.9593159
0.803976 0.221329 0.1355255 0.8019082 0.8615956
0.6003468 0.9347834 0.6407782 0.2265598 0.3983232
0.7394843 0.1978629 0.2934789 0.8214806 0.3909436
0.4757612 0.5277123 0.59171 0.1593337 0.184824
0.6844594 0.7367151 0.08668281 0.2380306 0.785258
0.3901378 0.6622973 0.9703913 0.7958163 0.1372361
0.5190374 0.6940184 0.6279134 0.8627726 0.007566232
0.3771533 0.2630249 0.733598 0.9864359 0.675921
0.7814584 0.6287142 0.3203433 0.561758 0.5596088
0.6060447 0.8454753 0.1150413 0.5673313 0.3718135
0.006376663 0.2144261 0.3584726 0.735673 0.8920107
0.9748059 0.5751846 0.2061022 0.7243842 0.6402432
0.6633922 0.01596641 0.1476991 0.04034665 0.6331313
0.4719187 0.7270236 0.5545312 0.06362482 0.1427483
0.2236942 0.1553015 0.5930344 0.910565 0.7393984
0.08667877 0.3537289 0.1956608 0.5915128 0.1466748
