0.8250823 0.5287605 0.3357489 0.7579706 0.5138805
0.3487386 0.914349 0.01925271 0.5604032 0.6194916
0.3835467 0.1108658 0.3664372 0.1298727 0.9905033
0.2578875 0.2318932 0.1222383 0.2415249 0.07146248
0.8274034 0.9078458 0.9793324 0.3283887 0.6269922
0.5455682 0.09377046 0.9150454 0.1557761 0.7924691
0.5058311 0.1844591 0.965052 0.8851339 0.05651413
0.7637917 0.6981991 0.1304291 0.01547046 0.3739834
0.4273364 0.6467915 0.1454094 0.78559 0.6274902
0.620941 0.8847512 0.2493054 0.2145328 0.3740919
0.4175114 0.5478272 0.7016819 0.4678494 0.2948899
0.9157239 0.4520201 0.2584652 0.6760982 0.9382644
0.551064 0.05107837 0.9864384 0.6955868 0.9498131
0.6371679 0.1127265 0.0646022 0.2626303 0.07324873
0.356331 0.1519428 0.1302777 0.7796996 0.5778603
0.9180546 0.4880913 0.003741539 0.5769992 0.898083
0.1927414 0.5896177 0.4812985 0.921323 0.1630244
0.5127713 0.4904108 0.5875613 0.8555481 0.3056097
0.2723364 0.1346726 0.7829466 0.8332637 0.9235565
0.8126729 0.09245452 0.2129257 0.4237239 0.4709546
0.981546 1 0.4633754 0.8686903 0.8651185
0.9477213 0.5420589 0.9288404 0.657873 0.3305704
0.006188634 0.9504017 0.424439 0.1730153 0.2535564
0.5529588 0.8080462 0.6287222 0.0712415 0.6416366
0.6569093 0.6723851 0.1761814 0.6608371 0.2982232
0.5364651 0.5446072 0.8572198 0.1219901 0.9633545
0.07595904 0.08102042 0.9491254 0.8310176 0.1931586
0.5726121 0.0954748 0.5224361 0.19516 0.4551934
0.4128174 0.165097 0.9366778 0.2753055 0.2168251
0.2152078 0.5705643 0.6305097 0.5484222 0.3261791
0.07347217 0.9541814 0.9265527 0.6358954 0.6575966
0.3425555 0.730662 0.9621031 0.6572779 0.32942
0.05868826 0.3401629 0.3535003 0.8687172 0.2507736
0.6989504 0.7661024 0.08586856 0.8487443 0.1351012
0.06700473 0.8094245 0.2965752 0.6286515 0.3800497
0.7178697 0.1316769 0.0598617 0.0242615 0.8615285
0.8422517 0.7433919 0.1800746 0.06740647 0.1636478
0.3069646 0.4395328 0.736134 0.342838 0.1830544
0.04825115 0.7093132 0.9645982 0.716154 0.6249374
0.2467151 0.4900902 0.002741631 0.6031053 0.02269737
0.4383467 0.6246263 0.2046001 0.8632174 0.8463046
0.254693 0.2915011 0.5247267 0.3169271 0.05056461
0.3031271 0.8264542 0.7150031 0.09961443 0.06859634
0.448955 0.9453666 0.3732341 0.2273832 0.8720856
0.6699173 0.9140021 0.7274783 0.006739503 0.9609668
0.2321621 0.1767757 0.7646337 0.7911039 0.001108854
0.4461834 0.3978668 0.2872681 0.2128042 0.9007629
0.9339786 0.05901555 0.8866486 0.2489518 0.5180077
0.2258769 0.0009688358 0.2594719 0.6814739 0.7870159
0.836693 0.7550648 0.6006994 0.2738674 0.03372862
0.6392422 0.2986484 0.2250631 0.6580785 0.743695
0.9707693 0.09703495 0.4266456 0.5451831 0.9267645
0.964486 0.2414802 0.5399549 0.5943724 0.01409569
0.8479536 0.8321348 0.8065492 0.3554474 0.6712335
0.4828923 0.2841698 0.1146697 0.2679796 0.196274
0.3711999 0.3541744 0.767716 0.6373305 0.08710918
0.1422406 0.3679263 0.3134386 0.3580903 0.6271144
0.3722843 0.1125659 0.8293464 0.5833338 0.838341
0.1745546 0.0414634 0.913165 0.6745988 0.8972988
0.6755833 0.05619141 0.8160276 0.8501738 0.5648633
0.2872432 0.06938947 0.2422262 0.5334838 0.2283101
0.5053064 0.2785147 0.3506489 0.3846675 0.7649342
0.2755532 0.2748776 0.6285394 0.00662673 0.1266259
0.1553191 0.1361838 0.1140157 0.6110856 0.191958
0.1619959 0.5859643 0.2349356 0.4013837 0.6174076
0.09137875 0.3891269 0.9408785 0.1889811 0.1907592
0.7649787 0.6764994 0.8645384 0.4732014 0.5524828
0.8304105 0.636343 0.5009995 0.8268833 0.2161455
0.3779354 0.9038994 0.1913777 0.1046179 0.4287302
0.1047086 0.6337427 0.04903543 0.07879914 0.3081558
0.6941075 0.4438167 0.3144674 0.5935561 0.0702282
0.9774213 0.5271099 0.3433133 0.9991882 0.573322
0.2110879 0.2481549 0.8283919 0.8852425 0.9793138
0.2641267 0.2566776 0.7769238 0.9143694 0.01701123
0.8673639 0.2652939 0.370965 0.4193874 0.2904078
0.482319 0.4811418 0.8766569 0.8526299 0.6776614
0.4001658 0.08435768 0.08530749 0.1801249 0.7069935
0.8108244 0.1395978 0.7645219 0.1638554 0.2897206
0.530869 0.2335995 0.2116459 0.7779622 0.1616998
0.1092319 0.02169059 0.6297936 0.9176706 0.5798732
0.3950426 0.9240225 0.4927867 0.7256912 0.8378664
0.2987171 0.6686321 0.4365615 0.2819273 0.961647
0.04045718 0.6094718 0.7540378 0.869887 0.9874395
0.3449947 0.3570898 0.3974542 0.2533513 0.5567818
0.9171209 0.07727116 0.05627998 0.9847486 0.8795987
0.9466496 0.07539264 0.9897257 0.6629451 0.4289247
0.7930406 0.4767775 0.04629498 0.249563 0.4898104
0.8696263 0.7712914 0.3672532 0.2089381 0.8346338
0.5779934 0.7820634 0.8759418 0.8208204 0.9756664
0.8403066 0.418438 0.2760532 0.9165251 0.2727566
0.7720995 0.4976172 0.7346475 0.2943354 0.8079599
0.9968455 0.09985 0.3384742 0.448574 0.6097759
0.5999637 0.8145028 0.7713277 0.7583008 0.455243
0.2699123 0.3317322 0.7898169 0.8454917 0.01196745
0.7364715 0.6310035 0.4510337 0.03818825 0.4632565
0.5719126 0.4061274 0.3919748 0.966966 0.1726618
0.8028093 0.8848593 0.4456863 0.9851431 0.222338
0.482847 0.5724678 0.1654544 0.105923 0.9899751
0.2954838 0.5649944 0.4470902 0.06940777 0.9692605
0.4191498 0.1739706 0.7893229 0.9282594 0.642625
0.2453795 0.4551528 0.5508367 0.04421057 0.6524292
0.01518765 0.2633904 0.9735199 0.03900174 0.6874282
0.003582395 0.1314489 0.5549402 0.3769271 0.04354966
0.3311162 0.6659798 0.1642121 0.6351518 0.2741285
0.1753571 0.2714127 0.09513633 0.1572174 0.9724465
0.4010812 0.8433662 0.5153438 0.3696816 0.387794
0.5937416 0.2777768 0.0003777726 0.9452429 0.5593564
0.9599545 0.4640578 0.6423999 0.01855056 0.5545096
0.4988525 0.2959363 0.2634736 0.17316 0.03176345
0.3935848 0.7861948 0.6596334 0.7277386 0.695113
0.1687827 0.09253159 0.4983365 0.2767293 0.2893802
0.7205696 0.8984769 0.6875956 0.1843287 0.6525896
0.4794295 0.6508925 0.3705096 0.4213288 0.3744431
0.2050887 0.8989944 0.1465062 0.5534342 0.1853282
0.8994142 0.1546602 0.9330415 0.5317265 0.2725067
0.2535356 0.1160712 0.08175706 0.5913519 0.5306114
0.1673322 0.09425146 0.3273249 0.1348567 0.01184738
0.1819654 0.3290282 0.4005156 0.1486223 0.8965676
0.06205391 0.3925861 0.8807543 0.5100215 0.3982203
0.373132 0.9833474 0.1120382 0.4122174 0.001792189
0.203468 0.4255715 0.346588 0.7917967 0.6022328
0.9416499 0.7960252 0.8841882 0.5926197 0.4958434
0.1864993 0.5406899 0.1124923 0.8108119 0.09821145
0.6836663 0.8291673 0.01318966 0.4099563 0.2857712
0.5579555 0.7757361 0.6900413 0.8408653 0.02579108
0.6868857 0.7548167 0.5579745 0.1618638 0.5198665
0.04054788 0.551248 0.6590053 0.9413019 0.06312423
0.01048055 0.05150552 0.138274 0.2495279 0.2660747
0.1228499 0.2580798 0.4752043 0.5931261 0.5174554
0.9056131 0.6745098 0.6581948 0.4109797 0.4407683
0.01641968 0.7229938 0.9822858 0.7064506 0.8856638
0.629706 0.241287 0.4198324 0.1823091 0.3854711
0.9416867 0.04937157 0.07967098 0.3618313 0.3613667
0.3125174 0.4596786 0.7454234 0.2024881 0.727066
0.8859605 0.306016 0.3417254 0.1677085 0.1723807
0.5268744 0.7517243 0.919054 0.5294495 0.3514341
0.1356904 0.9235407 0.6000402 0.5637412 0.3217026
0.9219433 0.8294507 0.7763388 0.5815855 0.5043025
0.2998605 0.7587897 0.3062024 0.5198316 0.2299991
0.07715737 0.9299533 0.8098811 0.349002 0.761448
0.4329316 0.745124 0.8795532 0.2111976 0.8981118
0.3741812 0.6094971 0.4569837 0.7179147 0.204496
0.02638957 0.7461411 0.1075632 0.7575192 0.2483449
0.5196597 0.3438091 0.5139116 0.5600063 0.2776763
0.8300027 0.3021129 0.4735424 0.1433002 0.6634481
0.3402722 0.7765798 0.7103272 0.8874318 0.7477367
0.6580187 0.6774028 0.862549 0.7970519 0.1621937
0.5129433 0.43977 0.6491677 0.534256 0.179093
0.3995051 0.3822237 0.5674459 0.9892589 0.9070084
0.8119824 0.112404 0.7724609 0.5423911 0.8440763
0.621618 0.7906333 0.6325 0.7061231 0.5805094
0.01591795 0.5649148 0.9768909 0.1413696 0.4363879
0.01881401 0.9932132 0.5858003 0.7828401 0.1969129
0.3751078 0.4297075 0.860491 0.8618385 0.9856913
0.4361128 0.6707986 0.003871581 0.006652038 0.9990595
0.2368525 0.7476154 0.3074917 0.242756 0.8758966
0.3912398 0.8338313 0.313829 0.09356802 0.7256564
0.5663989 0.4121528 0.5349265 0.3476651 0.00431848
0.5066017 0.007877366 0.1581695 0.5461451 0.02066876
0.4536502 0.9470947 0.6166465 0.7907214 0.05345733
0.1099142 0.4727452 0.3542027 0.7244255 0.8600215
0.5806692 0.4774493 0.5614337 0.5809048 0.4151843
0.2110105 0.4069319 0.7415322 0.1406506 0.3994681
0.7306648 0.9581723 0.1259335 0.9430117 0.1542189
0.1783669 0.7151002 0.9228936 0.2346279 0.6857639
0.7915204 0.3813205 0.5003716 0.08078547 0.3730218
0.009267084 0.6192715 0.6017581 0.7047405 0.5605775
0.9353881 0.8609324 0.3785675 0.3612476 0
0.5222902 0.7259086 0.1717741 0.1273395 0.836092
0.9822081 0.372308 0.1331171 0.8328053 0.5174227
0.6393709 0.2645831 0.02932904 0.6088054 0.1525554
0.5991308 0.5252086 0.1050909 0.3417181 0.9191984
0.7854269 0.7767512 0.9934886 0.2924239 0.7854621
0.4651365 0.3026686 0.1459755 0.33863 0.1134959
0.8519346 0.3614063 0.3904564 0.3562304 0.5960149
0.1101115 0.2502488 0.735128 0.4875407 0.3614747
0.2757322 0.8800629 0.3211544 0.8096782 0.9426396
0.4499316 0.3064057 0.5356923 0.00376083 0.4064771
0.4446504 0.3707264 0.3293682 0.8262369 0.4772597
0.1989193 0.6952799 0.780875 0.4583451 0.9469921
0.2000764 0.6168472 0.1159904 0.8742209 0.1573885
0.241597 0.5467501 0.4641986 0.5929959 0.7097578
0.705782 0.08245328 0.1046406 0.7511965 0.5798203
0.5794764 0.6949467 0.2867106 0.06867364 0.4420248
0.6566891 0.855585 0.5104307 0.09084029 0.1810109
0.8478648 0.8849924 0.5530808 0.7098587 0.3683602
0.971946 0.1072814 0.3489489 0.2124473 0.6578891
0.02430814 0.8463579 0.8008207 0.09419178 0.8116669
0.5023784 0.1856997 0.4479702 0.1046218 0.2690086
0.2484063 0.003035264 0.6126537 0.8790624 0.06200914
0.3195345 0.7933734 0.6721554 0.3500703 0.8789738
0.6916366 0.3815829 0.259823 0.4911634 0.6836122
0.4057978 0.7104918 0.3957653 0.870128 0.5258766
0.1048207 0.2255039 0.04335136 0.9887426 0.1618734
0.8768257 0.1249956 0.2434227 0.1140492 0.6884688
0.6400755 0.2944632 0.02373829 0.737071 0.6985565
0.3195867 0.9965606 0.8088722 0.4843963 0.6740811
0.2040902 0.4516966 0.2257182 0.7542921 0.6804411
0.8115971 0.3531634 0.7959112 0.3174345 0.7176283
0.944111 0.3251141 0.286475 0.3537463 0.6868114
0.8749734 0.3987106 0.6690746 0.947418 0.6416252
0.985015 0.8816171 0.5981709 0.2596702 0.4555226
0.706906 0.4123038 0.6933594 0.1589081 0.2942414
0.3033882 0.268892 0.8309762 0.8339388 0.6101936
0.3032126 0.8241061 0.03213098 0.6538949 0.7575921
0.2142242 0.172843 0.3444366 0.2655402 0.6815311
0.7583646 0.3975277 0.8505327 0.2043012 0.3882165
0.6918091 0.9267445 0.1903403 0.6735367 0.4201613
0.5454826 0.9298107 0.6868796 0.746044 0.4336739
0.829913 0.5128129 0.9738012 0.706484 0.0006121023
0.1526051 0.2501841 0.9291628 0.4755717 0.8598989
0.3912791 0.8145935 0.4040513 0.8456318 0.9339676
0.9182324 0.4396906 0.2978244 0.6883255 0.09031812
0.04920138 0.8230005 0.3583219 0.3147617 0.6816879
0.1380211 0.1341236 0.001701757 0.8133353 0.8640569
0.08518835 0.1081931 0.7380463 0.6429012 0.9850046
0.1780117 0.8870301 0.3400907 0.1918693 0.3137222
0.9014268 0.1895003 0.8391005 0.6482552 0.1771503
0.5599005 0.09420489 0.5202139 0.2062024 0.1215507
0.2842407 0.8069131 0.9062822 0.9040365 0.1075357
0.270128 0.1215202 0.6368362 0.5990011 0.3817058
0.2307035 0.1085139 0.522683 0.3027451 0.7301245
0.9331866 0.5558065 0.1402519 0.6780282 0.1753966
0.01906154 0.4404238 0.6238645 0.8659498 0.3512901
0.9824152 0.342055 0.833063 0.3827726 0.746538
0.9516731 0.838337 0.158777 0.1096455 0.9754503
0.2943947 0.8852186 0.5095084 0.1503015 0.4115066
0.05948711 0.1169249 0.7855506 0.5968786 0.1458902
0.4898709 0.9906998 0.2955649 0.8054246 0.2226719
0.9915849 0.2239421 0.4045303 0.5769535 0.9781731
0.7666346 0.9729177 0.8944058 0.4783903 0.07539537
0.6559764 0.03719644 0.6268597 0.6310035 0.1601737
0.9064144 0.3100629 0.9655168 0.3118568 0.80787
0.9128897 0.2243066 0.4109266 0.4889496 0.008533617
0.5874004 0.5865234 0.0488805 0.737333 0.1689374
0.1305459 0.1737978 0.1955169 0.6427773 0.4079108
0.4674859 0.2021858 0.9084268 0.4119208 0.3893447
0.5132079 0.2808466 0.2689487 0.8207185 0.576842
0.4534957 0.5543754 0.5307978 0.2780025 0.2884554
0.8212648 0.2953294 0.549442 0.4370678 0.3007807
0.5350748 0.5554424 0.7647608 0.192461 0.05072814
0.364422 0.2075973 0.1043263 0.4027709 0.03415253
0.9437242 0.1264208 0.3708432 0.1994424 0.2482422
0.2825433 0.4907085 0.612861 0.2731663 0.4408616
0.09415806 0.3330431 0.03877239 0.156444 0.4324525
0.5296749 0.7525927 0.3449596 0.9003075 0.8707096
0.9869639 0.4019435 0.615299 0.5438001 0.2447885
0.2044272 0.7991333 0.7595621 0.08288263 0.7083074
0.6141128 0.2980289 0.5381152 0.9084619 0.600603
0.7534208 0.7841973 0.6816465 0.411675 0.8612426
