0.9410255 0.1241255 0.9158254 0.9707294 0.3711973
0.3637483 0.6077871 0.4412512 0.9752233 0.1237366
0.5634787 0.3193715 0.7183252 0.150129 0.2180151
0.830385 0.6487502 0.1827313 0.663578 0.8049227
0.7311832 0.599742 0.3378167 0.01090751 0.569116
0.7303482 0.8357824 0.8313143 0.7550492 0.1695099
0.8563243 0.2321217 0.6093311 0.6797151 0.970075
0.9548773 0.7902794 0.5320465 0.9181273 0.9489504
0.1946413 0.2925814 0.5004879 0.1470391 0.3923407
0.7999184 0.305404 0.3167833 0.748551 0.4624408
0.7767122 0.620025 0.8084266 0.02526851 0.3662342
0.4490892 0.4335294 0.7064563 0.6663015 0.007816502
0.0830166 0.5435374 0.6787448 0.7459752 0.8002625
0.1850016 0.7045491 0.4760374 0.1568078 0.6853345
0.5155383 0.6546276 0.2653891 0.3477494 0.03730327
0.9936208 0.5322917 0.9188375 0.7754836 0.2219097
0.5548445 0.009459332 0.2285932 0.1217333 0.1245071
0.2740813 0.2698459 0.9823978 0.007860016 0.009800764
0.5999083 0.2651812 0.90007 0.9069642 0.59678
0.1086412 0.4347616 0.8452278 0.205456 0.6522078
0.4091894 0.1546295 0.5827424 0.3122088 0.9177523
0.377212 0.2249637 0.6234898 0.1651233 0.09231426
0.8185446 0.5846127 0.5763736 0.2510779 0.03745618
0.3668599 0.2835054 0.01662256 0.7087516 0.7820908
0.1482086 0.008880379 1 0.9197801 0.4243799
0.3865444 0.5222904 0.03021412 0.6521611 0.7285277
0.3419199 0.9121965 0.7802371 0.2882893 0.8119535
0.9662415 0.4894465 0.4986924 0.08104229 0.3811657
0.3217683 0.5106359 0.1649321 0.7720096 0.5448146
0.3358431 0.1769805 0.2075059 0.5919809 0.8354074
0.6292795 0.09371053 0.9422271 0.7023387 0.2105756
0.5653824 0.65943 0.3576286 0.3274071 0.6355589
0.5951025 0.290964 0.6385167 0.3061632 0.8027109
0.4683119 0.1986855 0.3436671 0.05203942 0.5339955
0.1880012 0.1793264 0.499966 0.2268941 0.8464573
0.5247733 0.1942291 0.7650514 0.0528353 0.6814791
0.7556314 0.1746684 0.9837609 0.4064142 0.9222311
0.8552331 0.06836331 0.1507159 0.9550918 0.7532093
0.628117 0.01100921 0.4331977 0.1519455 0.2677507
0.04329532 0.5002391 0.1447387 0.3681818 0.5984189
0.9795967 0.9166306 0.4308022 0.3619838 0.9002277
0.9386163 0.9720532 0.9586188 0.8852737 0.8612172
0.07463468 0.0122542 0.1365374 0.6876831 0.2512565
0.06930992 0.6939224 0.04078066 0.1688034 0.07078925
0.5542832 0.9732373 0.911412 0.7275728 0.4448752
0.6791277 0.2470594 0.1080606 0.1327921 0.2506332
0.7160403 0.8718348 0.3425869 0.4807714 0.7740409
0.5888146 0.5605864 0.4106338 0.7502543 0.001118732
0.4755983 0.2314678 0.09454683 0.5262381 0.9226962
0.1356804 0.7829136 0.01781045 0.06029361 0.2151186
0.3978497 0.3398932 0.4032345 0.7363799 0.4128788
0.2465052 0.9993305 0.1508206 0.5676425 0.4632605
0.1164945 0.7930207 0.0297115 0.7853731 0.9948173
0.9254851 0.4478657 0.01838911 0.8482092 0.3523267
0.8797145 0.6600711 0.3535312 0.7281932 0.05619564
0.4140776 0.7873494 0.9693639 0.9043247 0.7572461
0.9742091 0.6319317 0.9232233 0.9679378 0.01222559
0.8852274 0.9072008 0.2348787 0.364723 0.8884149
0.5582235 0.1703551 0.58441 0.3088332 0.3249871
0.8770837 0.8018273 0.861079 0.4368616 0.9341195
0.5627827 0.4947051 0.4048829 0.3908142 0.5040719
0.05635054 0.2413979 0.09404424 0.6410927 0.7769121
0.9797572 0.6051468 0.2885324 0.8738533 0.3232443
0.03272533 0.371629 0.4556215 0.3291861 0.2987679
0.4092864 0.06449624 0.3345093 0.401047 0.7657606
0.108393 0.234164 0.1475994 0.2461412 0.1803839
0.5474891 0.8387886 0.02923257 0.3242486 0.1108266
0.0386527 0.1321207 0.7226204 0.2455833 0.3640287
0.05966751 0.8132151 0.07196127 0.4187441 0.4668882
0.01876338 0.2097676 0.1654843 0.5457202 0.9591319
0.3250635 0.03140011 0.7390755 0.744642 0.7344671
0.7972256 0.40321 0.5512217 0.4704216 0.1086732
0.6626861 0.06990492 0.1020127 0.3331685 0.9717327
0.6556254 0.5451495 0.2548942 0.9439512 0.4920207
0.7139464 0.7904185 0.2213897 0.4431589 0.6912529
0.956837 0.292613 0.634845 0.8971525 0.627103
0.3493651 0.2261789 0.09117498 0.5938346 0.05932982
0.8358673 0.1240728 0.6773952 0.9125127 0.1413164
0.9118451 0.09471354 0.5381543 0.1388545 0.6189582
0.9941575 0.7169236 0.02053729 0.343694 0.2961582
0.7223995 0.4933143 0.0734018 0.3032531 0.2844119
0.9013696 0.4887118 0.6952611 0.240452 0.5436621
0.03831223 0.9517437 0.03692807 0.745289 0.2695039
0.8587261 0.7151768 0.7995516 0.9035638 0.8614824
0.5870388 0.3526123 0.1624007 0.319587 0.547583
0.4879298 0.8095861 0.6636989 0.255633 0.3212672
0.07420571 0.905611 0.6024327 0.2462187 0.7217482
0.5152097 0.7008936 0.009072662 0.181311 0.4819576
0.8791239 0.5879207 0.4333148 0.5327113 0.2785428
0.390104 0.1883106 0.2312289 0.2046093 0.9013767
0.7778155 0.3685205 0.9280823 0.152516 0.7936136
0.1493655 0.1693563 0.7630619 0.6291669 0.4480009
0.2031891 0.2118884 0.5424653 0.7845103 0.06882045
0.9337778 0.3092053 0.604268 0.8511779 0.5534071
0.628164 0.6127901 0.5185375 0.4027276 0.2089595
0.7649018 0.5915569 0.831903 0.1618684 0.519012
0.9328404 0.8988881 0.2849394 0.4849938 0.1306239
0.4731801 0.1342933 0.3259719 0.4300051 0.07006512
0.6799385 0.6497906 0.4533474 0.3749235 0.03815569
0.124621 0.733607 0.9735568 0.1458016 0.4510561
0.1106396 0.2468053 0.4160607 0.2938049 0.9115271
0.4632075 0.2962554 0.1764351 0.866795 0.3056896
0.3362887 0.5839894 0.1887177 0.6385993 0
0.3255483 0.4585858 0.1235131 0.8995703 0.03366881
0.8127465 0.6061349 0.5099686 0.1794705 0.9170769
0.6947357 0.7131031 0.9653729 0.3644752 0.2822794
0.868603 0.05172891 0.09044306 0.5617182 0.8367991
0.8638943 0.6250443 0.7506948 0.112828 0.533546
0.09304446 0.2484673 0.370882 0.217843 0.5933298
0.8231031 0.1240271 0.03911252 0.4786555 0.6132882
0.9629807 0.9475122 0.09954437 0.3686353 0.3839411
0.9575666 0.2666298 0.4256849 0.315525 0.9835266
0.2320233 0.3937177 0.0566218 0.4872629 0.6971575
0.1154753 0.8493373 0.05559701 0.1766087 0.4407729
0.4790662 0.5841297 0.1347837 0.2198838 0.2665973
0.6291148 0.4848202 0.5723515 0.511595 0.9267583
0.4995699 0.5933569 0.7543343 0.1159667 0.954234
0.8187082 0.7753056 0.2160654 0.5483902 0.5694282
0.08882211 0.08852298 0.09121906 0.7668604 0.3273458
0.2527334 0.08994741 0.1169983 0.5858928 0.512057
0.9237559 0.7713545 0.1309299 0.6243997 0.9303803
0.545214 0.09078747 0.1531758 0.7973401 0.08467151
0.1444577 0.3351463 0.73807 0.1331258 0.4553175
0.9859455 0.9655907 0.08101794 0.8843306 0.1284459
0.08101816 0.01958191 0.3834693 0.5035786 0.8477381
0.8232762 0.2276608 0.4575302 0.01575103 0.3379614
0.09417038 0.128295 0.9250167 0.1541422 0.5696892
0.5659187 0.9963867 0.7967872 0.01347945 0.5850527
0.7587294 0.1936139 0.2288867 0.1385857 0.6431449
0.0603742 0.1471216 0.7971141 0.2008606 0.263535
0.5810195 0.3111139 0.2848635 0.9389321 0.9403136
0.824231 0.1092691 0.6064839 0.4961409 0.7132992
0.3451434 0.418303 0.8789312 0.3729056 0.01153524
0.1889194 0.06172171 0.5621987 0.7619883 0.3514665
0.2079465 0.7012129 0.3394724 0.1050637 0.9261125
0.7992526 0.8167585 0.9794631 0.4039516 0.6424583
0.699872 0.5878191 0.9683068 0.3635109 0.4646257
0.1488598 0.9996709 0.952624 0.4913679 0.1366806
0.07224107 0.4474714 0.2380649 0.8980982 0.5732214
0.2956023 0.7610046 0.8920954 0.4338107 0.3932498
0.5116378 0.3065784 0.4769045 0.524626 0.6702437
0.4312467 0.7583196 0.8961786 0.08945928 0.7206276
0.8251695 0.7133354 0.9367533 0.931093 0.5474447
0.6776332 0.4463545 0.07935163 0.08098493 0.9056944
0.9237296 0.06684174 0.6509022 0.2717507 0.1032386
0.488059 0.7518745 0.8105743 0.1412319 0.5825837
0.04754467 0.4443613 0.9378462 0.5005103 0.8348007
0.7138611 0.05439205 0.7333275 0.8566012 0.3159758
0.4449458 0.4188271 0.8068942 0.5101018 0.6267656
0.1996807 0.0394542 0.1692701 0.3615644 0.7988568
0.9676612 0.3681832 0.5100631 0.2009059 0.7503434
0.3378003 0.1141381 0.1443984 0.4088589 0.5067067
0.1279276 0.19498 0.03987542 0.4627933 0.6554772
0.684952 0.901886 0.6744368 0.9197569 0.412874
0.6394853 0.3394546 0.7006927 0.4325676 0.5934973
0.170867 0.7561726 0.6418465 0.908783 0.9197923
0.518772 0.1481543 0.2151105 0.475033 0.5936962
0.9795392 0.5757032 0.2060337 0.5462271 0.1933321
0.1192545 0.5191156 0.8651465 0.4462803 0.1000638
0.5147011 0.6185241 0.6896122 0.2545048 0.8423238
0.704443 0.6846939 0.5677108 0.5839919 0.5076552
0.01216525 0.5806058 0.9520078 0.3036941 0.2047416
0.9090899 0.008614996 0.2580362 0.4818224 0.529673
0.8579413 0.5221696 0.2782496 0.2223967 0.7830853
0.6396747 0.5942822 0.1926966 0.03850585 0.3096797
0.9459142 0.5476332 0.8807954 0.7270149 0.3306247
0.2018663 0.8709758 0.4580484 0.5499627 0.2166015
0.1189179 0.7258977 0.0140659 0.6515092 0.3437845
0.9667269 0.8627637 0.435574 0.3785767 0.8237132
0.7107956 0.5864213 0.6120305 0.3817172 0.4357525
0.01720352 0.02484266 0.7840706 0.6884637 0.1802904
0.118699 0.4881636 0.6824706 0.1534427 0.7644206
0.1362746 0.6928073 0.06279501 0.5410711 0.4980665
0.8982859 0.6943348 0.9009171 0.5473907 0.6371002
0.7892122 0.6975722 0.1718096 0.2118365 0.2729174
0.01110363 0.3155006 0.5306762 0.3519953 0.235926
0.8759666 0.8209405 0.1579185 0.8651167 0.386511
0.8068425 0.8045086 0.8495092 0.4907782 0.236177
0.805463 0.5619529 0.4757021 0.3427552 0.3426428
0.2905604 0.7246143 0.8495822 0.3540351 0.5450453
0.2690721 0.4187041 0.3707919 0.483684 0.6606567
0.3605882 0.9466807 0.5467641 0.9018103 0.4707451
0.8230528 0.9973489 0.9057301 0.7068914 0.9263068
0.4557965 0.1013473 0.8388013 0.2503065 0.9450697
0.549767 0.02088914 0.0778277 0.2504485 0.02392317
0.4416002 0.01602698 0.4835645 0.2579252 0.8050788
0.8416764 0.7030145 0.09722545 0.3579064 0.4239489
0.8603325 0.5809438 0.8903099 0.5430554 0.5378781
0.7150523 0.3083053 0.1439548 0.9853914 0.3828659
0.7785841 0.981085 0.8342169 0.3024438 0.9625386
0.3190921 0.971633 0.3209469 0.7682814 0.768518
0.1976043 0.02512351 0.3982935 0.268801 0.6504372
0.6136345 0.9363548 0.2515924 0.07416045 0.7761048
0.1539847 0.3923733 0.8070657 0.8322565 0.1028902
0.2533996 0.4581233 0.4815299 0.3960502 0.2258915
0.3609842 0.3559767 0.07872082 0.6862645 0.8978448
0.9007588 0.808597 0.001090435 0.6270108 0.75049
0.512355 0.1814391 0.7408656 0.6012459 0.7619534
0.0885431 0.6383675 0.5963893 0.2015489 0.752823
0.7591446 0.9364746 0.2589942 0.8909607 0.1904504
0.7138625 0.6968738 0.8919685 0.1460419 0.8563307
0.1702345 0.4253658 0.6834714 0.5505136 0.240208
0.8842508 0.3272335 0.3459541 0.4443605 0.6481765
0.2216352 0.9229219 0.2198723 0.4547258 0.5827595
0.4921159 0.8592079 0.9483567 0.6906011 0.9773949
0.9950148 0.1935253 0.902 0.0475135 0.3126115
0.9475431 0.8573472 0.04119042 0.7275426 0.9502383
0.1109792 0.3541553 0.4477873 0.4520748 0.4049623
0.7109989 0.2717093 0.1487827 0.8457612 0.2497525
0.2016093 0.5719822 0.3251102 0.9773343 0.4294648
0.4407688 0.39562 0.2927761 0.2622833 0.3291759
0.4423772 0.5061332 0.4101683 0.07273943 0.06575813
0.779234 0.4643183 0.7990879 0.09818033 0.4756584
0.1799177 0.6684732 0.4743583 0.07437639 0.07941214
0.7005465 0.7754281 0.2324988 0.8831892 0.077188
0.3663051 0.8509109 0.0264658 0.5393889 0.3014525
0.07375121 0.2776787 0.04195531 0.6310006 0.1226127
0.9268826 0.9680422 0.2080813 0.4993595 0.01199554
0.8795681 0.8601775 0.6771735 0.9073466 0.2156357
0.3620689 0.7559634 0.8792627 0.2617382 0.7209423
0.6449441 0.7305024 0.1799004 0.3190998 0.2598881
0.8825308 0.5427844 0.900891 0.3730925 0.4823397
0.289936 0.5919971 0.5302948 0.2815363 0.422761
0.3354651 0.4005811 0.7961203 0.07579154 0.6201559
0.07182876 0.2416291 0.3461834 0.7806313 0.1242319
0.3860136 0.4019918 0.7991804 0.3229698 0.6126463
0.8836925 0.02567002 0.9124321 0.01348002 0.1123235
0.7660005 0.8876879 0.1008749 0.01655001 0.4570773
0.6080803 0.3828638 0.3268385 0.8167015 0.009599635
0.2048206 0.05063474 0.665295 0.2030931 0.6958939
0.4465318 0.5560809 0.9921322 0.8618585 0.7425542
0.03501619 0.3300917 0.8231329 0.6790117 0.8489984
0.06245321 0.7859959 0.3227093 0.656735 0.7791852
0.6606801 0.3386804 0.1044366 0.9158027 0.5432605
0.002600154 0.5921844 0.9982092 0.6705521 0.2838987
0.0596517 0.646018 0.789118 0.5350638 0.5575715
0.6505946 0.5319845 0.207433 0.9515765 0.05495093
0.5847426 0.3592725 0.3563464 0.1693035 0.1026946
0.4959801 0.2543343 0.5733678 0.2876645 0.2771255
0.8855687 0.3165247 0.6372695 0.2699254 0.1285493
0.3554602 0.5625651 0.6540126 0.8304966 0.4582855
0.6249256 0.4855982 0.1523047 0.6226452 0.9685413
0.674058 0.5649351 0.7405854 0.05462877 0.9420601
0.09188487 0.183642 0.4942343 0.2990073 0.3834944
0.8505067 0.2418316 0.2337506 0.3757543 0.4772612
0.3066661 0.4385253 0.9872896 0.2444046 0.3843455
0.3487745 0.590832 0.4610216 0.5935131 0.2433569
0.7201239 0.02156238 0.2423327 0.3021334 0.7149228
0.989 0.9604607 0.4495435 0.8556255 0.4733529
0.1549835 0.1707175 0.08839266 0.9059417 0.733152
