0.4518045 0.6968289 0.4076664 0.6013116 0.1187529
0.4593317 0.7131398 0.7087495 0.6187925 0.6912769
0.7345522 0.943778 0.1081485 0.4844343 0.2784182
0.2084963 0.5984002 0.6537033 0.5691651 0.1009194
0.9758006 0.554849 0.3019233 0.4169839 0.6293638
0.2608453 0.9405909 0.7425997 0.06836746 0.7512748
0.3321007 0.2724427 0.6484783 0.9566804 0.8207774
0.3851871 0.5288294 0.6182103 0.8916571 0.4724055
0.3959111 0.6566949 0.364592 0.2588595 0.9316406
0.2204743 0.6124346 0.0120202 0.4527482 0.3763295
0.01182447 0.7059235 0.3340219 0.9394752 0.8506383
0.6923563 0.6445763 0.1457006 0.5356792 0.7503012
0.8707251 0.7871654 0.08465273 0.3635788 0.1421122
0.9743012 0.2559415 0.4300184 0.6168337 0.9789749
0.337789 0.7528647 0.3903869 0.08488883 0.05149668
0.7020035 0.2741298 0.6240908 0.3418134 0.9882971
0.5866919 0.7976124 0.1840964 0.9676902 0.4094851
0.06590965 0.7429584 0.6679908 0.3359771 0.6444656
0.2393793 0.1720153 0.8600456 0.09156457 0.2876138
0.02067435 0.8473947 0.7202777 0.7429077 0.6381318
0.8790681 0.5966495 0.8850464 0.04938221 0.7918601
0.616362 0.1865938 0.4534389 0.9210853 0.1758154
0.5271747 0.3492979 0.09426559 0.5237126 0.7991723
0.2026211 0.3815582 0.6364858 0.7952709 0.3474329
0.5697529 0.4505786 0.726808 0.6207195 0.5403485
0.3671215 0.8320731 0.6092871 0.21819 0.3070413
0.861663 0.418248 0.06975287 0.2837969 0.6183533
0.740441 0.9826 0.2928115 0.2319546 0.7317488
0.2446125 0.2269601 0.0849252 0.08945678 0.02698415
0.121557 0.6104263 0.7402509 0.9343585 0.5900079
0.5355678 0.8916177 0.3815093 0.8535083 0.1029751
0.8695811 0.5365088 0.03241794 0.4701497 0.4770596
0.5477517 0.4459594 0.3186464 0.1175945 0.5120851
0.0303391 0.9392923 0.1777331 0.1122983 0.03011442
0.6346255 0.02629705 0.5049717 0.5106665 0.9866416
0.3984295 0.336862 0.812052 0.1784208 0.8109017
0.7132756 0.3192845 0.753085 0.2824733 0.7687778
0.6245637 0.6616771 0.0872304 0.2582499 0.2309347
0.8405174 0.5079059 0.6493477 0 0.4961468
0.1854818 0.7231501 0.6858961 0.31732 0.8952368
0.3530674 0.5029471 0.9696144 0.9617663 0.7876688
0.8297101 0.3531118 0.5862295 0.9881439 0.6542082
0.5037001 0.3836858 0.438035 0.6495635 0.2061086
0.6790173 0.5106225 0.5106744 0.447117 0.273428
0.9274365 0.4485024 0.06806913 0.2825264 0.2135283
0.8047888 0.9479743 0.5705197 0.8348695 0.9321059
0.8521037 0.5251427 0.9002569 0.486018 0.3781073
0.01139583 0.8422167 0.9575787 0.9743738 0.9290247
0.5388527 0.6916668 0.1201184 0.005481147 0.07538662
0.8340985 0.9550109 0.9797745 0.04020663 0.5752917
0.4982986 0.9004926 0.6298465 0.3558087 0.4666669
0.1359688 0.4937288 0.4602771 0.2315652 0.07923223
0.9213456 0.5666106 0.1043894 0.03715207 0.7191893
0.8227829 0.3527011 0.3087383 0.313471 0.2199276
0.9354052 0.1749069 0.7526074 0.2911963 0.413275
0.8696187 0.317635 0.2053694 0.7415862 0.3101554
0.2208847 0.9118122 0.6709668 0.08328864 0.7042711
0.7629347 0.1477838 0.08712129 0.4973775 0.170463
0.9525255 0.1772997 0.8018704 0.7188402 0.006033992
0.8952068 0.5039041 0.4892934 0.6474197 0.07464721
0.9765782 0.591918 0.1624951 0.00460063 0.9886646
0.3421141 0.1187682 0.6155111 0.1573183 0.3957324
0.4742356 0.2329696 0.06201638 0.05637764 0.8642392
0.5718015 0.6836077 0.2565876 0.1662477 0.2176512
0.5240113 0.9481656 0.9661849 0.4406528 0.4406543
0.01799348 0.3857793 0.1731386 0.06210506 0.1059102
0.858574 0.4801671 0.1757955 0.6685818 0.3568944
0.6325332 0.1276212 0.4636908 0.7210024 0.8988422
0.1190812 0.8834308 0.8302146 0.5471016 0.335664
0.5293247 0.6258516 0.7827584 0.01017421 0.3704182
0.2613311 0.6659767 0.4952532 0.4966691 0.1886746
0.6991381 0.239515 0.03979218 0.5545725 0.7947391
0.7588788 0.2388999 0.7286083 0.766306 0.04791078
0.8610186 0.215924 0.9789817 0.2428072 0.5675833
0.925829 0.1848349 0.1581585 0.04849532 0.6654543
0.3778308 0.01061984 0.5667886 0.9735797 0.2645817
0.4920901 0.9878173 0.6793052 0.1886555 0.2257527
0.5006621 0.7115806 0.6072422 0.1284647 0.8225518
0.2959802 0.5145581 0.9144917 0.3540777 0.7490469
0.3964346 0.2545172 0.8067092 0.4742365 0.07804775
0.6936771 0.3113109 0.3762782 0.2254731 0.3919326
0.7493727 0.1796244 0.7959603 0.185799 0.6205382
0.3528577 0.6639267 0.7394012 0.1849988 0.1221595
0.9494575 0.4714472 0.3961082 0.8030436 0.3722535
0.3348491 0.9288808 0.1652467 0.2592127 0.3603127
0.8196534 0.7642387 0.1731944 0.756977 0.679442
0.5018987 0.3047205 0.4749477 0.3378439 0.03029404
0.3139804 0.9851428 0.6686261 0.7802451 0.2986732
0.5605165 0.3926481 0.6427976 0.5774941 0.9089696
0.4660602 0.563395 0.6658396 0.07938197 0.9047599
0.1387286 0.004351934 0.1303981 0.3420693 0.2909976
0.2087146 0.1837231 0.0321069 0.3798988 0.9935756
0.4981857 0.4596955 0.5255818 0.09413052 0.05935144
0.2464898 0.6707442 0.2252947 0.996128 0.9461358
0.3606929 0.7876844 0.4322886 0.53407 0.5740466
0.1274885 0.1148278 0.1797404 0.5829541 0.5556746
0.06149056 0.4721546 0.7679545 0.8403365 0.619382
0.4225255 0.4509779 0.07110657 0.7254325 0.6273589
0.4529787 0.7501762 0.8339824 0.3008705 0.8310042
0.9938206 0.5494362 0.5349943 0.07061807 0.01051734
0.9419149 0.168313 0.1585519 0.03671876 0.3635739
0.9261439 0.3940383 0.7986903 0.9077481 0.4545335
0.03235405 0.9416948 0.01661774 0.4278805 0.4454588
0.6732782 0.7134861 0.8257174 0.7622475 0.9888796
0.6103989 0.6127104 0.3317808 0.5722083 0.7865244
0.5919324 0.499845 0.6943418 0.3855054 0.9150232
0.1224224 0.7178732 0.7540734 0.7609317 0.8374626
0.943593 0.5318851 0.434504 0.7656832 0.4503474
0.0877205 0.1520107 0.7552716 0.7895291 0.9433673
0.06489036 0.6818885 0.2812789 0.8945604 0.4685933
0.0582775 0.1734783 0.4743865 0.2359712 0.2463557
0.9394607 0.5539983 0.7323354 0.7266908 0.1050891
0.5809921 0.1650111 0.6694767 0.8861568 0.7510524
0.1348874 0.75368 0.9241042 0.02283346 0.8872691
0.205279 0.3801483 0.1182264 0.8625516 0.9285627
0.1232309 0.8385709 0.2196597 0.145154 0.3483637
0.7485406 0.5058999 0.1519193 0.6426705 0.3564822
0.553912 0.7419595 0.8934872 0.615393 0.5902337
0.451757 0.1708887 0.1258783 0.921683 0.5839426
0.8033268 0.2883544 0.1595243 0.1596603 0.1087425
0.6509055 0.26914 0.50182 0.7146014 0.6818325
0.4106293 0.2009923 0.2377588 0.1486888 0.7632559
0.195617 0.1946221 0.8476691 0.714851 0.3504818
0.4925842 0.04734281 0.315182 0.4645847 0.2898937
0.1835663 0.08030718 0.4210237 0.05952142 0.5837398
0.9440548 0.003095408 0.04477308 0.001810022 0.100498
0.418261 0.9128628 0.2648477 0.1973815 0.8152981
0.6783888 0.7041062 0.2818679 0.4830425 0.2312209
0.831995 0.7205446 0.336688 0.9072865 0.004587538
0.7169974 0.2225754 0.728533 0.7758479 0.5715968
0.3227443 0.6729386 0.5398656 0.1020904 0.04427517
0.4889685 0.4260231 0.4383866 0.5736855 0.5575783
0.1555191 0.925821 0.7102987 0.4489805 0.4416635
0.7284998 0.254716 0.9471832 0.2807525 0.1059107
0.2511549 0.7377503 0.7287222 0.747951 0.3632145
0.01864897 0.3120196 0.806234 0.6502362 0.8986091
0.653968 0.106464 0.5075344 0.5790466 0.9051911
0.9081144 0.5732513 0.2360154 0.1215136 0.833219
0.7968979 0.157115 0.9896691 0.7427255 0.7739845
0.4322211 0.5698104 0.08848125 0.2471523 0.3470813
0.4605724 0.2033975 0.9797699 0.772451 0.1175278
0.6394093 0.2993685 0.4988581 0.4807667 0.3198448
0.3650695 0.1260814 0.7805105 0.9589736 0.6804923
0.3961896 0.2025403 0.44062 0.303474 0.1504208
0.7847014 0.04703369 0.6356259 0.2364537 0.5695685
0.6867225 0.2516148 0.1028958 0.825039 0.918405
0.07336722 0.7501082 0.7888059 0.7684795 0.9423015
0.003928734 0.8671212 0.1373695 0.5539428 0.2467183
0.04168156 0.1647316 0.1946379 0.8677811 0.2622624
0.6966377 0.5099495 0.3140069 0.458368 0.9915694
0.8574578 0.9878348 0.9395674 0.05456793 0.8164254
0.7525935 0.9612088 0.3379395 0.8843048 0.8631981
0.3477121 0.6818407 0.3473144 0.1070126 0.5827768
0.8392939 0.9141898 0.7231874 0.7660326 0.9545579
0.4931751 0.6962323 0.446955 0.07138071 0.1253601
0.57446 0.9064938 0.7511356 0.974764 0.2947253
0.4779445 0.6013653 0.4075716 0.5317238 0.6787766
0.7947766 0.3746214 0.03061495 0.6947299 0.571028
0.4454312 0.6096857 0.3701344 0.977194 0.8290922
0.5209234 0.2704613 0.1399922 0.8321402 0.254367
0.6702422 0.9359533 0.2031598 0.1680742 0.02954336
0.9990123 0.7888076 0.3136435 0.8909652 0.2971649
0.9818123 0.6041967 0.1132554 0.9515077 0.3865217
0.9178167 0.9395698 0.5116579 0.2934365 0.01933134
0.6092099 0.530255 0.1080172 0.4543907 0.5294658
0.4080088 0.8276812 0.2467052 0.5660276 0.5180347
0.5598539 0.8528498 0.7434885 0.7036925 0.8541665
0.7991234 0.9044639 0.008411003 0.5390848 0.5663842
0.01157016 0.3654823 0.851592 0.1287288 0.7137335
0.3831776 0.0769266 0.8219494 0.2203813 0.9538708
0.8805357 0.9534388 0.9623034 0.531085 0.5912962
0.192044 0.4211655 0.5805419 0.1394138 0.7734322
0.2567677 0.8098584 0.5442125 0.5201725 0.2021872
0.3451979 0.5628105 0.2172144 0.3453957 0.7394129
0.38303 0.4860219 0.7879636 0.9451373 0.9415285
0.6857148 0.008291 0.03278626 0.5170419 0.4737057
0.5855225 0.562979 0.5697067 0.9251521 0.7093562
0.08043722 0.09155693 0.04787814 0.1339176 0.1728513
0.7876521 0.1069328 0.925851 0.8103783 0.28937
0.7694839 0.3989492 0.54974 0.3286962 0.3594121
0.05388049 0.7895498 0.1146921 0.3449697 0.224154
0.8427437 0.5819998 0.8773393 0.341859 0.5339203
0.4241021 0.9818288 0.158401 0.3281624 0.5192749
0.9228823 0.6488844 0.3726294 0.6130341 0.5724308
0.01556533 0.08510238 0.02808712 0.7947625 0.4639446
0.8592882 0.4795526 0.5754617 0.1864979 0.09363911
0.1708342 0.05452986 0.6864392 0.5308398 0.9150176
0.1441731 0.7274513 0.1018192 0.5438512 0.3310864
0.618356 0.08819193 0.7478185 0.06369431 0.6442937
0.8910411 0.8576463 0.4730036 0.3274241 0.5490256
0.9483342 0.7214284 0.2939081 0.5282591 0.6416532
0.2718254 0.7347322 0.8198214 0.5606237 0.7385342
0.9734943 0.01318058 0.009390521 0.2768858 0.9009136
0.4933429 0.3162569 0.691836 0.291419 0.1354275
0.4647037 0.1342234 0.9306335 0.9139922 0.2654174
0.6055459 0.2416194 0.2713485 0.1897287 0.3265929
0.6293259 0.2427625 0.4300636 0.1630375 0.1067726
0.07263742 0.3494751 0.9946427 0.3953126 0.934462
0.9779805 0.7943843 0.009795632 0.7106294 0.3683829
0.8131351 0.5591581 0.2342451 0.6571542 0.7299093
0.03882714 0.7043513 0.03638708 0.3634027 0.1023625
0.3894412 0.01627376 0.5463339 0.5160722 0.4630532
0.7272746 0.9746719 0.524685 0.7015422 0.8348344
0.3405738 0.003257674 0.6410006 0.8141138 0.8833681
0.4472846 0.09545027 0.7439382 0.519604 0.2442029
0.009637981 0.6584356 0.3425733 0.9380245 0.8102171
0.1856418 0.3804229 0.8921304 0.315402 0.9623266
0.4353763 0.6938411 0.1015961 0.8633349 0.0978609
0.01922742 0.113939 0.08016062 0.5607579 0.3856039
0.6024019 0.9712924 0.7583281 0.5429963 0.7197211
0.04028787 0.1923823 0.2619107 0.6661695 0.6106151
0.1647638 0.5406947 0.6745425 0.5495687 0.8564913
0.8153674 0.6824764 1 0.04102743 0.6613666
0.7058908 0.4047844 0.5579953 0.6793698 0.008132339
0.8701079 0.0568474 0.5290371 0.3010202 0.6399687
0.9683638 0.5549073 0.6338261 0.8363807 0.3227459
0.9856506 0.9180601 0.6212525 0.6606104 0.1062627
0.9634291 0.0663504 0.113671 0.05751473 0.6908819
0.8621487 0.6661853 0.133826 0.7367561 0.6725333
0.4063405 0.2167099 0.009460023 0.1407439 0.8792163
0.651526 0.9779501 0.0978746 0.1111685 0.5705112
0.7938858 0.5748203 0.04031239 0.546408 0.6896621
0.3169962 0.784926 0.5211039 0.1499987 0.3400976
0.3739499 0.01127929 0.2643328 0.2721961 0.4876635
0.0659933 0.1243058 0.1842838 0.2062442 0.192923
0.1462927 0.7468915 0.9325418 0.532264 0.5487735
0.9499901 0.4237512 0.7806564 0.2700463 0.2706277
0.6886954 0.3095775 0.5385361 0.1215027 0.1982407
0.3657242 0.9581847 0.6366747 0.8904561 0.2454022
0.592774 0.1089442 0.1184041 0.1839997 0.0774469
0.6264316 0.5420051 0.2468504 0.2375701 0.4669183
0.9018173 0.4184189 0.1939384 0.9514219 0.5060634
0.7996192 0.2049393 0.1560106 0.8026006 0.573165
0.3437565 0.6947898 0.8183429 0.1645919 0.05208871
0.3211085 0.285097 0.9119193 0.3888823 0.5958923
0.2279976 0.5344811 0.7178327 0.5091836 0.6320373
0.6136265 0.7362793 0.1737939 0.8905983 0.5247124
0.6229023 0.8447214 0.1177407 0.254052 0.8423986
0.8926209 0.4466028 0.8208321 0.1377714 0.8700372
0.3757915 0.9626895 0.2257032 0.5769526 0.5746911
0.004192452 0.6603615 0.8874523 0.538282 0.5848737
0.2047471 0.7931002 0.7380042 0.04096381 0.06298127
0.01337596 0.2636712 0.5507721 0.9088903 0.06208332
0.1045599 0.1953034 0.8413772 0.173238 0.805067
0.3528037 0.2486033 0.5656927 0.6724574 0.4569284
0.6739799 0.9470675 0.6307189 0.31366 0.8405456
0.140338 0.3088254 0.09725749 0.186976 0.3035762
0.8179543 0.7359241 0.9021696 0.3627716 0.9718282
0.558225 0.2918059 0.1213889 0.2872595 0.3467777
0.7192034 0.07754264 0.06176925 0.1995304 0.3668245
