0.900024 0.4368026 0.4598743 0.06226715 0.5615484
0.8090842 0.3171731 0.1781939 0.9640022 0.05595722
0.07177061 0.2228915 0.6176307 0.1085361 0.6648853
0.5621667 0.08973632 0.4314666 0.109439 0.07828765
0.8069847 0.1030805 0.3559626 0.3717548 0.8225463
0.7576794 0.4515682 0.2646622 0.9264787 0.8055256
0.4287534 0.7964448 0.003707264 0.8993956 0.7986213
0.7419329 0.7045025 0.8201733 0.4928617 0.3195163
0.7137034 0.02092942 0.1974013 0.6567612 0.08740133
0.4448548 0.01412191 0.6993186 0.7688366 0.4865104
0.3158441 0.7248067 0.2899502 0.9740497 0.2184743
0.6721899 0.2672621 0.6562999 0.2588762 0.4891712
0.1369831 0.5352568 0.5435699 0.7512703 0.4562351
0.2181346 0.6622718 0.6038457 0.4942823 0.01726896
0.8381211 0.8866033 0.8691517 0.8470131 0.1175483
0.9117496 0.2122441 0.925719 0.6057411 0.4901573
0.4906511 0.7032165 0.4118704 0.1403996 0.7946404
0.7265505 0.6499056 0.9557692 0.9745975 0.7734598
0.4129964 0.4819046 0.1275741 0.5547197 0.761562
0.2471298 0.4969513 0.5164957 0.01273547 0.1305612
0.1236191 0.02545648 0.06212503 0.8057561 0.555888
0.4964471 0.701129 0.9654709 0.1481613 0.1018695
0.4115563 0.4811589 0.07772194 0.0584367 0.8671191
0.6392609 0.6695561 0.7206349 0.2746293 0.6750378
0.5763487 0.6651149 0.3588099 0.3153362 0.08724594
0.5481177 0.6623498 0.07791029 0.2747746 0.9964903
0.3057758 0.5065911 0.1173477 0.2693062 0.5255583
0.9062669 0.03559161 0.5220279 0.3439547 0.3211457
0.663807 0.9422865 0.9394403 0.2979764 0.4793423
0.6880694 0.6547096 0.627937 0.02786218 0.933718
0.5984851 0.7169954 0.9950841 0.6710001 0.9420768
0.4384543 0.23102 0.2758864 0.4576218 0.7112769
0.7385519 0.5446105 0.06722901 0.03390913 0.4135947
0.5554567 0.5709016 0.3961699 0.04737431 0.01034274
0.1753581 0.9289564 0.1572598 0.840738 0.4472744
0.9184505 0.4284893 0.7081631 0.8171278 0.6176833
0.3179603 0.200569 0.9138217 0.8288621 0.3092406
0.09703854 0.1712906 0.1266557 0.02080155 0.9752049
0.7226286 0.6684459 0.5668317 0.2133377 0.9084226
0.03120418 0.3298546 0.3792087 0.7759704 0.08589137
0.1805347 0.599472 0.5017375 0.2482131 0.8031767
0.7723611 0.7626424 0.2422499 0.4041166 0.6584797
0.2755444 0.7864773 0.007690686 0.4594593 0.3077375
0.9575664 0.02515861 0.2524238 0.008746829 0.6353557
0.8594204 0.898768 0.3605247 0.6042833 0.04170726
0.853594 0.6056227 0.5270533 0.8620862 0.1656644
0.2166667 0.6673734 0.3376173 0.3580588 0.6825058
0.6229442 0.127487 0.09977071 0.01996776 0.4685296
0.849327 0.9531347 0.6732969 0.1037757 0.4832926
0.674562 0.9316284 0.7174491 0.8942206 0.2007769
0.8790862 0.04237979 0.5479851 0.7217407 0.6310916
0.5187798 0.01978409 0.3993783 0.3724373 0.5197132
0.215445 0.5100722 0.1812854 0.6883818 0.3637121
0.3728755 0.6203342 0.02890553 0.3782382 0.01185792
0.05426371 0.8915399 0.09227122 0.5799376 0.1743223
0.9777829 0.2212849 0.3423756 0.166938 0.4559225
0.9049319 0.6352298 0.1646783 0.4455572 0.2029842
0.2237071 0.6088611 0.6704806 0.8917614 0.1251475
0.7115618 0.2482499 0.2795308 0.1416882 0.4717405
0.5706685 0.1678339 0.5653493 0.8315925 0.4319816
0.8754284 0.7426385 0.5653571 0.9011287 0.6083839
0.5230908 0.7262178 0.5912317 0.04043032 0.3584792
0.9051731 0.4631577 0.470663 0.1866602 0.1182224
0.3664109 0.06583884 0.3194345 0.8382876 0.07411368
0.995687 0.8507394 0.4634067 0.6372669 0.9378435
0.1402938 0.5655323 0.9903398 0.7975746 0.4304971
0.1654406 0.9865913 0.3029571 0.8633063 0.8691403
0.9771205 0.6529633 0.0944766 0.6532923 0.7146118
0.8513777 0.4703007 0.31681 0.2919321 0.1960981
0.7762354 0.581178 0.2598306 0.4118768 0.3333274
0.1422364 0.5367222 0.02634551 0.6262828 0.5526774
0.07337429 0.2637034 0.5644607 0.7912455 0.8944372
0.03983176 0.1381201 0.87101 0.07191015 0.1073897
0.7724194 1 0.04421578 0.7355383 0.878436
0.5920359 0.8837765 0.1203429 0.4853509 0.02528351
0.175522 0.3344175 0.7534362 0.8198424 0.6474693
0.7944886 0.2324217 0.4558136 0.2579009 0.4158636
0.8931249 0.2895985 0.2338613 0.2047045 0.1847698
0.8010161 0.4684176 0.7683172 0.5657733 0.9050221
0.4382743 0.406459 0.8258032 0.3717315 0.02720038
0.3575201 0.8343071 0.3813411 0.6007887 0.6740547
0.2143354 0.7549902 0.963037 0.7429609 0.6941762
0.1707813 0.02557917 0.04694628 0.8328935 0.8493617
0.2327165 0.5987675 0.7316231 0.1148572 0.4706898
0.2721851 0.7467905 0.05273637 0.07897821 0.764735
0.8365634 0.1925677 0.6906508 0.8966239 0.3866928
0.8816846 0.4177454 0.9851181 0.01771528 0.2816969
0.7678127 0 0.6950689 0.625075 0.6773899
0.825059 0.5344774 0.1696937 0.3748307 0.4958433
0.9272488 0.7205728 0.05480109 0.2630791 0.8547783
0.1302835 0.4467854 0.7449885 0.4758504 0.9038476
0.1619704 0.650651 0.8714316 0.3016224 0.5741057
0.2978087 0.8815995 0.2610175 0.04045931 0.01663583
0.5705907 0.6544373 0.4591101 0.3435707 0.4935382
0.01408204 0.4899512 0.2972311 0.5113462 0.9057439
0.4347663 0.6397537 0.01151514 0.8240996 0.4750194
0.7368072 0.1077729 0.3776311 0.1674726 0.1467969
0.3472447 0.148002 0.09343669 0.1642556 0.9789367
0.6046228 0.4740142 0.6149834 0.03208176 0.7925997
0.1391216 0.5281241 0.5528228 0.7066303 0.3790989
0.4029641 0.1438034 0.2446793 0.1354401 0.7057677
0.6100448 0.03174552 0.8169481 0.03235051 0.6211407
0.9355579 0.4374071 0.9311623 0.2867539 0.1580865
0.2930965 0.6969401 0.5899814 0.861802 0.1014586
0.8422623 0.5908088 0.1333139 0.01640063 0.5472884
0.1419869 0.0473395 0.5969647 0.190775 0.8671097
0.9534289 0.7611603 0.6595607 0.1558234 0.8040439
0.768299 0.1941308 0.2271845 0.8122968 0.9802614
0.1440076 0.6168571 0.6782406 0.9663667 0.3858044
0.27376 0.8608069 0.8151062 0.8836146 0.8059305
0.3155275 0.2131722 0.236552 0.019026 0.1596953
0.07428954 0.4439557 0.9383407 0.8745919 0.04907717
0.4443866 0.4844739 0.953173 0.5948933 0.5357413
0.975372 0.9335248 0.7081652 0.8102969 0.02640308
0.401855 0.7943347 0.5741305 0.7045508 0.5675972
0.2907899 0.1405399 0.01845898 0.4654516 0.6954363
0.937376 0.4384972 0.5239608 0.7800168 0.2154637
0.5833672 0.539588 0.9996141 0.5416844 0.6793304
0.6002703 0.3622737 0.9135078 0.3112747 0.1832323
0.7021639 0.3342898 0.06127099 0.9597822 0.8195863
0.9729781 0.4654247 0.3674962 0.5121506 0.410586
0.7541682 0.4884844 0.7216024 0.3675971 0.187526
0.9611267 0.7657157 0.14036 0.8931793 0.4217293
0.778715 0.5167209 0.9094285 0.3677309 0.548468
0.7634524 0.9408564 0.6775071 0.9616089 0.3317808
0.8514683 0.02557333 0.741668 0.8272872 0.1904169
0.7436175 0.0984157 0.9327448 0.3370262 0.890823
0.9270823 0.2269784 0.4111345 0.4787232 0.1847518
0.08851161 0.6147858 0.1591088 0.6702248 0.1865036
0.3792578 0.3458337 0.3101002 0.9808324 0.001868432
0.7637981 0.7508131 0.9481782 0.8938789 0.5655281
0.8986735 0.1383963 0.1119839 0.911961 0.07365965
0.148065 0.9837755 0.3072901 0.2664808 0.7632932
0.9158213 0.7713143 0.4839057 0.1410038 0.344064
0.07800437 0.09541939 0.05963723 0.7877557 0.592563
0.1275546 0.09134944 0.966621 0.8091531 0.8665403
0.2035483 0.3627712 0.4586252 0.1790512 0.007630992
0.7296977 0.4907825 0.7927186 0.6147514 0.4047505
0.6758332 0.454889 0.3681914 0.5243143 0.4312243
0.07942139 0.7113925 0.212031 0.6917954 0.3243314
0.5702472 0.8763478 0.7504227 0.416 0.8532626
0.5775724 0.8121072 0.9674336 0.5625026 0.6969037
0.8691842 0.957272 0.8655496 0.1583587 0.3543994
0.9180648 0.5827327 0.2685939 0.7456689 0.7465748
0.4931841 0.2862891 0.04200606 0.1984616 0.6451739
0.6784599 0.5856244 0.178903 0.7856716 0.4415926
0.01848165 0.3065908 0.4140491 0.2763917 0.01741464
0.9318467 0.1136309 0.5100336 0.8452736 0.05887942
0.1486861 0.07797102 0.442994 0.6451471 0.9241903
0.7027953 0.3804347 0.5731229 0.934375 0.402233
0.5269645 0.2433651 0.1204283 0.8090892 0.8954459
0.4008002 0.8901199 0.303853 0.9493736 0.3823974
0.419385 0.9908114 0.5084237 0.2759788 0.3165143
0.2922321 0.906243 0.4316372 0.4187038 0.2814416
0.1695366 0.08696069 0.3419231 0.3374202 0.4624581
0.1486765 0.7415046 0.5190097 0.7370594 0.9229894
0.5791093 0.9431202 0.1996897 0.8221509 0.8991036
0.5827507 0.7580252 0.8779931 0.9636031 0.7869009
0.1280582 0.997605 0.4221562 0.6619381 0.5208973
0.5839243 0.8741635 0.1033035 0.9955464 0.02949354
0.6139479 0.7332906 0.8700329 0.2618883 0.9112716
0.4655418 0.6599498 0.8220303 0.9244248 0.9262718
0.8680356 0.07938458 0.5369764 0.5424614 0.6517094
0.06288172 0.4159218 0.5344224 0.6696098 0.6338851
0.2390893 0.1073244 0.8690936 0.9997911 0.6990022
0.3926752 0.301101 0.1473844 0.03484359 0.8858979
0.4196341 0.8309673 0.9330312 0.7150459 0.8645174
0.142668 0.1785766 0.5981708 0.02192174 0.6070116
0.770738 0.3099793 0.8337781 0.8644682 0.4887242
0.8256229 0.5826289 0.4771149 0.03190218 0.6926159
0.131469 0.1875219 0.424092 0.8135374 0.6584824
0.8871164 0.8735228 0.136441 0.02470115 0.1737474
0.1597546 0.9405211 0.6082681 0.8076636 0.6747641
0.2081431 0.6319772 0.01792471 0.733796 0.02244728
0.1980662 0.03768604 0.02970715 0.01182283 0.978743
0.8487347 0.62689 0.06231836 0.9149552 0.3994144
0.2739064 0.6970005 0.7427992 0.6645992 0.6247358
0.0902297 0.7750352 0.5717708 0.4243392 0.3968689
0.7636057 0.07911291 0.8060739 0.07086887 0.9335884
0.919242 0.4035418 0.3922777 0.8763476 0.3776646
0.5851177 0.3040268 0.2526192 0.9040727 0.3573645
0.4442648 0.6665098 0.5741449 0.7941099 0.8561295
0.1221963 0.7527895 0.7133501 0.6127523 0.4148587
0.7766089 0.608893 0.5978238 0.5524057 0.3114175
0.7528078 0.6472226 0.2584859 0.5595872 0.7512113
0.3911627 0.002661859 0.2291037 0.06281222 0.3190399
0.4673598 0.4884173 0.913697 0.1433 0.8400958
0.516212 0.05342174 0.2436209 0.9622396 0.3563842
0.9621548 0.7623801 0.4706457 0.9370956 0.5135188
0.1790063 0.1966309 0.2023286 0.9134335 0.6012144
0.006191851 0.5490489 0.3738186 0.063444 0.4047371
0.3680731 0.5129752 0.4405515 0.8621464 0.6523729
0.1157886 0.6003963 0.6842001 0.1475836 0.6616484
0.01640363 0.7226382 0.0648368 0.7017823 0.6696878
0.08447423 0.2479046 0.128767 0.4936064 0.3622446
0.956707 0.7815203 0.8285208 0.2337549 0.9427753
0.4913261 0.3784043 0.282329 0.2513801 0.3897259
0.1346557 0.1997065 0.3379615 0.5137943 0.5692281
0.09200553 0.4384937 0.6546436 0.7846963 0.07538476
0.3982751 0.2749646 0.5348189 0.06475302 0.8119538
0.4418869 0.7945885 0.9045425 0.1006392 0.9516136
0.3238966 0.5153496 0.244896 0.7318739 0.8286675
0.5414677 0.6415562 0.7643389 0.2876047 0.1760406
0.5686154 0.60559 0.982531 0.757699 0.5270081
0.9906229 0.3649769 0.173649 0.8979377 0.5563233
0.01713017 0.01747228 0.4698932 0.5983464 0.2051624
0.07878681 0.5685576 0.9398565 0.3605835 0.2725052
0.1658241 0.5649113 0.391634 0.7455256 0.6519807
0.4559698 0.0893542 0.9175394 0.4192651 0.4729807
0.208012 0.2356958 0.215758 0.2458364 0.9539325
0.1550602 0.598785 0.2364277 0.4381591 0.735354
0.5057697 0.7772574 0.8701084 0.6368938 0.9390046
0.196894 0.346572 0.5926892 0.891868 0.5499533
0.4437702 0.2385746 0.7693567 0.6832996 0.3892725
0.6929441 0.9049685 0.2246373 0.1469704 0.4284565
0.5087677 0.3026398 0.2090885 0.718528 0.8088181
0.6397353 0.4889274 0.1386086 0.390213 0.5934461
0.1949322 0.8837314 0.7295295 0.8687513 0.1515805
0.6588462 0.9664859 0.4705014 0.9326795 0.9752832
0.5369014 0.7464362 0.5666304 0.6798501 0.2240461
0.6518277 0.2106152 0.8832163 0.3678347 0.5591764
0.8001006 0.5032919 0.7873329 0.5636427 0.1026493
0.9366668 0.06496072 0.5461009 0.4020424 0.5262459
0.2517778 0.01042145 0.2877457 0.03904617 0.8617542
0.04126707 0.5360058 0.9907479 0.2709717 0.3530591
0.05411995 0.5025186 0.0002040996 0.3370957 0.3280774
0.6261677 0.1758318 0.01286541 0.8844688 0.7602199
0.5532061 0.06035894 0.2312131 0.3830747 0.6252096
0.5625166 0.09107824 0.01720947 0.6186869 0.2656538
0.3189386 0.8341605 0.7623379 0.7065162 0.3396175
0.5570641 0.8313327 0.6020723 0.1193424 0.6281103
0.558797 0.1933186 0.7129535 0.8594112 0.6997103
0.2580537 0.1071596 0.01236801 0.7922052 0.3622548
0.6664009 0.265964 0.1569682 0.5886627 0.2065271
0.003187072 0.3944649 0.2220198 0.5895794 0.7438972
0.8732786 0.6616845 0.4117382 0.7438003 0.3390401
0.7371236 0.6059984 0.2866467 0.4096403 0.4289483
0.4729923 0.3023589 0.813513 0.260388 0.7258985
0.5460071 0.4111494 0.5562429 0.920161 0.7027501
0.2806093 0.7943098 0.5588249 0.4565337 0.8115233
0.1292729 0.6113856 0.9200214 0.7641049 0.6735202
0.1976396 0.3281022 0.130451 0.2510415 0.8926894
0.17113 0.6663022 0.6880787 0.7945211 0.8106569
0.1960672 0.8161715 0.7328413 0.270601 0.05598323
0.3442166 0.2320638 0.1999385 0.770005 0.7802244
0.7459054 0.495911 0.7461421 0.7733524 0.08889748
0.667187 0.8997821 0.1504658 0.4486445 0.09054478
0.5530431 0.8065936 0.2904602 0.140913 0.4371285
0.06690567 0.3449893 0.1946833 0.03734096 0.7695885
0.4214049 0.9055687 0.02593535 0.3542718 0.2959001
