0.3301754 0.4414271 0.9570146 0.6463768 0.08511335
0.7283742 0.1110119 0.7111326 0.3351628 0.8788872
0.9828471 0.8650139 0.1083544 0.8036561 0
0.8543745 0.5078137 0.5885442 0.1420268 0.1156386
0.227149 0.06726567 0.6317147 0.4956235 0.7295927
0.9805277 0.6602325 0.3425148 0.3972488 0.6610626
0.07417283 0.2256982 0.8275636 0.8117502 0.9343529
0.9563875 0.6303175 0.8774473 0.9569669 0.9454847
0.5845015 0.6361186 0.8664602 0.2677677 0.06557353
0.8915356 0.4616313 0.8891991 0.01807326 0.3326494
0.3505333 0.09353575 0.4398114 0.3753213 0.4111626
0.5744929 0.5129483 0.5212429 0.04657275 0.6250411
0.3725343 0.1757942 0.2094715 0.2941677 0.9744309
0.3442295 0.0863039 0.6562244 0.3346618 0.230263
0.8922922 0.3823054 0.3964401 0.5823315 0.6453801
0.03224484 0.05068788 0.4884685 0.6613576 0.9846975
0.3037063 0.08127355 0.995935 0.6798912 0.8126693
0.2003407 0.1472636 0.9415105 0.1956625 0.347303
0.8789434 0.3420648 0.7151796 0.0002648184 0.1889345
0.2839879 0.7796893 0.4784979 0.7953966 0.6103898
0.4416937 0.319725 0.5740091 0.9585491 0.3053682
0.97662 0.7408842 0.7741765 0.5986556 0.4771502
0.1310446 0.2891231 0.04740915 0.8411153 0.9720339
0.3833417 0.003232349 0.3940452 0.1779403 0.3149578
0.710034 0.8757521 0.5868122 0.5138496 0.803548
0.2178501 0.9215891 0.8602596 0.5330316 0.7915712
0.3260975 0.183593 0.05961862 0.910565 0.09594537
0.3799303 0.1971013 0.8166052 0.8623691 0.5158942
0.9333272 0.1603971 0.1529327 0.8393738 0.1659333
0.9334167 0.39229 0.8169555 0.1181389 0.4838542
0.330804 0.765477 0.9384979 0.9903617 0.1417146
0.590842 0.09648335 0.6667397 0.1876776 0.3609265
0.08766797 0.8406418 0.784405 0.01784294 0.02866104
0.00199821 0.9440327 0.2619057 0.4551744 0.7536058
0.583674 0.01168544 0.2784478 0.1078083 0.6651558
0.09432291 0.1572925 0.5791398 0.2937577 0.8146536
0.2461035 0.1890268 0.9359293 0.6524507 0.6917975
0.9637971 0.4732707 0.9892102 0.6950886 0.3526359
0.3406937 0.3224829 0.04289219 0.4768623 0.8016401
0.6338953 0.6658722 0.08473083 0.3143958 0.1179902
0.2248883 0.2528931 0.7426239 0.7379078 0.2750192
0.3462027 0.7334717 0.9011033 0.1830198 0.2362671
0.5347595 0.4804219 0.5469264 0.8821603 0.8731413
0.1887565 0.2331751 0.03560926 0.1851722 0.1913341
0.03096558 0.6201581 0.6525103 0.7354283 0.8816575
0.2646511 0.4663546 0.8436814 0.3744438 0.2625103
0.05346609 0.6914619 0.03877408 0.3459986 0.663562
0.1607238 0.8552568 0.608191 0.6259891 0.03536877
0.4456731 0.1279191 0.5039406 0.1723565 0.951877
0.7862245 0.8462465 0.0584007 0.114424 0.2955758
0.8324976 0.03873594 0.5429497 0.7025277 0.6343869
0.7708788 0.2079688 0.5622989 0.8611547 0.8903339
0.4487105 0.8375824 0.4910141 0.7121189 0.4564206
0.2093176 0.7657273 0.06693195 0.9810825 0.7188349
0.4665632 0.2477962 0.1856898 0.84967 0.7383985
0.2450355 0.3798546 0.4186254 0.3195037 0.3284244
0.4983741 0.002007767 0.5588955 0.510922 0.09741801
0.3871736 0.9970788 0.4797101 0.4674681 0.5339991
0.5233203 0.1598528 0.1464835 0.2737503 0.1721882
0.3694884 0.33244 0.1370968 0.1485276 0.426792
0.07708154 0.8574004 0.1509687 0.3069196 0.775052
0.4177795 0.7810292 0.6915186 0.9203106 0.8030169
0.8173943 0.5560577 0.9039126 0.3576355 0.2417771
0.3259466 0.7131398 0.610557 0.3168869 0.9994022
0.6839501 0.02762131 0.9437941 0.2679367 0.3462666
0.624812 0.6861982 0.02592733 0.3537781 0.6181446
0.435974 0.6789183 0.03607662 0.7939585 0.8584521
0.1232361 0.5048651 0.6410745 0.8261947 0.6649643
0.6928723 0.2932068 0.01215131 0.9300959 0.1933097
0.6386119 0.9707012 0.1205897 0.5003386 0.8837436
0.6121279 0.2056152 0.3227485 0.05674528 0.2957018
0.05656134 0.2709714 0.5414301 0.8367822 0.8688049
0.81696 0.8648048 0.5036508 0.5171401 0.5629976
0.6687644 0.2245212 0.9113372 0.8244375 0.469232
0.362947 0.3006059 0.8501468 0.1688972 0.1121294
0.2868887 0.9464436 0.1609223 0.2527454 0.2623772
0.4723489 0.9666167 0.8062773 0.3081636 0.5225338
0.9255528 0.7047283 0.508765 0.1853505 0.1618291
0.5410882 0.1389187 0.2107858 0.1049895 0.7312534
0.2359387 0.6674558 0.6184396 0.1249527 0.7153848
0.2063838 0.2449824 0.9446423 0.8383113 0.9251968
0.9425414 0.3343065 0.5589808 0.2889972 0.2225566
0.7823526 0.9759814 0.4665604 0.6324502 0.3235767
0.4709566 0.36029 0.9544846 0.2760845 0.03528242
0.199462 0.1281216 0.5220878 0.8473794 0.1396833
0.3531489 0.4165897 0.6837605 0.6253502 0.1676889
0.9880546 0.61991 0.6923888 0.8896662 0.8886284
0.1161327 0.2709972 0.5063536 0.03835756 0.4328285
0.0965565 0.573419 0.6436272 0.6213279 0.3077604
0.2113036 0.7663891 0.1213474 0.7094184 0.02182335
0.6583799 0.893624 0.5250822 0.3411666 0.6870264
0.5131896 0.5249232 0.8416212 0.6886885 0.2176448
0.2663091 0.3901801 0.872708 0.2327169 0.9488553
0.3195437 0.1683131 0.7809708 0.7376415 0.1450722
0.7139115 0.6146411 0.8816972 0.9428362 0.3157846
0.8069093 0.6363991 0.4733563 0.6145616 0.09959794
0.7309237 0.4037142 0.9191213 0.3517128 0.8549764
0.006751164 0.01747334 0.8674573 0.3770336 0.8936392
0.2407229 0.304993 0.4664648 0.8629675 0.06662447
0.05852555 0.5024079 0.9176601 0.107037 0.6325405
0.8168729 0.4610298 0.178879 0.8339447 0.3445326
0.8654781 0.08047027 0.457921 0.3590401 0.4377137
0.7525042 0.02650782 0.2514662 0.7690646 0.87993
0.3404193 0.8918609 0.003686571 0.2259876 0.6411194
0.7663372 0.1837713 0.9722278 0.2159696 0.7237518
0.2125839 0.3858729 0.8804025 0.3523968 0.4206186
0.3915187 0.3601957 0.3441652 0.659735 0.7980806
0.5112646 0.7809191 0.3830108 0.8951804 0.8524328
0.02749494 0.7506055 0.0314282 0.982365 0.9578312
0.5834747 0.5561375 0.02404741 0.490252 0.8796952
0.05078919 0.5648039 0.6945564 0.4415065 0.4463751
0.4021262 0.03011508 0.7898001 0.6037687 0.746245
0.5836871 0.7471973 0.2522819 0.6277026 0.133494
0.6989166 0.7991398 0.8013252 0.6839921 0.9665977
0.6739911 0.036483 0.06163495 0.1880162 0.0933166
0.8819895 0.3780919 0.8782067 0.3283917 0.893503
0.2554299 0.5432298 0.2604005 0.8704071 0.6614516
0.1351464 0.01092195 0.4928544 0.9920529 0.1931412
0.9631848 0.2336012 0.9621207 0.03731834 0.3389171
0.4556071 0.2164499 0.1580143 0.1259851 0.4017719
0.6301753 0.4032023 0.9955098 0.9709688 0.7458871
0.841114 0.259127 0.7482053 0.0002264908 0.6769607
0.9040043 0.6198985 0.7880232 0.284766 0.6735056
0.1962673 0.4018136 0.7478122 0.3507381 0.6051641
0.9980562 0.2971241 0.1763827 0.4552932 0.1624715
0.4338274 0.9870902 0.02667994 0.4298196 0.6874522
0.2929804 0.4574924 0.5386616 0.1655183 0.3330529
0.5131045 0.4767408 0.8596695 0.1146243 0.5726464
0.3818033 0.3234436 0.9850747 0.1896606 0.4845923
0.7214732 0.2318319 0.7066444 0.8923554 0.6923181
0.1526011 0.0001741613 0.3158319 0.2567173 0.9183327
0.9893742 0.2281777 0.07908977 0.7262085 0.02383404
0.8935024 0.8036889 0.6986618 0.5091947 0.528971
0.5753558 0.7218246 0.4347942 0.9315527 0.8991351
0.9675115 0.6837875 0.864731 0.8296534 0.1647915
0.1193573 0.8574765 0.1203575 0.7594437 0.7635477
0.4590507 0.8084349 0.974823 0.6840122 0.5279755
0.9365335 0.8835576 0.1192961 0.3847737 0.7975868
0.7495668 0.8073949 0.9678024 0.5619807 0.2317912
0.8647874 0.7173556 0.9956846 0.6396929 0.2435882
0.7924273 0.6622418 0.3276893 0.7538507 0.3608873
0.8447 0.99647 0.2391668 0.7789786 0.9947774
0.2970454 0.4774815 0.1707094 0.7479476 0.3503885
0.9044999 0.004026108 0.09169751 0.9566634 0.8912426
0.832033 0.2900721 0.9846016 0.8150692 0.8885456
0.1303229 0.583225 0.6550677 0.5852671 0.8876356
0.3729018 0.589819 0.2378715 0.06052901 0.9974804
0.3515517 0.1215238 0.5310716 0.06158626 0.7529756
0.2483435 0.05454129 0.07279062 0.07818387 0.7125279
0.09324822 0.5944392 0.1904598 0.4956226 0.6723858
0.1544862 0.1269812 0.7888271 0.1962011 0.9450941
0.6498357 0.4543112 0.5017029 0.9535798 0.396763
0.4607472 0.9294059 0.1660762 0.2328976 0.8960407
0.0369549 0.589563 0.7980243 0.8599219 0.7401264
0.7406554 0.3354929 0.6940432 0.5378792 0.09374338
0.6401449 0.3527773 0.1422969 0.5844283 0.9666575
0.5940746 0.1276514 0.2524232 0.9757862 0.6461674
0.8585029 0.682626 0.1801652 0.8522782 0.8866135
0.9560294 0.2276218 0.0981728 0.3893906 0.2808697
0.5209063 0.6589746 0.6276217 0.05786166 0.3712446
0.3863403 0.276409 0.8486733 0.8503999 0.8817019
0.1396768 0.2736934 0.2113743 0.6738504 0.3365507
0.6731691 0.7653117 0.4511293 0.4503056 0.3272213
0.9248532 0.9303153 0.150026 0.5027216 0.1263344
0.283023 0.2295937 0.6575824 0.3848615 0.4938787
0.2024058 0.3891812 0.488942 0.6077627 0.445634
0.4497979 0.07007202 0.9338673 0.4425343 0.3972126
0.1291212 0.8257166 0.522811 0.5960662 0.2874906
0.8294075 0.9340437 0.8987924 0.4225053 0.9998596
0.3270508 0.1629908 0.3520301 0.4787567 0.3292394
0.3335607 0.3209492 0.8801564 0.7536557 0.652961
0.03593883 0.2808325 0.8260396 0.5452471 0.7629177
0.7478341 0.9353348 0.5759637 0.5654321 0.5317877
0.7110213 0.05599565 0.01631768 0.177554 0.3416822
0.5122677 0.7220779 0.3720722 0.1003159 0.6998174
0.006607255 0.2631817 0.8847212 0.6450727 0.6790316
0.8818951 0.04579769 0.4929353 0.04464281 0.1828986
0.7078359 0.8670778 0.6744896 0.2890326 0.7061237
0.8837479 0.09781765 0.3928009 0.08918151 0.9896596
0.4642964 0.01395658 0.0263651 0.1446573 0.6403379
0.7053097 0.1755785 0.2669223 0.1609703 0.7449035
0.8741236 0.6349253 0.2466352 0.8411764 0.2623143
0.04063954 0.3701168 0.4035354 0.2181385 0.8247083
0.2865687 0.5010163 0.152852 0.4349559 0.08473325
0.8286258 0.6784292 0.389767 0.9743292 0.6742146
0.6628426 0.8023004 0.2538303 0.7895275 0.8803678
0.8196255 0.9835106 0.8865644 0.3316083 0.5796885
0.7269164 0.8842952 0.6755525 0.6786278 0.5648602
0.6863274 0.9665928 0.7466574 0.4713341 0.1954836
0.7564411 0.8509405 0.8831041 0.2908133 0.8726301
0.1217258 0.7779815 0.3269221 0.9112681 0.6819893
0.6666556 0.05220353 0.9191549 0.7225762 0.9001741
0.6893127 0.5295022 0.394647 0.2735689 0.8695606
0.4459075 0.6763604 0.7580319 0.5115442 0.2371949
0.2394283 0.1871011 0.8790252 0.6083332 0.08070248
0.3227223 0.04228794 0.8044613 0.8394596 0.3968723
0.7164089 0.04160357 0.4437253 0.06124513 0.5742249
0.3347679 0.7317516 0.566522 0.09662873 0.948337
0.8319299 0.7552091 0.4528463 0.9342855 0.4949839
0.1578493 0.4799792 0.3595464 0.2230275 0.04031046
0.4719116 0.9297928 0.9545002 0.3401685 0.2532022
0.7745645 0.07819743 0.08440748 0.3292372 0.3963012
0.817188 0.8288338 0.910759 0.2878396 0.9560287
0.4603515 0.2772928 0.9905587 0.8812111 0.5400838
0.484993 0.2366945 0.6519269 0.6474978 0.8709302
0.6762562 0.2975393 0.402398 0.1837909 0.9264402
0.08018014 0.8067438 0.01739342 0.623609 0.7629626
0.9342327 0.9446393 0.03901399 0.1515742 0.004067471
0.5739509 0.535682 0.4404779 0.2848216 0.1960901
0.7131768 0.4438021 0.9811558 0.2256501 0.02464073
0.9260219 0.6177132 0.8664872 0.7652849 0.1771443
0.8357268 0.9634099 0.8668813 0.4598952 0.8519671
0.2038117 0.816999 0.9711399 0.5547782 0.1433576
0.3102257 0.02988755 0.4354282 0.3193159 0.8636818
0.6496291 0.2249462 0.3971373 0.8936718 0.539876
0.9384309 0.06822268 0.382186 0.07841107 0.6291549
0.387469 0.3658435 0.6950881 0.2973213 0.4095892
0.0699272 0.4437473 0.7015802 0.1006396 0.7078328
0.2607301 0.940977 0.1920224 0.3060539 0.3911481
0.50295 0.415947 0.411173 0.8011918 0.02204195
0.654117 0.033815 0.2656322 0.006721679 0.721133
0.1862472 0.5676395 0.9569936 0.1841056 0.8381941
0.9416307 0.8843724 0.9242503 0.3236206 0.78591
0.03548913 0.009925764 0.7078317 0.6701839 0.3528279
0.7986348 0.8892988 0.5610268 0.01116264 0.1263703
0.6178451 0.674222 0.3930091 0.05260307 0.754037
0.8730592 0.866257 0.2808905 0.6609166 0.4877337
0.5718596 0.3501923 0.7748094 0.1461391 0.9120912
0.4372613 0.1905281 0.8093182 0.4063034 0.08653204
0.6125213 0.8218918 0.9994679 0.2824211 0.161998
1 0.4698622 0.6238595 0.6416644 0.2439211
0.3233535 0.842042 0.8230131 0.5019345 0.8572177
0.5389964 0.9847289 0.01268665 0.009555438 0.3778139
0.29678 0.4430749 0.855859 0.7430332 0.06621595
0.7874405 0.3528335 0.6410419 0.5137037 0.7604124
0.2243033 0.7130502 0.5202334 0.8371784 0.9424866
0.9307622 0.6700663 0.1176736 0.6937117 0.01832924
0.6257464 0.6678969 0.8945622 0.3395352 0.1320541
0.04559349 0.8628758 0.6190829 0.8610281 0.01911507
0.6217529 0.8560578 0.1795332 0.2476558 0.2225436
0.7746324 0.7283689 0.5888229 0.6434872 0.4321543
0.5122325 0.02061692 0.2644813 0.6226954 0.8994373
0.7884642 0.9934369 0.0722354 0.6302405 0.3737741
0.4815792 0.1014322 0.9409835 0.3395205 0.4650022
0.8106076 0.7093467 0.09906514 0.4937006 0.3386321
0.08235009 0.5357974 0.9946951 0.8998692 0.264019
0.6440547 0.5435682 0.5073063 0.1583019 0.6762969
0.7834456 0.3870636 0.1719955 0.8203547 0.6735215
0.7406695 0.3712099 0.2528825 0.07567583 0.495817
0.6573911 0.54019 0.9756459 0.2903575 0.7891715
