0.7498821 0.07178993 0.5802048 0.6769976 0.7362922
0.8330449 0.09325883 0.7763124 0.3508864 0.09635226
0.5061896 0.8412161 0.9193471 0.3657618 0.4239694
0.4128086 0.09305499 0.9676508 0.1768336 0.3413953
0.5624863 0.5898517 0.5564189 0.8940352 0.7720783
0.2808539 0.4173974 0.417951 0.0717212 0.79508
0.660139 0.353743 0.2684767 0.9222405 0.2201506
0.9413006 0.2066176 0.6849309 0.7984509 0.37801
0.64842 0.4689904 0.05448399 0.623062 0.01088221
0.842772 0.05523688 0.5599989 0.8435424 0.3506382
0.4848067 0.7638489 0.05401552 0.602621 0.4118376
0.04221487 0.810374 0.9504593 0.5145841 0.5563105
0.6557714 0.2901176 0.8765891 0.6340831 0.7410431
0.610626 0.9617738 0.7827033 0.5965148 0.2088319
0.1133066 0.2517546 0.1498351 0.33694 0.4611082
0.551576 0.3360745 0.4269131 0.6205785 0.3968081
0.8746073 0.6455591 0.5493914 0.8317501 0.09860864
0.652884 0.7794987 0.76389 0.6384899 0.8662002
0.2924302 0.9347838 0.3705068 0.4300502 0.06273703
0.3968099 0.3430331 0.1216713 0.3913832 0.7451159
0.6206182 0.343546 0.9930164 0.05194904 0.8558817
0.6067742 0.9995017 0.4050334 0.1547962 0.4126095
0.2796603 0.985798 0.03192408 0.07616708 0.7757729
0.4438077 0.04243503 0.2078174 0.8938002 0.6518816
0.7141126 0.1575897 0.9527518 0.8583452 0.8000794
0.7353206 0.4149055 0.9935584 0.481138 0.6333553
0.8768089 0.399988 0.4440689 0.8019883 0.7121909
0.7970933 0.405415 0.3124182 0.006835659 0.8781357
0.1639546 0.7732961 0.4642887 0.5432808 0.1308552
0.203581 0.2021204 0.1256637 0.4308381 0.4012412
0.5432203 0.9826047 0.6817107 0.517816 0.877787
0.9560676 0.6333682 0.8192973 0.3285964 0.6705199
0.5883803 0.04925198 0.6451518 0.5536048 0.07925268
0.6155086 0.6883131 0.09762043 0.1632335 0.03533074
0.6697572 0.2706797 0.8911262 0.5362539 0.5983899
0.3703004 0.9484861 0.8017602 0.993278 0.8959101
0.6825313 0.5964418 0.974882 0.9872037 0.1207225
0.8785626 0.04135815 0.7330668 0.6940925 0.1715279
0.2330949 0.4714824 0.7355166 0.5268198 0.3294209
0.714508 0.9235155 0.8733877 0.01563869 0.3823127
0.3313335 0.7595246 0.7414941 0.4273684 0.7974875
0.9678222 0.671495 0.1668434 0.08058333 0.9688935
0.7787265 0.4560477 0.5553997 0.9353683 0.2154887
0.5175882 0.2506283 0.202182 0.8812695 0.6567405
0.9927086 0.1027263 0.3743176 0.2198809 0.4382164
0.584343 0.7248799 0.1769551 0.2793491 0.8073923
0.6671341 0.3892079 0.5034224 0.1073526 0.141733
0.3113633 0.5671238 0.2168637 0.7737903 0.0004560998
0.08134859 0.9331671 0.5559223 0.06140173 0.6832644
0.493348 0.8049602 0.2548878 0.1103761 0.4746927
0.3053239 0.01508721 0.0604361 0.2718702 0.6139491
0.881802 0.4619299 0.7250666 0.5809992 0.8871812
0.1959091 0.5872494 0.7111468 0.3827605 0.1194264
0.5493832 0.3848841 0.3221618 0.4598565 0.5670848
0.6269989 0.2931184 0.5395189 0.5263408 0.6309063
0.9805943 0.8717965 0.2471253 0.8087524 0.2947069
0.8843086 0.2150192 0.4305695 0.1689686 0.4634207
0.6776432 0.1432863 0.0827555 0.3692907 0.6318957
0.5557357 0.7409645 0.664153 0.4377015 0.1884156
0.9699953 0.7466577 0.5963694 0.9039886 0.2418268
0.6627867 0.7880117 0.800089 0.9138443 0.476238
0.09979448 0.2023861 0.295741 0.6465862 0.1189459
0.3375854 0.3212013 0.6042562 0.1637051 0.9121587
0.09107477 0.736115 0.4663778 0.6786088 0.267092
0.1363743 0.6863874 0.7381248 0.5002911 0.2876207
0.6401421 0.852019 0.0263697 0.3306637 0.6333928
0.9510351 0.2082246 0.1763516 0.5062805 0.5227934
0.7380325 0.2350018 0.007388365 0.8639202 0.3918023
0.8462313 0.4958203 0.7445292 0.7915834 0.6104862
0.2744495 0.2225923 0.633104 0.05326618 0.766774
0.5958104 0.4954758 0.2507796 0.5915987 0.8082647
0.6797402 0.007566359 0.684603 0.5173383 0.7529465
0.6068103 0.2380558 0.7985026 0.4967379 0.03949221
0.8520586 0.1655725 0.6237914 0.7570787 0.7571627
0.8022138 0.03579265 0.7132103 0.8524547 0.1123065
0.3456708 0.4974455 0.167864 0.598638 0.635492
0.01660463 0.6045408 0.934021 0.08465956 0.1638437
0.4420988 0.6070612 0.7030225 0.08434571 0.1926428
0.608796 0.7626156 0.6053555 0.1311529 0.7239508
0.8634502 0.8943927 0.1877733 0.3047871 0.2250395
0.2686963 0.3157867 0.4140439 0.2997812 0.4685335
0.5494742 0.9132713 0.7219795 0.5354095 0.8258654
0.4673839 0.2029325 0.198342 0.528824 0.09962854
0.5850795 0.7626023 0.8431961 0.6051866 0.5318378
0.02047777 0.252814 0.6957876 0.5661718 0.9685569
0.0973985 0.4859752 0.1404117 0.001071601 0.2257783
0.6508165 0.1753527 0.07642402 0.1735551 0.5152349
0.8007889 0.4039787 0.221289 0.897218 0.8096696
0.8117498 0.3236323 0.136898 0.1157408 0.5389209
0.9638474 0.3876292 0.61931 0.3417072 0.5983071
0.2069501 0.0444282 0.7352773 0.1318359 0.4954078
0.1723801 0.8144733 0.6901977 0.09425138 0.644314
0.4306798 0.5213091 0.1603875 0.1511264 0.3558558
0.2656058 0.06709256 0.02316782 0.7902939 0.5152992
0.6780078 0.493599 0.5592899 0.9997056 0.63249
0.5460791 0.8204519 0.00370703 0.6078292 0.7356616
0.6267529 0.4297949 0.4353221 0.5141514 0.3828972
0.858626 0.9124626 0.1031859 0.2322329 0.0204392
0.9663969 0.4428569 0.3967798 0.2721274 0.2817927
0.2259256 0.4813625 0.7936152 0.9618953 0.08956004
0.4490123 0.4319465 0.6331874 0.9622498 0.3625643
0.8293819 0.2621193 0.1891679 0.5228197 0.1895499
0.9264942 0.2955176 0.9201593 0.7960751 0.1877582
0.6159502 0.8762755 0.2111888 0.4210673 0.7533122
0.9460609 0.1854554 0.5511456 0.7029486 0.6888652
0.4837248 0.807522 0.8461832 0.1042158 0.6693412
0.9933217 0.04695959 0.2460234 0.6367468 0.6751201
0.09640681 0.7457364 0.7218004 0.3689569 0.6834688
0.9985608 0.689349 0.1309399 0.1062526 0.6902819
0.1021608 0.03716442 0.06950415 0.6837872 0.9390911
0.7070359 0.6367796 0.7539072 0.4032905 0.7791034
0.2564155 0.4908704 0.9540308 0.8340828 0.4016738
0.6919775 0.5037793 0.5004916 0.8273929 0.6272468
0.3092812 0.6701988 0.5619329 0.1244646 0.2232025
0.1758763 0.9447785 0.04992041 0.05256015 0.2559702
0.01080819 0.01950869 0.1407307 0.64341 0.5879976
0.3237283 0.1712117 0.5710547 0.9980242 0.6690958
0.1279403 0.2036724 0.9120371 0.2063239 0.7662001
0.1285916 0.299556 0.3226692 0.6862349 0.4496369
0.2758007 0.6709958 0.4039078 0.9921675 0.5053655
0.6555882 0.6037009 0.8110507 0.3558874 0.6366322
0.7476802 0.2926809 0.6342827 0.5948017 0.4738043
0.7333197 0.8155331 0.6218873 0.5758141 0.848197
0.2715899 0.5559538 0.1319657 0.9038878 0.4656768
0.18297 0.8861236 0.2983417 0.9239145 0.3639262
0.4516495 0.03709071 0.5627106 0.2378736 0.7587916
0.974435 0.5316252 0.5905213 0.5088321 0.5621932
0.2829025 0.4185706 0.1103983 0.3383128 0.7002495
0.6022955 0.1511234 0.3880593 0.882623 0.3193987
0.4909525 0.4732933 0.7189614 0.8052691 0.8522722
0.9637494 0.9489491 0.05474568 0.2920253 0.11745
0.6175745 0.5528801 0.8594678 0.9618022 0.537184
0.3685257 0.3851513 0.4593331 0.5171027 0.6704917
0.4557769 0.9333048 0.01025329 0.3943082 0.2627203
0.7758836 0.6412474 0.3042669 0.7664976 0.6321453
0.005435815 0.002317885 0.1575263 0.3542348 0.7558453
0.9577021 0.5123391 0.3242136 0.7528969 0.1023555
0.5893298 0.2225519 0.8189151 0.5983017 0.5839624
0.07749771 0.3828451 0.9991889 0.4965456 0.9312864
0.4393627 0.8568307 0.9798115 0.2484102 0.3059286
0.5539021 0.7132125 0.3344811 0.1282492 0.528646
0.9836386 0.1988658 0.921264 0.6576318 0.8323619
0.5740752 0.4415233 0.3969623 0.08719046 0.505881
0.003482575 0.310586 0.2562501 0.8681427 0.2150193
0.5266912 0.06424111 0.8277514 0.3518516 0.4514503
0.5543993 0.7503201 0.8506028 0.957514 0.4341504
0.9940579 0.6809639 0.1861489 0.6331248 0.4026008
0.3706712 0.5227324 0.3165794 0.646986 0.6070472
0.149805 0.5237781 0.9631556 0.6128667 0.1215466
0.3082517 0.4169104 0.1587309 0.3601234 0.1828698
0.4796551 0.357137 0.296674 0.4640704 0.708923
0.7898768 0.3293042 0.8463411 0.5795737 0.08078842
0.2344089 0.8482467 0.722317 0.5902008 0.3988964
0.0009352467 0.10623 0.6457379 0.9274187 0.3849965
0.9641433 0.3924553 0.9472888 0.8953134 0.4301323
0.5276426 0.5679552 0.3087183 0.6997084 0.2209125
0.3368158 0.1536299 0.8114319 0.9683207 0.4989062
0.7633646 0.01067312 0.358726 0.8710434 0.8855423
0.8616367 0.8148892 0.3998715 0.1538305 0.4412918
0.6380032 0.6355971 0.2075388 0.6164347 0.713206
0.1281841 0.7721888 0.1317815 0.1129451 0.05560397
0.3429321 0.114152 0.1801054 0.9096618 0.4015461
0.1250406 0.9551628 0.1457104 0.8952803 0.4505798
0.05057653 0.01275076 0.1524735 0.6785226 0.2531877
0.7719153 0.1891026 0.8218261 0.6927051 0.07388939
0.6347648 0.8304533 0.7951972 0.6613832 0.02481885
0.2902883 0.841459 0.1742825 0.1841869 0.4885617
0.6599092 0.4957146 0.3682048 0.4358995 0.6712574
0.7566418 0.6471343 0.05486442 0.8516751 0.01729368
0.1546388 0.7389007 0.1168378 0.08290662 0.6816757
0.1300374 0.4354518 0.2289281 0.05180491 0.7778267
0.4213261 0.2157832 0.8849568 0.7083462 0.04794182
0.07974977 0.3906189 0.3852316 0.4134986 0.05510585
0.4780752 0.6090392 0.6406371 0.5619695 0.8150859
0.002240178 0.3959267 0.04271939 0.3414737 0.6473774
0.9436687 0.7161649 0.624345 0.07463851 0.3815613
0.2043855 0.1587076 0.860743 0.3470766 0.7404895
0.7690652 0.406059 0.6456211 0.6711327 0
0.3720167 0.9906331 0.9458496 0.0428018 0.5928044
0.9804156 0.3651188 0.06465041 0.5061136 0.04900953
0.0116274 0.8491534 0.1482157 0.8446447 0.01154063
0.5699742 0.3248365 0.2643654 0.09623969 0.3381745
0.857904 0.4031073 0.5123004 0.4729723 0.6617317
0.7070798 0.3001267 0.3442016 0.07278336 0.7907099
0.04914013 0.01542511 0.06660377 0.1660297 0.8329515
0.8000768 0.1644541 0.2824359 0.03634914 0.328136
0.5941741 0.9831555 0.1639863 0.8192731 0.8435636
0.7888936 0.3121166 0.05201766 0.5576354 0.2087881
0.7783353 0.3819367 0.5356887 0.06600466 0.724571
0.6507452 0.3722746 0.403798 0.03827598 0.1068826
0.2535779 0.9460852 0.1297908 0.1959474 0.156957
0.5518988 0.09330183 0.8474107 0.09341316 0.366867
0.4409773 0.08776369 0.4489587 0.8393391 0.2285942
0.5140647 0.9241989 0.8553449 0.4415876 0.8676975
0.8798196 0.8488948 0.8049604 0.3866107 0.9338638
0.9322759 0.6837219 0.5566108 0.3971924 0.1458959
0.6204667 0.6523316 0.008744647 0.3747621 0.1787013
0.09432948 0.4612896 0.602373 0.1788769 0.9223485
0.8483936 0.7201408 0.6798374 0.277316 0.1509456
0.6454438 0.4955404 0.7812108 0.05417568 0.2287106
0.9127307 0.4307879 0.2830054 0.909074 0.6786086
0.4374053 0.6120029 0.8778313 0.1514706 0.1068926
0.9686606 0.62404 0.4015818 0.6163749 0.8726004
0.3593067 0.3953717 0.9671475 0.7241495 0.8446921
0.1032822 0.2639121 0.2557573 0.2100432 0.1228262
0.6114069 0.2217531 0.4653749 0.4649081 0.598485
0.3711921 0.6562369 0.555784 0.4846854 0.9537536
0.5587804 0.8725787 0.7558864 0.5832378 0.7992408
0.7308386 0.1541726 0.9408152 0.362821 0.3525963
0.374514 0.7527313 0.0268192 0.2426125 0.1412388
0.1011521 0.8751086 0.5906921 0.3139723 0.7805667
0.3294265 0.6014828 0.3031099 0.4821138 0.454569
0.1855954 0.3273474 0.5434672 0.2366164 0.6710214
0.796476 0.6764518 0.6304251 0.2211812 0.6672458
0.0453275 0.7349969 0.795673 0.7075502 0.8665996
0.6774744 0.7375888 0.2746551 0.4150358 0.5871555
0.06967225 0.100489 0.06924486 0.03677718 0.4387706
0.6483447 0.1354424 0.3741022 0.8684131 0.5870393
0.9491512 0.4209657 0.6058299 0.6288853 0.8762916
0.5116426 0.7036061 0.2649397 0.5812964 0.2168906
0.3765437 0.9759024 0.3530886 0.9363414 0.9537654
0.1112616 0.3157262 0.6637676 0.5079945 0.2454803
0.2661255 0.6195058 0.7583285 0.4620806 0.6040345
0.9759679 0.03519462 0.1755075 0.5753289 0.9359389
0.6456551 0.1147533 0.1540428 0.335182 0.003777666
0.8821069 0.7086355 0.6831158 0.9053927 0.7076491
0.6257283 0.0108829 0.8954698 0.6921015 0.2597612
0.5008886 0.8185372 0.3348128 0.4130486 0.7219242
0.9450462 0.7586541 0.01799646 0.5899846 0.8097029
0.9390248 0.4935928 0.05014941 0.9964869 0.7641697
0.4625797 0.9564527 0.03862584 0.005833042 0.6429664
0.5677699 0.8403461 0.1501859 0.3858754 0.4324231
0.04962413 1 0.9341355 0.3808582 0.07981657
0.848447 0.7501015 0.7027882 0.2530958 0.8285488
0.427567 0.6331649 0.9895062 0.1374464 0.2136302
0.7003009 0.3083463 0.3637318 0.2978745 0.9558786
0.8064073 0.7542038 0.9622909 0.8877396 0.1958728
0.4975265 0.9295387 0.6844286 0.340411 0.8259741
0.814615 0.6881265 0.6267905 0.6916272 0.6899526
0.4916869 0.3571383 0.6070259 0.5659163 0.1179583
0.7881355 0.5867945 0.4760616 0.604417 0.1914437
0.2388428 0.2231158 0.4892571 0.3637083 0.4880621
0.5128136 0.2814869 0.4319783 0.9990809 0.1600685
0.779492 0.009412513 0.8909588 0.8825275 0.1093712
0.01019328 0.672081 0.5826543 0.4996748 0.1496334
0.444341 0.8014433 0.2031676 0.1598314 0.7552662
0.7533971 0.8825255 0.6979466 0.8786091 0.8328582
0.5357476 0.7437637 0.6670519 0.1144474 0.1759303
0.8270937 0.1941719 0.4293363 0.9263721 0.7274155
0.09832608 0.09280465 0.166798 0.5987875 0.08439799
