0.4634993 1 0.5946499 0.08923314 0.8253095
0.9077343 0.1850635 0.6449373 0.731551 0.9944543
0.08520187 0.825418 0.1824698 0.4043024 0.9792427
0.7487771 0.2552254 0.1122643 0.3642649 0.5476863
0.4103056 0.5648751 0.6967871 0.49903 0.4379709
0.1534664 0.1319761 0.09197983 0.5210645 0.04046557
0.2767584 0.9028342 0.5374699 0.05882775 0.540647
0.4503159 0.8821057 0.1481591 0.6645031 0.8775345
0.02651789 0.7975683 0.3985098 0.8052934 0.5338383
0.7127888 0.132835 0.05811029 0.3668614 0.9003531
0.1142941 0.8086088 0.3750693 0.3668923 0.9383566
0.04615926 0.6087248 0.6534434 0.8305202 0.4870834
0.7406969 0.5128421 0.2371053 0.4023043 0.8671443
0.1245885 0.2782846 0.5405605 0.7743804 0.7278903
0.2876196 0.2385325 0.6392202 0.1397116 0.9907832
0.06058716 0.1952093 0.06302095 0.9247612 0.189621
0.7467063 0.7178071 0.6610062 0.1023577 0.3776323
0.8496128 0.7630116 0.6764612 0.2657519 0.09316369
0.3441321 0.7344971 0.8720815 0.6874528 0.4100264
0.9001872 0.5177093 0.5115123 0.09629993 0.1951498
0.7070707 0.6480052 0.3520241 0.3026319 0.8454669
0.3095945 0.375736 0.1370292 0.05893858 0.9410958
0.5291755 0.9260352 0.680433 0.08783754 0.398141
0.6794895 0.09499447 0.9135396 0.1439156 0.01831718
0.4456608 0.6756705 0.4097183 0.8023519 0.8945556
0.6292686 0.5281243 0.9335706 0.4264092 0.9666984
0.5538451 0.7742687 0.6850981 0.14382 0.5534579
0.6681693 0.4062097 0.455471 0.4591915 0.9091043
0.2745658 0.4380567 0.4888283 0.6477646 0.4973214
0.3278958 0.2135678 0.0552645 0.1170463 0.3055664
0.7115371 0.1093062 0.5681529 0.5464926 0.2024204
0.5567192 0.3965279 0.01826125 0.6588787 0.7942723
0.002112333 0.4646433 0.2146417 0.7418311 0.5994161
0.6135079 0.1482562 0.3453786 0.2782072 0.6290055
0.5290461 0.3794058 0.2770344 0.4158344 0.7112854
0.8041979 0.5989692 0.2760872 0.1127828 0.5124199
0.6323748 0.3368213 0.9657963 0.3462917 0.8528591
0.1570581 0.8904333 0.1941799 0.03596881 0.4452088
0.5211987 0.9240763 0.9774373 0.7060227 0.3506036
0.5738489 0.649701 0.6174972 0.6721391 0.5561268
0.2010066 0.7579822 0.4105254 0.4651973 0.389949
0.3274792 0.923595 0.3101243 0.8469342 0.9201176
0.87379 0.3098069 0.5919372 0.2379187 0.1675906
0.3003068 0.2230804 0.2520786 0.7063838 0.6560752
0.7680375 0.03571016 0.1956923 0.2133613 0.168991
0.3225684 0.2954687 0.6865316 0.593563 0.2525945
0.4812955 0.04013774 0.317279 0.3107747 0.3990453
0.1774341 0.5878688 0.6057664 0.6079723 0.8006934
0.9427491 0.8114805 0.6661155 0.7377784 0.5166085
0.3674783 0.9898911 0.2902386 0.6997384 0.7429681
0.8181572 0.9718773 0.008114084 0.3917423 0.494368
0.6020697 0.8309315 0.294612 0.6197795 0.9276873
0.126618 0.9601465 0.9913864 0.5564267 0.06294839
0.08985982 0.6116941 0.5852724 0.2525597 0.2573769
0.9308882 0.3954954 0.8519701 0.5863784 0.7186803
0.1096228 0.8525386 0.3182688 0.3476941 0.8299707
0.1964796 0.9029231 0.8707264 0.7375541 0.1564393
0.7295974 0.1285539 0.6502989 0.3823964 0.8668574
0.6692299 0.7787033 0.81831 0.5768275 0.4745557
0.05726148 0.7966148 0.767964 0.1295168 0.8184748
0.6194927 0.7744732 0.4219106 0.2769195 0.2200173
0.5610663 0.07137675 0.8680002 0.6834848 0.4726125
0.3737004 0.3875073 0.2252044 0.7207605 0.2855408
0.4913381 0.06409671 0.09284279 0.7199852 0.888611
0.8582635 0.2749345 0.9546553 0.3377629 0.19231
0.4522063 0.5293503 0.1237081 0.2926675 0.3645572
0.6719096 0.6355349 0.4644803 0.493255 0.04718836
0.3730644 0.5890378 0.7660902 0.9676682 0.2618436
0.2915746 0.6317445 0.9787413 0.2358926 0.9496146
0.3266443 0.3188264 0.1579623 0.9150133 0.5302318
0.6821074 0.2952616 0.7808624 0.2365031 0.4025393
0.3327643 0.8514598 0.6997679 0.2819664 0.8984959
0.2816493 0.06447913 0.06347319 0.9815049 0.2923671
0.8692052 0.6084056 0.7273605 0.7646909 0.6159204
0.4083868 0.111148 0.3595842 0.9581383 0.5016959
0.9504398 0.8048774 0.9472428 0.4404887 0.5579752
0.6035625 0.9370513 0.6304705 0.7614158 0.5619282
0.3319745 0.3987402 0.8295754 0.1709351 0.6321175
0.800482 0.2419533 0.2776667 0.3388792 0.7885331
0.2890178 0.893788 0.6419038 0.7067755 0.9545516
0.1046264 0.08271104 0.5639175 0.3996739 0.9987373
0.7874121 0.9851215 0.2283343 0.1379968 0.4714131
0.1941502 0.2061675 0.1057752 0.5213742 0.8213783
0.3009206 0.05213223 0.4300526 0.8643418 0.9755507
0.3336233 0.5984388 0.124737 0.02466899 0.7613333
0.3474646 0.7081023 0.0628216 0.3237133 0.2745432
0.8373776 0.8836822 0.3721322 0.7932028 0.9680011
0.1892925 0.9289561 0.4647705 0.9192459 0.2028427
0.9193033 0.9821364 0.4319386 0.1500714 0.558845
0.2185261 0.7238934 0.8290219 0.08707184 0.2983216
0.3181628 0.5721053 0.6749855 0.9020945 0.6615831
0.1483139 0.9867473 0.1494918 0.6452912 0.2942722
0.05700507 0.1604784 0.1780627 0.5971234 0.2660549
0.2369661 0.5866856 0.8630751 0.9085746 0.4912491
0.6781235 0.3163085 0.8848232 0.4993886 0.7503407
0.1631451 0.1324112 0.007501505 0.9655416 0.05891853
0.75586 0.2136572 0.09014486 0.5857422 0.4451766
0.3063602 0.1018909 0.6751627 0.8366137 0.498052
0.1874687 0.6957108 0.6302296 0.08511652 0.03914553
0.7118235 0.8285431 0.5107258 0.6978113 0.1930762
0.2443766 0.6714856 0.1746343 0.01960713 0.8489096
0.9574975 0.1883135 0.03097902 0.5794423 0.5755404
0.06607979 0.3126447 0.8500558 0.6172144 0.7172222
0.5335152 0.4200182 0.5754443 0.5592729 0.6694133
0.3296497 0.002756774 0.1836851 0.2948614 0.40194
0.5186176 0.9264414 0.8728222 0.9711028 0.1005696
0.3921203 0.3204917 0.6674406 0.03700222 0.2244449
0.165797 0.2278236 0.6231724 0.393003 0.8725592
0.1680404 0.3446729 0.5578781 0.382275 0.2424388
0.187981 0.3993844 0.2878103 0.001051027 0.6004791
0.7796629 0.5997756 0.5238064 0.6644732 0.6884232
0.8882503 0.3932114 0.711974 0.5880388 0.3943582
0.3754139 0.9612608 0.9760159 0.1554271 0.01568578
0.9345303 0.06210255 0.4275219 0.09874846 0.6178441
0.1231557 0.08832969 0.7405797 0.6576534 0.06403281
0.6238056 0.8796707 0.06945256 0.9341544 0.473913
0.5445367 0.5330191 0.215865 0.3201642 0.855933
0.7884693 0.6601077 0.9462858 0.1762252 0.5682927
0.6249853 0.1009409 0.7837093 0.2883277 0.5104368
0.1517339 0.9556917 0.03887935 0.7550631 0.4589736
0.6606624 0.8993079 0.6699225 0.1985019 0.3170833
0.0833278 0.6968727 0.4176554 0.8869808 0.6241824
0.7315222 0.1139583 0.3588792 0.3112388 0.210487
0.5584334 0.1295015 0.6746691 0.3111989 0.2039476
0.2694611 0.7973162 0.4868645 0.2816869 0.1150089
0.493577 0.6618549 0.5195214 0.4847508 0.9025425
0.6083911 0.9906557 0.08727158 0.5273162 0.8536221
0.004944918 0.4805693 0.09311883 0.5623207 0.5940188
0.2602068 0.9611713 0.3466136 0.1686446 0.6308421
0.7489156 0.253217 0.5855674 0.6680418 0.6589946
0.9163632 0.001509855 0.1690427 0.8211572 0.3604923
0.1292612 0.2039795 0.4948979 0.1167345 0.2040756
0.7779107 0.4557282 0.3357855 0.1957965 0.2405496
0.1411582 0.1747777 0.3908271 0.8671906 0.5891206
0.9560761 0.8944199 0.5105528 0.5270638 0.5963128
0.203361 0.1932178 0.5717285 0.6733567 0.03439394
0.8895312 0.6031283 0.6831257 0.1202366 0.365165
0.3701795 0.926003 0.005876592 0.01092051 0.7297229
0.887833 0.8440574 0.5086065 0.2965311 0.6079785
0.578839 0.6037603 0.9770487 0.2393533 0.6255836
0.09101559 0.2328699 0.4002559 0.54932 0.3502777
0.8241446 0.4974994 0.05750534 0.739331 0.5162855
0.01302948 0.04656584 0.1162317 0.1415765 0.4565727
0.1962375 0.754838 0 0.4013426 0.3496114
0.6920466 0.8128971 0.310928 0.3230236 0.9785319
0.4903625 0.1716364 0.6526667 0.62247 0.8528572
0.9179452 0.0951527 0.7359791 0.8367005 0.8257573
0.3544745 0.04296489 0.712452 0.4598828 0.2573718
0.2359452 0.02723235 0.04897551 0.8707292 0.5198987
0.9444194 0.8628142 0.6257842 0.6224375 0.2409016
0.2097869 0.7367801 0.6881894 0.236411 0.5276551
0.3858645 0.8739254 0.4734048 0.9044754 0.5540431
0.8424109 0.321024 0.9555023 0.4934083 0.9061772
0.8041511 0.2328807 0.8679118 0.08504641 0.3313047
0.1888096 0.9421745 0.6985479 0.3770905 0.7463801
0.3500815 0.2722157 0.9513843 0.3310511 0.5157278
0.1128738 0.6979207 0.3204236 0.6332522 0.08464681
0.5537657 0.5004498 0.0756249 0.7423978 0.7480741
0.3844319 0.08053594 0.2861734 0.6361527 0.5053189
0.05258446 0.06689249 0.656277 0.5381306 0.1658486
0.4069245 0.0715821 0.6728385 0.5429016 0.3855453
0.6957398 0.01107277 0.4025161 0.7241976 0.7227595
0.8714057 0.4453116 0.11029 0.4562252 0.1235555
0.2376393 0.6553828 0.3948191 0.7866574 0.4817834
0.877283 0.8343251 0.8268682 0.2111072 0.1905855
0.07423278 0.3324215 0.9418191 0.782787 0.5716999
0.5675596 0.5711292 0.7969584 0.3203593 0.4089208
0.1298838 0.8777495 0.7892364 0.4753302 0.9470837
0.5865302 0.3108307 0.2484045 0.06306548 0.6926056
0.9234742 0.9895787 0.3359947 0.06100601 0.6078389
0.2914448 0.3413657 0.216975 0.9280161 0.5508179
0.7409359 0.07548253 0.2276743 0.7634949 0.6386021
0.7231084 0.6926525 0.6609473 0.7121928 0.7713522
0.5117511 0.3676665 0.6966478 0.9612232 0.0101004
0.8804271 0.8124256 0.5895863 0.3353534 0.9337656
0.7722529 0.6367483 0.199373 0.5367454 0.7156768
0.7977494 0.03900959 0.4705622 0.6947135 0.4822473
0.6875403 0.3865001 0.4743435 0.6166561 0.3857933
0.5464342 0.09976446 0.1161304 0.3303546 0.2835511
0.3471698 0.341212 0.1259485 0.9545274 0.04320475
0.6526439 0.966814 0.7968007 0.3144336 0.8872211
0.5389308 0.525377 0.6361265 0.04922021 0.7980599
0.6787124 0.8792467 0.3665211 0.4466513 0.2386568
0.5739327 0.6874934 0.09101597 0.7609568 0.861917
0.4539571 0.7597043 0.1006901 0.5695862 0.6107881
0.947664 0.7427163 0.7676527 0.1763085 0.4724397
0.4997311 0.6511447 0.9203689 0.0365415 0.3542898
0.8601485 0.2028483 0.5931196 0.9463609 0.06963376
0.08069703 0.07414036 0.5558475 0.6573419 0.657492
0.2688651 0.3387498 0.02344588 0.4017126 0.2985432
0.8825621 0.8056041 0.3035731 0.8043884 0.6183717
0.6982598 0.8888726 0.7950615 0.4608065 0.3095316
0.5765721 0.2862697 0.7876524 0.4807851 0.129239
0.7730443 0.8017189 0.215023 0.06950338 0.6321026
0.9363054 0.2466501 0.5608155 0.715529 0.7141375
0.1169762 0.4559925 0.8755125 0.296224 0.7318387
0.7557245 0.5056217 0.5920378 0.172998 0.696927
0.002518479 0.245155 0.02650938 0.3207602 0.5387466
0.580538 0.778999 0.4447324 0.5640065 0.9607939
0.7761874 0.712823 0.3988505 0.03943825 0.09934739
0.785238 0.4279814 0.8414607 0.243458 0.5681388
0.6659036 0.5786662 0.7436936 0.8764727 0.4022945
0.9999651 0.249262 0.7121396 0.1574495 0.773058
0.3847325 0.1979253 0.6641408 0.4896709 0.9270524
0.2188163 0.8830227 0.3373827 0.2814367 0.576434
0.05881829 0.5259444 0.02236705 0.2680836 0.447501
0.9591013 0.0312297 0.6305764 0.8336308 0.1186737
0.8567499 0.6911026 0.4390616 0.9125984 0.1871933
0.9295225 0.5362477 0.4001143 0.08116202 0.6876884
0.5480918 0.2984428 0.4616307 0.1289975 0.5817291
0.7148384 0.8951622 0.7503826 0.555411 0.3241909
0.60761 0.6428609 0.216302 0.6820091 0.2675909
0.3550665 0.8057415 0.5483579 0.8468519 0.4777306
0.4932653 0.3959606 0.2729821 0.2812802 0.8828768
0.5204679 0.5754576 0.3583043 0.3388079 0.8490448
0.2837222 0.6337212 0.7594074 0.3655041 0.9823911
0.1082679 0.8222944 0.6478525 0.6450955 0.8495906
0.6710097 0.7086632 0.5165772 0.06856418 0.7913635
0.9992993 0.7550846 0.5333236 0.6365674 0.2522786
0.6081708 0.5451177 0.002032118 0.1083474 0.8111739
0.1410979 0.471574 0.3741546 0.03651428 0.3136879
0.1492218 0.3339981 0.7477701 0.4604797 0.03374355
0.6624619 0.6072602 0.6329493 0.7838503 0.9799525
0.3741762 0.7854322 0.3001876 0.9939162 0.2572752
0.1797977 0.8885768 0.8664578 0.9770032 0.8507187
0.2089656 0.821316 0.3891939 0.9786846 0.446496
0.3044786 0.3762166 0.50524 0.3812359 0.8814076
0.5077041 0.7187476 0.4244649 0.4184715 0.2471752
0.5487919 0.9871761 0.05338689 0.7192489 0.3042521
0.3917139 0.5165948 0.9942295 0.4418341 0.883819
0.05222967 0.9764963 0.09857515 0.9734723 0.1931336
0.382222 0.1693491 0.6756254 0.3225091 0.9825272
0.1554314 0.2130921 0.1665712 0.04703596 0.1584672
0.9864618 0.9221268 0.5673135 0.07505975 0.1710455
0.9203601 0.6207101 0.2074831 0.7755337 0.3527395
0.6701782 0.3740641 0.8191115 0.05568012 0.03695918
0.5529256 0.9109807 0.2473266 0.04879105 0.1410817
0.4412039 0.4522214 0.6447053 0.004669108 0.3199249
0.3585224 0.2859363 0.891929 0.1375493 0.2136163
0.2584955 0.2506047 0.02864088 0.8865681 0.4498734
0.9043069 0.3915991 0.5910612 0.5026126 0.9109697
0.1203691 0.4428943 0.7897341 0.2888094 0.5723271
0.01892223 0.9948998 0.1169361 0.5258239 0.9689444
0.8917732 0.06018642 0.5239529 0.4663028 0.8141075
0.8128088 0.2551526 0.0479095 0.438198 0.6822744
0.3322614 0.8426023 0.4492374 0.6595872 0.3563436
0.7959313 0.2833549 0.7038824 0.8108238 0.5034087
0.2084572 0.7581235 0.2695399 0.3479602 0.271344
0.4258675 0.6263108 0.6705308 0.1825195 0.5239093
0.2646832 0.3298246 0.0324543 0.1367699 0.4512007
