0.6664978 0.5857242 0.9041069 0.6169466 0.4982328
0.7823024 0.4695533 0.5044428 0.06477796 0.605877
0.828821 0.5830638 0.08704559 0.3940414 0.4241632
0.8822867 0.8336564 0.09235426 0.6348806 0.8295656
0.2352009 0.2060085 0.6229802 0.3588405 0.8335438
0.2289699 0.111107 0.5582449 0.6853536 0.8945886
0.8537442 0.1733865 0.08756357 0.2368629 0.09085911
0.09535697 0.7105694 0.3190366 0.190702 0.9206425
0.5292357 0.976455 0.9724425 0.1686404 0.1157207
0.9804646 0.3210983 0.8996988 0.8168705 0.9955517
0.2635915 0.02304391 0.2408949 0.3959552 0.8259453
0.2179357 0.1880934 0.6952231 0.03654917 0.1223958
0.5840741 0.6552782 0.2422026 0.4138354 0.5932119
0.4616307 0.7766294 0.8847616 0.1646939 0.7354665
0.7652774 0.8257366 0.8742795 0.3216067 0.9432368
0.6541041 0.3019177 0.01679613 0.2811791 0.4114498
0.5452903 0.8633896 0.2756576 0.9251895 0.3318073
0.8646063 0.1474916 0.5713776 0.7719544 0.03149175
0.04454106 0.261593 0.4356206 0.4587343 0.6515797
0.02818483 1 0.9933816 0.805897 0.6113196
0.1448975 0.4089213 0.3686841 0.9849088 0.4140616
0.2512367 0.268279 0.1587274 0.8573444 0.0745552
0.3197404 0.567307 0.02741942 0.1388817 0.6425469
0.5819244 0.7984719 0.172063 0.2363558 0.5227807
0.9326014 0.0492703 0.6131523 0.2465238 0.6357031
0.0529822 0.6543035 0.8721275 0.6401671 0.1847582
0.5430801 0.6918281 0.1546398 0.4986249 0.3357079
0.2867684 0.2411601 0.2618791 0.7749553 0.9154685
0.7469369 0.5554059 0.8169164 0.6014113 0.07475257
0.1139757 0.2341684 0.8006291 0.706795 0.8379901
0.1441078 0.284722 0.1733674 0.4909372 0.1939447
0.9961722 0.05419905 0.5631176 0.6678455 0.9200042
0.05152542 0.5287679 0.07415295 0.9865337 0.9737099
0.4508187 0.1806018 0.9743167 0.5108391 0.632091
0.5791602 0.3035091 0.2791979 0.9004014 0.308863
0.390989 0.6644994 0.1546285 0.8407974 0.2068349
0.2777286 0.662797 0.1503879 0.6208169 0.5697375
0.836865 0.03349736 0.9378996 0.3969694 0.2712006
0.05316595 0.2121851 0.8155951 0.4262297 0.6976743
0.4744011 0.6103977 0.1365907 0.6420656 0.1174244
0.08389819 0.5370087 0.8144272 0.1367611 0.7831913
0.8223446 0.1166757 0.4910625 0.8365934 0.2509233
0.4501674 0.5104985 0.7488968 0.9023011 0.4273235
0.2195659 0.3032878 0.6582592 0.9368193 0.04916364
0.7089819 0.3983764 0.030008 0.9167023 0.08160298
0.6782887 0.05811607 0.9646313 0.5308839 0.653531
0.8168085 0.2988421 0.8179173 0.6924656 0.361608
0.8069028 0.5094087 0.7294721 0.528017 0.6284605
0.4042988 0.07768622 0.7057899 0.3686794 0.4774498
0.7185794 0.5178208 0.1169301 0.9211609 0.2247304
0.5256188 0.7910989 0.01751095 0.4360214 0.9157538
0.7977548 0.06824165 0.1873789 0.317974 0.2739713
0.4278938 0.7348281 0.5942497 0.9710914 0.2861884
0.8569108 0.001154704 0.9850842 0.1465592 0.8790236
0.773022 0.8262853 0.02472214 0.3793986 0.8868675
0.9661879 0.737027 0.6742703 0.2487845 0.3527144
0.848879 0.1701544 0.1720822 0.9078919 0.8037665
0.7660566 0.7492222 0.4127866 0.4639407 0.7803949
0.03912709 0.185007 0.5908932 0.1370559 0.5723679
0.7077479 0.7135807 0.6548462 0.6872591 0.7740016
0.1430466 0.1977523 0.4977926 0.2094435 0.0853373
0.7167135 0.9955471 0.8425715 0.8940473 0.9728164
0.1725461 0.4944093 0.5206574 0.4088577 0.553727
0.7848602 0.5244694 0.2677547 0.232967 0.05636999
0.3580938 0.1725419 0.2707302 0.8524717 0.02943165
0.4791821 0.4879777 0.02835153 0.4134864 0.652011
0.2783774 0.9916362 0.8237693 0.1368807 0.2345264
0.679795 0.446513 0.694559 0.3602544 0.3091532
0.4838792 0.9897069 0.8709721 0.3016483 0.9059244
0.6657473 0.7315517 0.9528992 0.4384089 0.4157144
0.5304973 0.303048 0.4515835 0.2555325 0.2618257
0.8871161 0.4522764 0.216371 0.2897576 0.8500504
0.16368 0.8033755 0.449388 0.1228658 0.2434273
0.4135121 0.9597286 0.02756103 0.1863684 0.09291208
0.682928 0.8654061 0.7158891 0.1989625 0.2073678
0.07827701 0.9553961 0.9666951 0.8836601 0.1054695
0.3974442 0.6509481 0.5406494 0.3356373 0.5846606
0.7220583 0.5783734 0.7516065 0.7022849 0.5369576
0.1279187 0.005512291 0.9804736 0.9121656 0.3755558
0.1626716 0.2584797 0.7919311 0.9135634 0.4603033
0.8150196 0.8912064 0.6288558 0.1316124 0.1005564
0.3317943 0.1308892 0.698793 0.7069898 0.738634
0.8885554 0.8111923 0.3183348 0.6591939 0.1553549
0.3317234 0.645933 0.0679925 0.009954302 0.6778898
0.785224 0.1846387 0.2897881 0.3982709 0.3375076
0.5695372 0.4732151 0.9096216 0.3288683 0.2747197
0.3958907 0.09011509 0.5494387 0.9576712 0.834491
0.7618426 0.0448451 0.008907114 0.3324536 0.2894308
0.6772843 0.2725359 0.1909112 0.7410248 0.9534064
0.2051889 0.1171616 0.4082819 0.2472393 0.4354563
0.01116701 0.1118563 0.5380405 0.2319164 0.9408765
0.01841828 0.4994238 0.7062352 0.5235456 0.2419152
0.7745283 0.6547257 0.8012683 0.633263 0.3220633
0.05232434 0.6773451 0.944703 0.4479635 0.3418633
0.4027498 0.07243784 0.2171601 0.9983911 0.9707415
0.9460858 0.2002905 0.4003503 0.3522794 0.3439231
0.8678495 0.2092034 0.6365002 0.183753 0.9377339
0.8446522 0.1829012 0.06435652 0.8653309 0.9547029
0.2907625 0.8846012 0.4515027 0.1411514 0.99249
0.314285 0.5573579 0.4639059 0.5856419 0.6017815
0.8741852 0.9415207 0.4956534 0.3069349 0.2882728
0.1516535 0.1770574 0.7502853 0.2551386 0.5152527
0.03954868 0.9558798 0.971232 0.7716029 0.6431482
0.5674774 0.3260352 0.1443295 0.8785899 0.1675089
0.6947256 0.5352193 0.8634798 0.7822871 0.1309328
0.438862 0.6511718 0.07442749 0.512208 0.4261919
0.4197614 0.4831559 0.1932772 0.8209429 0.8015435
0.09754554 0.8256434 0.2104535 0.7279884 0.8404774
0.8776789 0.2904923 0.8270741 0.8271935 0.4692457
0.2133916 0.6986256 0.06310897 0.06413605 0.01105591
0.3289245 0.95574 0.7554724 0.3024839 0.5311576
0.3529407 0.9352503 0.7215102 0.1620739 0.3278557
0.8768514 0.1298324 0.9569996 0.7370409 0.4794198
0.2214842 0.037174 0.5183831 0.6271463 0.2669627
0.910425 0.7378172 0.4589199 0.7460498 0.7362711
0.591906 0.9165504 0.04861851 0.6565829 0.1617364
0.6386481 0.4286634 0.3171639 0.2882766 0.9339978
0.244525 0.8220377 0.2834143 0.04716388 0.9691772
0.2832975 0.4439344 0.5164032 0.7370198 0.8893877
0.4571389 0.8818255 0.9543016 0.4689953 0.9120328
0.3484581 0.6609207 0.8910219 0.5701768 0.7813212
0.2478819 0.4645715 0.1403987 0.8119037 0.7763473
0.151952 0.9459086 0.5994793 0.9132378 0.4464429
0.8235889 0.5011859 0.1493217 0.006322254 0.4491913
0.576596 0.9482469 0.6450437 0.244107 0.2070108
0.6467077 0.4365841 0.4321213 0.8996729 0.4518512
0.5628324 0.8085947 0.9957026 0.3074807 0.4232669
0.9948367 0.00933105 0.3546898 0.7650722 0.1567665
0.08738495 0.6702384 0.1741979 0.6015536 0.6770643
0.6887939 0.7560125 0.5889109 0.1723404 0.4883016
0.7486127 0.925533 0.06764271 0.6817019 0.7278703
0.379447 0.533833 0.208598 0.7863886 0.5077253
0.912595 0.9820064 0.9586413 0.9697714 0.4032918
0.0553817 0.7153461 0.5297729 0.1828572 0.5293902
0.3503609 0.05930744 0.009600756 0.008721968 0.2605057
0.647789 0.7267032 0.720103 0.4219019 0.4014321
0.9272595 0.1678611 0.5030517 0.3254375 0.5796697
0.8169942 0.909589 0.5741933 0.06997859 0.5669568
0.9650102 0.3519199 0.1820598 0.6011482 0.7515661
0.5602778 0.1390644 0.6638321 0.3164095 0.4159723
0.2408301 0.9919653 0.4479632 0.3773598 0.2834828
0.6115069 0.1753548 0.2874409 0.8079128 0.1692404
0.07475915 0.03110864 0.7911479 0.3296125 0.9012901
0.9753877 0.8199653 0.07471738 0.8295225 0.6936376
0.6113279 0.07193688 0.4072526 0.4475469 0.02519465
0.5427559 0.607596 0.324051 0.3568758 0.09038385
0.435408 0.539644 0.1053695 0.04533826 0.2393204
0.0005177559 0.1866764 0.6188006 0.1819397 0.6356648
0.9089435 0.9554013 0.4782497 0.3107202 0.6940484
0.3646355 0.2868556 0.424855 0.7435449 0.643706
0.8739882 0.9925191 0.5825037 0.1968029 0.9492373
0.3878562 0.5498436 0.8352125 0.08816328 0.04396904
0.6963037 0.5974457 0.1474751 0.8801007 0.8441954
0.1457862 0.1485454 0.4719331 0.5830336 0.5773376
0.3550936 0.1623 0.8617382 0.6466884 0.5444909
0.9256246 0.8866619 0.5647198 0.8389161 0.01087244
0.8411916 0.05718058 0.2362545 0.1637634 0.8969254
0.4951771 0.3530183 0.2922826 0.2261022 0.08319307
0.8909587 0.3042906 0.1481207 0.6161329 0.6419879
0.3315189 0.03626879 0.299176 0.9694699 0.4419666
0.7989796 0.3748027 0.2829073 0.08952479 0.457838
0.551627 0.03002098 0.3496627 0.6780369 0.8785066
0.1327855 0.2121015 0.7618596 0.4945882 0.6052966
0.6389072 0.2696097 0.1818607 0.8878357 0.02332014
0.6669909 0.9629217 0.4786085 0.3909323 0.2086142
0.3234254 0.2496896 0.4816149 0.1684212 0.05998353
0.7464759 0.1611838 0.9482669 0.4282311 0.3790258
0.8060952 0.1337257 0.5109078 0.5394675 0.8666583
0.6299236 0.9288027 0.6242195 0.490624 0.5419289
0.6257343 0.1642927 0.09481118 0.52874 0.1351489
0.3443871 0.4016547 0.8803147 0.4838058 0.6492047
0.3438381 0.60128 0.6960227 0.7333538 0.5295015
0.8861695 0.5766531 0.7195325 0.9765867 0.3772804
0.2642153 0.9016026 0.1729619 0.9610672 0.7733015
0.9211446 0.8461214 0.01415041 0.305309 0.5894193
0.7405809 0.2203048 0.3637982 0.2598482 0.06412227
0.8887405 0.3734734 0.5208027 0.4035083 0.6493003
0.6693302 0.650137 0.6228572 0.4325469 0.9703196
0.02293696 0.8504576 0.02014499 0.740755 0.8250403
0.5387359 0.06228551 0.7558718 0.1888027 0.7152189
0.3131043 0.1710145 0.6224367 0.9740042 0.163954
0.3302231 0.4484318 0.7474597 0.399958 0.9498722
0.9901706 0.5302466 0.7637363 0.7006141 0.9911796
0.7673164 0.9037307 0.5398217 0.4035835 0.9432356
0.5297509 0.5163738 0.8026965 0.1145922 0.4364457
0.8836735 0.5533756 0.1544463 0.8142017 0.3225113
0.4384232 0.3395228 0.9692966 0.1136173 0.5122414
0.4104503 0.6284109 0.403225 0.5160104 0.4005781
0.8573803 0.0436127 0.9495658 0.9260839 0.2153406
0.922622 0.9844189 0.2511027 0.8071213 0.1819227
0.5641946 0.1819178 0.4064418 0.1228054 0.7115671
0.06880929 0.5914273 0.8464977 0.90764 0.2106744
0.4826071 0.522974 0.3962926 0.6535173 0.03641151
0.8947603 0.6165209 0.7304448 0.09531458 0.04673266
0.006006228 0.9052755 0.4797911 0.7831618 0.29141
0.6255807 0.6259341 0.9160503 0.4900874 0.5489851
0.4880539 0.4597022 0.7776873 0.6912029 0.6176061
0.7541211 0.5318982 0.4785067 0.8288657 0.6341265
0.4337944 0.3600745 0.8628516 0.6379945 0.3481098
0.5122109 0.4336095 0.7973788 0.8753668 0.7911703
0.01504537 0.1916688 0.1597016 0.4342415 0.267839
0.5408976 0.7252239 0.7909863 0.3768177 0.5496049
0.4309294 0.7165282 0.4562973 0.6002717 0.4701051
0.5129675 0.4862442 0.2668231 0.8221701 0.1257253
0.8841184 0.1610568 0.6439546 0.4423533 0.9566881
0.9689634 0.3817965 0.05503895 0.0795123 0.9187476
0.2664421 0.2364856 0.02038042 0.03186118 0.1937622
0.05466925 0.4660496 0.03659114 0.8277144 0.559138
0.8541811 0.7529906 0.2986768 0.136909 0.9728357
0.2029829 0.3425101 0.7820421 0.7567707 0.5141478
0.05032249 0.9653198 0.3122778 0.0009404837 0.4015488
0.462578 0.1580095 0.8378407 0.08919273 0.3596775
0.6464465 0.2549489 0.809065 0.009790417 0.4670959
0.3227603 0.1601668 0.4688142 0.157147 0.7802616
0.9559141 0.8374777 0.2084437 0.6026479 0.5548689
0.8203143 0.3950136 0.0175078 0.8282772 0.4666484
0.8989898 0.1439109 0.02354557 0.9519568 0.9215835
0.5549664 0.5484791 0.1118016 0.09348946 0.2002932
0.9503494 0.1914963 0.6391934 0.7488523 0.5815005
0.416116 0.994376 0.07291392 0.5768081 0.5210911
0.05251997 0.6934773 0.6593784 0.665624 0.3606107
0.6164386 0.696094 0.171655 0.07859802 0.4976787
0.5744191 0.09861024 0 0.3535754 0.4901149
0.08021516 0.8224733 0.377885 0.3805429 0.4800164
0.8068128 0.5327531 0.6260295 0.05779806 0.694682
0.2278095 0.3557845 0.2363262 0.1071292 0.8728659
0.3923122 0.1630639 0.7236763 0.4327336 0.06603604
0.3121543 0.4140143 0.7014497 0.1347881 0.4207897
0.276969 0.3215914 0.4069853 0.2755891 0.4451614
0.167934 0.8176705 0.3071417 0.2856992 0.1935556
0.576872 0.9872098 0.6843104 0.1782072 0.1183567
0.8126835 0.1906155 0.01788663 0.7282571 0.03496171
0.9722083 0.8336668 0.5398664 0.2432694 0.08949509
0.7723049 0.3968743 0.2516832 0.3116924 0.2308483
0.3662012 0.7981481 0.8999609 0.5480448 0.5613001
0.9184596 0.4530374 0.8099166 0.06345101 0.9322524
0.334319 0.6627386 0.8115144 0.2450857 0.1892496
0.6607735 0.7548818 0.7342974 0.3253752 0.2904093
0.1923101 0.8511478 0.7070363 0.7416663 0.5651994
0.9659501 0.7870395 0.4150163 0.2931952 0.6486833
0.4471946 0.1218836 0.9314862 0.3697881 0.5456766
0.09133204 0.874862 0.01730919 0.3476368 0.776814
0.6764014 0.1808374 0.9432245 0.4123625 0.7774767
0.3866098 0.6743755 0.9960471 0.4805128 0.1292593
0.7727601 0.6766371 0.9939702 0.5369924 0.4187442
0.8898828 0.03787033 0.2064865 0.756383 0.9970398
0.07323298 0.245003 0.258172 0.1397235 0.9631413
0.8158476 0.3597129 0.9654184 0.8574702 0.07590673
0.2615581 0.1174672 0.7148091 0.3567708 0.9343189
0.2065287 0.674692 0.06661425 0.6421678 0.7481423
