0.09957392 0.1105606 0.6310214 0.5031794 0.5062692
0.2408945 0.599044 0.4978194 0.1672503 0.1297928
0.2019912 0.06535552 0.5897028 0.7693319 0.8309547
0.6841398 0.8323864 0.6973591 0.2466493 0.602564
0.1789417 0.3717119 0.5806381 0.8123206 0.3110833
0.1500937 0.6557904 0.1348762 0.8453187 0.8591351
0.6374919 0.3385791 0.2487493 0.1745214 0.7535234
0.1540784 0.9161316 0.8570693 0.5573299 0.4466022
0.2923061 0.9929995 0.6423009 0.9092407 0.1874013
0.9164194 0.6182357 0.5308275 0.9016583 0.3778161
0.3900642 0.8284333 0.6831607 0.6234415 0.8300108
0.2717607 0.0707635 0.2987455 0.4190587 0.9240049
0.1910661 0.7052204 0.2802686 0.3110424 0.4336669
0.9872272 0.6158339 0.5166995 0.6263554 0.08192984
0.9032077 0.3248846 0.2210272 0.05375162 0.4300102
0.4709854 0.09132637 0.08713354 0.284801 0.7481633
0.3788268 0.8254442 0.7915812 0.482298 0.4743611
0.01987194 0.8412863 0.2584919 0.5208091 0.5771077
0.8055153 0.4299469 0.08448837 0.3295682 0.9873489
0.842539 0.4891843 0.3913168 0.2569186 0.09530226
0.769442 0.4578757 0.295683 0.1827012 0.282554
0.05716936 0.6080929 0.01356959 0.9676487 0.8847729
0.9900022 0.5762027 0.2787834 0.08260384 0.5443238
0.3252006 0.5235888 0.641681 0.6263917 0.9873701
0.4171703 0.2022509 0.2400647 0.8770479 0.7157827
0.789475 0.8419781 0.5695946 0.1856132 0.5629281
0.4226735 0.3179294 0.06796442 0.3930584 0.7628681
0.6549318 0.2161264 0.2610901 0.8050965 0.6684565
0.6166251 0.8583199 0.7373531 0.7430452 0.697614
0.2370838 0.8176081 0.2235451 0.2591436 0.5388779
0.6466623 0.2535818 0.8163901 0.4139063 0.3313593
0.8433286 0.4663269 0.9460626 0.6553468 0.285723
0.5229411 0.7347501 0.8105321 0.1364373 0.7969539
0.001065132 0.6978823 0.3591972 0.4493042 0.3311737
0.7735263 0.4552892 0.2718445 0.2780677 0.3108215
0.4699504 0.05709832 0.1823855 0.3966175 0.4297399
0.7717967 0.9851132 0.3617875 0.9313025 0.4800937
0.967203 0.07711044 0.993461 0.232078 0.9621812
0.485951 0.4336519 0.3423637 0.650924 0.4065038
0.4899768 0.4595603 0.7331353 0.6249721 0.2518776
0.2700255 0.8634772 0.5580915 0.8052238 0.719826
0.9952977 0.4472693 0.9364089 0.22068 0.7705437
0.424778 0.9042915 0.9932718 0.5783185 0.2042373
0.4137044 0.6784208 0.6600919 0.07794918 0.4181677
0.5238877 0.7716975 0.1696336 0.4630261 0.6873573
0.8284093 0.2299043 0.4726949 0.9916351 0.639081
0.7362473 0.9536386 0.3494379 0.1634178 0.01093225
0.3997923 0.2231424 0.75987 0.1710348 0.2808396
0.5274514 0.7905821 0.7678558 0.7446122 0.5661222
0.4534154 0.7226546 0.0759196 0.2232304 0.4783794
0.9055616 0.3882415 0.3925997 0.7501898 0.8824839
0.987591 0.6889953 0.7296109 0.2342627 0.01498471
0.1425905 0.3013835 0.3039918 0.6357745 0.7573305
0.9699792 0.7209256 0.6507405 0.1661108 0.1553985
0.5110435 0.08464312 0.1589262 0.377576 0.009287839
0.001931174 0.4450608 0.3793443 0.9486513 0.3413629
0.7188974 0.8636486 0.0220346 0.9828603 0.8796165
0.06739494 0.585373 0.8314011 0.2829044 0.02782298
0.2298374 0.2417692 0.1906956 0.1731544 0.7482079
0.9542779 0.6767757 0.7495228 0.1113483 0.3141421
0.8086101 0.5005748 0.4996852 0.03465913 0.291179
0.6063264 0.525713 0.3956755 0.7527611 0.9489349
0.465597 0.6086342 0.4198643 0.3770467 0.17386
0.4422212 0.1749237 0.730299 0.613068 0.1424838
0.01055336 0.4132458 0.01476802 0.3370819 0.04316073
0.7408622 0.8528396 0.5216769 0.3751366 0.2729649
0.8553279 0.6677968 0.02514192 0.2815435 0.07105654
0.1334159 0.9678252 0.2115388 0.1925097 0.3418959
0.7248334 0.2475818 0.1471963 0.4675035 0.8556101
0.4551602 0.2337956 0.9752939 0.06776264 0.0146917
0.7047454 0.899071 0.05470544 0.4657254 0.4642295
0.3678894 0.03332041 0.9851349 0.7304843 0.5790984
0.08710216 0.002787927 0.4792919 0.01878627 0.01110635
0.769627 0.004707547 0.1513109 0.7878585 0.7013954
0.4692311 0.4350658 0.6093808 0.1384786 0.5920174
0.3639421 0.3589574 0.5988846 0.8649129 0.1417358
0.1486012 0.4931917 0.5166622 0.06704363 0.3524471
0.6242591 0.08248233 0.5852586 0.4855844 0.8360888
0.2091406 0.3403056 0.3319904 0.55528 0.5660959
0.6400722 0.04270437 0.2243996 0.2573405 0.4123026
0.7448985 0.6695462 0.7026018 0.512819 0.02647537
0.8638192 0.137457 0.6558981 0.02653088 0.3934429
0.2486776 0.9175104 0.4735716 0 0.8731022
0.5183447 0.829156 0.7567364 0.675759 0.8400867
0.7207524 0.559869 0.1643339 0.513358 0.8909801
0.2988268 0.3440061 0.6597853 0.4064482 0.4102701
0.5917002 0.438976 0.701939 0.2999201 0.7801883
0.1309139 0.04436797 0.7769209 0.947079 0.5091283
0.4450981 0.5488911 0.165921 0.4639506 0.8148762
0.651523 0.5134383 0.2698796 0.2515047 0.6993223
0.4359445 0.1297645 0.2410212 0.7520142 0.9921816
0.1567644 0.6824036 0.7924864 0.2386514 0.5073846
0.5776326 0.578373 0.4999169 0.4416867 0.1764245
0.1022232 0.5348779 0.4367846 0.4464782 0.9374857
0.5330845 0.7116542 0.03212508 0.8683967 0.8423391
0.8209445 0.4578218 0.5998917 0.1905916 0.4440717
0.5245916 0.3434293 0.2594328 0.8314808 0.4708939
0.4632163 0.505515 0.3286985 0.7497228 0.7966334
0.5442783 0.06034645 0.6693805 0.8011751 0.6327465
0.8179068 0.08332715 0.6576947 0.8536226 0.4856733
0.06542615 0.3944633 0.2845684 0.2068931 0.07238586
0.2259342 0.4812964 0.02798747 0.111157 0.05435507
0.4657163 0.2978459 0.2277266 0.5956523 0.8580767
0.6216645 0.04781919 0.3832072 0.4421209 0.2276289
0.06419045 0.8194087 0.4852061 0.6575333 0.4227391
0.3891615 0.9474736 0.3582511 0.7563594 0.8954173
0.930096 0.8240542 0.04027411 0.7860502 0.2156531
0.6438372 0.5194603 0.9311203 0.667107 0.9812563
0.363294 0.6811255 0.7104964 0.172564 0.2024822
0.9046242 0.4770754 0.7163544 0.1139325 0.6471317
0.2029797 0.1193788 0.1355822 0.2540354 0.4984473
0.1017584 0.5531235 0.4779992 0.4397056 0.972204
0.5666479 0.4862632 0.8862135 0.4335081 0.5482558
0.2365949 0.0003188579 0.4522085 0.656773 0.4401082
0.8098906 0.06215511 0.8541103 0.1181123 0.6627546
0.08917762 0.8191877 0.01948408 0.9930123 0.5930021
0.05071921 0.1635622 0.7722314 0.655152 0.619742
0.9719599 0.4751985 0.1950195 0.3746974 0.7988545
0.4209522 0.1565395 0.001773843 0.9736921 0.5404014
0.4594795 0.3053142 0.3090393 0.4118454 0.6997139
0.542191 0.9716154 0.488127 0.9462142 0.08268472
0.9651814 0.5611287 0.7498626 0.9251466 0.4610196
0.1083307 0.7017821 0.17239 0.1176271 0.9304355
0.277363 0.8038629 0.01720308 0.01713539 0.8539362
0.1625282 0.0975223 0.5181507 0.8931561 0.4663779
0.0830599 0.6070033 0.5440727 0.9220084 0.1166994
0.2183945 0.1629224 0.7127656 0.4864211 0.3179697
0.4438465 0.1903288 0.3719899 0.6594356 0.860841
0.6257944 0.2260503 0.02023035 0.6756837 0.5573085
0.5665464 0.06571344 0.4048867 0.5275217 0.5330068
0.9632105 0.5333226 0.6692426 0.3041055 0.8128992
0.1513455 0.7604325 0.28572 0.4614925 0.2664812
0.9732658 0.7132769 0.7511536 0.6172989 0.5398115
0.4686938 0.7336134 0.2952307 0.8592213 0.823795
0.507533 0.07376541 0.479479 0.2212399 0.8671734
0.1314104 0.6702769 0.1711422 0.0923001 0.9788717
0.8594818 0.08211106 0.7457629 0.8755531 0.8019412
0.5871153 0.2435296 0.4070227 0.821783 0.2596749
0.1494316 0.706133 0.2779474 0.3230069 0.8002499
0.2947508 0.1769814 0.02834082 0.6935906 0.4039408
0.9813667 0.1842641 0.5077134 0.189338 0.08065364
0.7143728 0.1068023 0.2246925 0.5849006 0.3617391
0.07945511 0.7904612 0.6164848 0.5531599 0.263869
0.8483254 0.3167904 0.7215481 0.4509735 0.03336253
0.501127 0.1580512 0.8674711 0.4590127 0.04825227
0.9221521 0.5355446 0.4830963 0.7017235 0.8221012
0.02616392 0.8040504 0.4851941 0.4808159 0.2755892
0.5264667 0.02773949 0.9866501 0.9296888 0.9039519
0.4846741 0.1022512 0.4591411 0.5110549 0.7003576
0.9429163 0.3422838 0.9741076 0.4082327 0.141435
0.8813004 0.7645552 0.3186049 0.5461409 0.7892113
0.7202711 0.6501098 0.05049607 0.169741 0.8819037
0.4535018 0.08203337 0.0891077 0.7853175 0.7903771
0.8168707 0.8314927 0.3208021 0.4247737 0.5246694
0.3880929 0.9736965 0.3905642 0.02816809 0.8046911
0.9018372 0.6132856 0.8997763 0.975568 0.3794764
0.9633127 0.9752626 0.6966488 0.7725704 0.9007242
0.6012088 0.2898747 0.9639036 0.2592089 0.7429353
0.8048684 0.3502756 0.1911323 0.3570388 0.4016854
0.4321565 0.5809949 0.720018 0.8017739 0.296747
0.4787913 0.5295873 0.2098115 0.1790354 0.4428623
0.3565895 0.07075473 0.5047023 0.5357718 0.8134322
0.2830824 0.1527432 0.7488243 0.3042879 0.7955447
0.8754219 0.6366633 0.9241804 0.7773167 0.1485101
0.9395342 0.9908026 0.3395944 0.9227934 0.8573059
0.00140043 0.2782803 0.9208604 0.5609774 0.9589921
0.9986075 0.3945957 0.4718587 0.5760799 0.9287747
0.4546986 0.6909841 0.4727458 0.05397921 0.07072003
0.05743326 0.7066878 0.834835 0.2226382 0.0735601
0.2224375 0.7017185 0.1937909 0.844908 0.08429531
0.8521515 0.9944257 0.7216307 0.520343 0.003053429
0.5456535 0.06843672 0.7971333 0.8663187 0.9836954
0.6844615 0.332903 0.4080679 0.05332689 0.2006052
0.247598 0.1599027 0.2321192 0.03698768 0.09078074
0.7457025 0.1191731 0.3461377 0.3015533 0.6596444
0.407433 0.1624061 0.9895017 0.9884058 0.5648576
0.9959411 0.941628 0.2928101 0.1355212 0.3301669
0.04813935 0.3199633 0.8241418 0.4500827 0.3342359
0.6459055 0.9606717 0.4658763 0.6533347 0.3225394
0.673364 0.3877013 0.1902636 0.2613833 0.5668542
0.1429017 0.17061 0.7495607 0.9897051 0.03113967
0.9458422 0.9527811 0.5648332 0.9301563 0.893279
0.009940169 0.1262182 0.5699579 0.9214408 0.5536327
0.6882767 0.9604928 0.8735849 0.06611393 0.849653
0.2394998 0.586144 0.2523649 0.9841916 0.7782665
0.8873304 0.5998529 0.8610707 0.9769894 0.9215863
0.2278169 0.3727392 0.4002479 0.2043479 0.2749631
0.7721493 0.8365665 0.395248 0.8328289 0.126933
0.4379427 0.8630643 0.7997258 0.381314 0.1975766
0.3377762 0.6670028 0.8353403 0.4502119 0.1097344
0.3257073 0.6459174 0.8342788 0.8195443 0.5251909
0.7782316 0.9364579 0.8515123 0.555869 0.5941308
0.9707032 0.805474 0.5942994 0.7667792 0.3761634
0.7528772 0.4756697 0.4649436 0.2273533 0.5023136
0.6299171 0.5941867 0.3341539 0.1773107 0.5828966
0.6880578 0.1399721 0.6720017 0.1798404 0.9254408
0.9882786 0.5106679 0.6205046 0.556504 0.9397059
0.4738453 0.7665377 0.9743496 0.3255934 0.04387037
0.4382322 0.07845173 0.1407897 0.5026548 0.8809401
0.8306681 0.7625534 0.01548741 0.02263707 0.4738528
0.01974746 0.5431581 0.7859856 0.7585844 0.3828066
0.2033243 0.7951894 0.6699659 0.04008081 0.2007193
0.1570908 0.7366698 0.5702425 0.4513473 0.3879525
0.5057992 0.9232266 0.8640539 0.2875009 0.2794819
0.7541705 0.7373444 0.3723394 0.01270055 0.5006603
0.5612795 0.912933 0.9109761 0.05521342 0.5890726
1 0.1579923 0.8182156 0.1594355 0.9186924
0.1527743 0.3383227 0.1721748 0.7023837 0.1357554
0.6671231 0.2245848 0.3198565 0.03391429 0.127945
0.3568926 0.1204648 0.115816 0.9047504 0.6316782
0.4573484 0.8958766 0.7099395 0.6722451 0.3320658
0.4692032 0.7211543 0.7251475 0.489108 0.8492636
0.2745298 0.4871034 0.9786628 0.396131 0.9958782
0.82534 0.1272122 0.235853 0.4000152 0.6220228
0.7474192 0.2658257 0.7509552 0.4332241 0.911288
0.5282143 0.3571541 0.9581346 0.8147519 0.255554
0.7144759 0.2463155 0.4859115 0.8913562 0.5595333
0.4179952 0.2813616 0.4696211 0.08347289 0.3079523
0.8643665 0.2492513 0.9625943 0.3886783 0.9252885
0.4931429 0.4564239 0.9722229 0.5216605 0.7426954
0.08079345 0.1308137 0.3507402 0.3957357 0.06129536
0.0473877 0.6567714 0.6138975 0.7956025 0.7108056
0.8207401 0.3287749 0.7102806 0.5610659 0.9860136
0.6673789 0.9639958 0.8665924 0.09663791 0.2840844
0.8735032 0.2508775 0.5485308 0.1698823 0.2754222
0.2648245 0.148584 0.9219378 0.8641733 0.8116578
0.5988076 0.986407 0.6772363 0.3930989 0.469826
0.4763742 0.2694981 0.6527361 0.2348485 0.3088101
0.5356256 0.05287385 0.4425468 0.2685412 0.4368039
0.791092 0.5992167 0.1085244 0.4054436 0.4804506
0.8447192 0.2120243 0.2233105 0.389077 0.8099849
0.1918659 0.4499854 0.7399134 0.357763 0.8443652
0.1165015 0.6379047 0.1806569 0.04304417 0.4399471
0.7610312 0.9694293 0.497486 0.0216742 0.2773253
0.4989657 0.274231 0.4746699 0.3912787 0.9777753
0.6905782 0.3256412 0.7195393 0.3088448 0.9073318
0.172526 0.3930178 0.7871244 0.490259 0.7996259
0.8476914 0.09601076 0.02593418 0.1580553 0.1571974
0.6783779 0.8110289 0.8479857 0.9435452 0.2440349
0.5294491 0.6513877 0.6478169 0.3094245 0.2851977
0.6784936 0.09763015 0.987871 0.7632477 0.403554
0.3835735 0.08718219 0.4829151 0.5196217 0.287627
0.8473988 0.8528745 0.1031932 0.1364385 0.1580251
0.6286097 0.4302057 0.5546231 0.676861 0.9148212
0.2318936 0.6905595 0.1082153 0.4899343 0.2186454
0.4795015 0.2797146 0.2957532 0.9231403 0.3859211
0.6336084 0.2721347 0.1863346 0.1608899 0.4375815
0.2138842 0.6532465 0.7428641 0.1711711 0.3261077
0.4785339 0.714392 0.526565 0.398993 0.3397948
0.7195689 0.05007801 0.8739586 0.5714561 0.2388066
