0.7871763 0.6613363 0.05308549 0.05059523 0.9167617
0.4730721 0.6740601 0.1608255 0.7110777 0.7958917
0.9356853 0.6518805 0.8448515 0.6636107 0.9741782
0.1955089 0.02792554 0.5623142 0.6490058 0.8078653
0.1319545 0.5245955 0.119112 0.7875589 0.9448258
0.9936914 0.5322502 0.9758105 0.4979584 0.4347289
0.5986997 0.2483814 0.5151948 0.5042003 0.244425
0.3764382 0.2877712 0.11629 0.8303591 0.5933405
0.1655122 0.6229626 0.9408547 0.006992572 0.05290387
0.03806465 0.4245096 0.774811 0.2813684 0.3634604
0.7906306 0.7805261 0.8639502 0.6787493 0.3194637
0.4756588 0.1338701 0.9787273 0.8958913 0.0352997
0.4208817 0.9099411 0.8498568 0.6598516 0.1553684
0.3722059 0.844053 0.08728018 0.6769679 0.5358593
0.7120015 0.7403509 0.2951195 0.925009 0.4568627
0.2359559 0.3838733 0.8437923 0.2394543 0.8516277
0.8935475 0.3702342 0.7192527 0.227494 0.7180335
0.271694 0.8322931 0.8751824 0.255763 0.4358531
0.4601871 0.3716411 0.07116258 0.2351749 0.7024931
0.7786024 0.5809863 0.3099787 0.3482625 0.7771615
0.9776344 0.4880138 0.7088515 0.9203066 0.03369379
0.7649948 0.009007776 0.7852838 0.9878881 0.008962084
0.1465605 0.195186 0.4203313 0.8972854 0.578248
0.7449674 0.6822057 0.6172833 0.06176381 0.5663013
0.4668452 0.04893737 0.02238931 0.5361735 0.495127
0.2668731 0.5372106 0.144645 0.270886 0.2978868
0.07685254 0.2055913 0.03468996 0.5294798 0.8399156
0.7105414 0.3044961 0.5843667 0.1590893 0.1366444
0.4440509 0.2250175 0.01166184 0.4124213 0.5190177
0.4149149 0.04854894 0.9431522 0.4649281 0.7450172
0.1419038 0.4205475 0.8649488 0.410097 0.4219512
0.2354397 0.9612011 0.535375 0.2753441 0.4570281
0.08765914 0.9339515 0.2140429 0.1989459 0.3467743
0.7010593 0.7287477 0.8920535 0.3879512 0.4664376
0.4660995 0.6202427 0.3234524 0.3590352 0.3823278
0.1915574 0.004112407 0.41427 0.7545575 0.7024115
0.7688994 0.7612999 0.5462922 0.07864459 0.3387672
0.1387947 0.7970537 0.7024934 0.3801087 0.4322267
0.291128 0.151903 0.5071921 0.7030063 0.6005112
0.5334011 0.4270164 0.666351 0.6788293 0.9289936
0.08347904 0.3592608 0.2077768 0.1859783 0.6296085
0.6202001 0.1599443 0.3929071 0.04578638 0.0965353
0.9639523 0.5487103 0.6243109 0.2676671 0.1985525
0.9857941 0.4922634 0.4315241 0.5413367 0.1952913
0.799935 0.01914126 0.1149424 0.1954376 0.400256
0.4125814 0.4250656 0.34788 0.02860082 0.4984433
0.7141812 0.01720513 0.272343 0.6231193 0.6820867
0.9460269 0.9566787 0.8956513 0.6877726 0.2255338
0.2900779 0.7308881 0.4313133 0.2939828 0.6434835
0.02394176 0.839726 0.6798402 0.2034682 0.104026
0.3354512 0.2455873 0.03363023 0.7655626 0.6398374
0.07048877 0.1980367 0.2660994 0.1680766 0.844596
0.8625809 0.04229514 0.8734227 0.1011705 0.5856983
0.6259477 0.7572727 0.7695956 0.7507883 0.9607953
0.8123445 0.04186098 0.1528834 0.7278316 0.4705986
0.5643333 0.2616183 0.9772725 0.5934183 0.6678922
0.4314668 0.8276586 0.6030338 0.3287664 0.5828644
0.1211111 0.3813646 0.5186708 0.8427722 0.827441
0.1606453 0.9417227 0.7025428 0.8718243 0.9765132
0.9395833 0.2444094 0.4414753 0.007305716 0.4351188
0.07308717 0.9809937 0.5373867 0.3904072 0.6257245
0.5373989 0.03929091 0.4038069 0.1530777 0.2609175
0.386217 0.4015434 0.8035895 0.1154816 0.2894386
0.6100362 0.01530408 0.011383 0.8787744 0.1262129
0.6060761 0.2610188 0.535801 0.5882573 0.1694325
0.1154147 0.2467761 0.7826152 0.3940132 0.03514557
0.8411923 0.7346785 0.9897015 0.3934685 0.4710457
0.05053215 0.1742421 0.1069315 0.7524383 0.4879039
0.3453988 0.8413367 0.6470783 0.2976271 0.7180508
0.340679 0.2778185 0.5372544 0.8170742 0.620002
0.8768919 0.1494197 0.5747669 0.391531 0.604102
0.5312529 0.3997298 0.3282191 0.8480003 0.4696955
0.3110579 0.8570353 0.3999013 0.3642139 0.5985931
0.8582822 0.04375276 0.3674691 0.6277131 0.7533879
0.118519 0.3525633 0.6218906 0.7586774 0.7313113
0.1391153 0.4928041 0.779675 0.007398153 0.8811407
0.6537236 0.7369221 0.5377616 0.3757157 0.002922023
0.3969678 0.7541364 0.5555263 0.441902 0.2084012
0.7405841 0.5792107 0.4936803 0.8281207 0.8366336
0.8288905 0.7812793 0.8253336 0.04048188 0.9409739
0.8465684 0.4671853 0.2456304 0.627658 0.2221886
0.6111065 0.1159493 0.0248729 0.101622 0.9628174
0.629285 0.505734 0.9067336 0.7066552 0.1304262
0.7539642 0.8364756 0.737347 0.242816 0.4026804
0.04708628 0.6414603 0.2321945 0.4874011 0.2395612
0.2991769 0.6451023 0.7999087 0.3239785 0.9073916
0.2935165 0.9853479 0.8249127 0.2284517 0.5232611
0.3618811 0.8790599 0.9625451 0.3322241 0.8269061
0.7594068 0.8962541 0.8517542 0.4802964 0.1402783
0.7012044 0.351024 0.5373819 0.8875864 0.1477666
0.2535591 0.2106007 0.8737284 0.3719156 0.5327272
0.943332 0.2856354 0.1197914 0.4125139 0.09562224
0.02386546 0.25795 0.3159452 0.5645727 0.0955241
0.458525 0.4016085 0.1541148 0.2652369 0.5811754
0.5561834 0.8419103 0.6936299 0.02725026 0.04002438
0.7724326 0.04713415 0.7841739 0.6046768 0.2192894
0.8101811 0.5560168 0.08492827 0.4861515 0.8950772
0.9036607 0.7300506 0.6949551 0.2840213 0.5777679
0.7566369 0.6707542 0.4481311 0.3989218 0.7551881
0.7659549 0.1334955 0.3599344 0.7119154 0.6257266
0.785726 0.6514524 0.5567459 0.6024009 0.5980245
0.4216831 0.9363278 0.68743 0.5746048 0.6220851
0.02296274 0.2723189 0.6383024 0.7559858 0.5497005
0.2499508 0.292121 0.05779108 0.5050905 0.2141247
0.653689 0.9197903 0.09354362 0.0189814 0.2460519
0.9059182 0.3375986 0.2215492 0.8226594 0.09387017
0.8216067 0.6372114 0.5107375 0.8909333 0.8701083
0.5410622 0.7670016 0.636246 0.4376913 0.4140005
0.36098 0.4539436 0.2640145 0.1550814 0.7330314
0.8855422 0.5970189 0.0344597 0.8961011 0.3400934
0.1538724 0.5004855 0.2425863 0.9558698 0.4675558
0.6493698 0.9099795 0.1381206 0.6694898 0.6987034
0.9541173 0.2624473 0.8749062 0.3001434 0.32867
0.6061694 0.8892702 0.5844732 0.1326735 0.3956751
0.7081123 0.8381461 0.543288 0.4098541 0.8162416
0.6680735 0.2308097 0.7618317 0.3232433 0.3274046
0.5805888 0.5496054 0.2081708 0.2784441 0.4143476
0.3274555 0.59285 0.1513278 0.06242651 0.4628211
0.5783236 0.9795789 0.7992922 0.1759176 0.5498962
0.213433 0.6275194 0.4700017 0.4868568 0.9168188
0.2645122 0.04348553 0.6942145 0.9699262 0.6758602
0.4494036 0.3655453 0.871228 0.6504373 0.6868002
0.3165266 0.9756326 0.2008084 0.2581354 0.4450747
0.1182239 0.3321256 0.4819292 0.5564677 0.2580193
0.8251598 0.9201896 0.04146491 0.2076869 0.6198566
0.9561908 0.2886517 0.7689712 0.4413327 0.8747556
0.6580129 0.9922404 0.492457 0.9358925 0.1439552
0.02811207 0.3440883 0.6208079 0.4480563 0.3375484
0.4066153 0.2162948 0.8677862 0.9509978 0.01634734
0.5512454 0.05376198 0.2337925 0.4504248 0.2377264
0.6716513 0.4743433 0.4676306 0.9465595 0.465769
0.1905721 0.8795306 0.3264828 0.6186844 0.4624382
0.7266189 0.7431613 0.1750432 0.0253267 0.02188968
0.8669975 0.8989387 0.2357681 0.7241568 0.715797
0.6365553 0.735589 0.5799023 0.5926531 0.1175287
0.8253229 0.2168202 0.6860291 0.3316503 0.4366882
0.6480454 0.1939362 0.5884271 0.2539001 0.6113841
0.4372602 0.6094664 0.7574357 0.2217376 0.9374201
0.2343708 0.9312289 0.01410662 0.6529429 0.760464
0.7957587 0.3738574 0.5372478 0.4519517 0.3944567
0.1252283 0.8861843 0.3914906 0.4517007 0.3535706
0.301129 0.9231715 0.3698688 0.6480061 0.5928706
0.5521858 0.5299335 0.4359693 0.3188028 0.3846204
0.6088358 0.04219421 0.7102815 0.8383723 0.7848638
0.3129103 0.2387176 0.103841 0.3762462 0.3011409
0.734717 0.8053563 0.1147625 0.3222181 0.4826508
0.6249185 0.07271593 0.6047255 0.9478171 0.3076951
0.0177651 0.9736178 0.5925544 0.583703 0.2683838
0.6704619 0.9616065 0.5137913 0.1088445 0.3638486
0.06495398 0.5712373 0.5156611 0.1505819 0.1881683
0.7676343 0.8994769 0.002104543 0.7626132 0.4715852
0.4379436 0.8872701 0.4693367 0.3551664 0.5027851
0.9408049 0.9694508 0.2419915 0.01589911 0.5542055
0.7688994 0.1976259 0.5759251 0.4907021 0.3716997
0.6289555 0.4112344 0.6638739 0.7296961 0.2477399
0.8803234 0.1413509 0.1051783 0.3303611 0.7154116
0.6978248 0.8729165 0.3529499 0.204623 0.1586187
0.09417824 0.4152711 0.7527013 0.7017589 0.6270198
0.5402197 0.8205561 0.6371969 0.05681457 0.3820332
0.2269003 0.4159224 0.1317533 0.08636616 0.2539033
0.3974917 0.3990617 0.9655288 0.3685885 0.9592669
0.1194539 0.1442567 0.07830698 0.4330152 0.8641655
0.2931435 0.8881255 0.5480731 0.3209871 0.6460451
0.1149169 0.6779179 0.7233938 0.4506749 0.08966759
0.7351677 0.1968193 0.3293708 0.6289331 0.4993219
0.6248681 0.3806943 0.07932998 0.7442827 0.01622088
0.7420166 0.383334 0.769504 0.1199768 0.4198209
0.9277762 0.6205646 0.04187897 0.3833557 0.4761038
0.6037776 0.1427052 0.4347442 0.09643477 0.9226728
0.3353563 0.9925842 0.3823325 0.832325 0.3656894
0.4857149 0.4089636 0.453453 0.4821284 0.3656802
0.01426909 0.4700671 0.2866006 0.6699568 0.5805312
0.1757981 0.1688899 0.4505334 0.2266766 0.8307738
0.2733572 0.7491157 0.6139085 0.4654065 0.2691941
0.2166509 0.4948862 0.7336011 0.8628455 0.02222444
0.4473802 0.7585875 0.1052188 0.4990699 0.04244634
0.04639459 0.9366292 0.3623831 0.3547976 0.6854304
0.2248855 0.8969812 0.7216476 0.3491582 0.9762218
0.9989639 0.8182225 0.307305 0.2573982 0.6454024
0.1198826 0.475096 0.2616739 0.2805297 0.1661662
0.6332144 0.9400109 0.2591115 0.05153705 0.7062397
0.954284 0.009424635 0.4968996 0.7497064 0.6077899
0.07975841 0.3888585 0.8187116 0.6091188 0.1070737
0.5957017 0.7334111 0.9462977 0.9403382 0.4790603
0.7049472 0.9624806 0.8519361 0.8752208 0.6561767
0.7998194 0.4792932 0.7125077 0.2686765 0.2471199
0.5865656 0.496463 0.5013495 0.017911 0.3254496
0.8292039 0.2207805 0.7973725 1 0.409643
0.6351497 0.14317 0.0317421 0.6396296 0.08486161
0.444739 0.9786582 0.01690268 0.01247531 0.06425647
0.9914166 0.05092318 0.5384021 0.6036247 0.6603415
0.9948058 0.7133099 0.7393977 0.9362109 0.9032404
0.6210053 0.6894955 0.4377686 0.3936878 0.2681276
0.6527415 0.2867072 0.7421444 0.469789 0.7118029
0.7580812 0.1419825 0.5978145 0.9928497 0.1643273
0.8988905 0.5850264 0.4575276 0.2681369 0.8037806
0.5978801 0.7439665 0.8268861 0.3648117 0.6114751
0.5310703 0.2078989 0.7168447 0.3017017 0.8395876
0 0.7702481 0.01832829 0.5970575 0.5859546
0.2700837 0.07403396 0.3860291 0.01237857 0.6871334
0.8988364 0.9095312 0.9505762 0.7042628 0.3083238
0.785004 0.368719 0.5564812 0.7367592 0.02077102
0.8149157 0.09923068 0.3469805 0.751109 0.492083
0.9112148 0.7500492 0.09365406 0.5783544 0.1855846
0.9942725 0.7738977 0.4091805 0.539767 0.5118174
0.3502602 0.4101869 0.04748324 0.5588327 0.3810333
0.2081407 0.2835303 0.5756099 0.9179078 0.7535331
0.2507836 0.9047968 0.9772543 0.6758279 0.5781054
0.851065 0.2820632 0.1579471 0.2452627 0.6180676
0.5798705 0.8293814 0.5464069 0.00576101 0.6817172
0.5444882 0.8492712 0.2134995 0.01454286 0.5051697
0.6848512 0.0891988 0.3277713 0.7781158 0.04064281
0.7563543 0.2422157 0.4814512 0.7928409 0.1041661
0.05951766 0.601641 0.2107505 0.5892928 0.3434795
0.7597241 0.7237884 0.9623893 0.2922748 0.3995452
0.3376348 0.1796183 0.3682173 0.1402518 0.12691
0.03543381 0.2765892 0.8187648 0.7905499 0.4208081
0.08388867 0.9828423 0.7922424 0.9439056 0.4885322
0.1225903 0.9354779 0.6813378 0.3830102 0.6354994
0.4549666 0.2123373 0.03462522 0.408987 0.1083385
0.03152015 0.1088041 0.7259535 0.04644994 0.1773138
0.7070368 0.9553278 0.3669396 0.169118 0.6290771
0.8492624 0.9357517 0.3168896 0.557158 0.8731746
0.9761086 0.9109661 0.6897438 0.912935 0.08021054
0.638922 0.1882917 0.4753519 0.9186123 0.6865253
0.365227 0.7016607 0.4020282 0.2163177 0.9198996
0.05629682 0.908106 0.01321514 0.5999692 0.4142389
0.01438407 0.4558347 0.5081321 0.4013335 0.9156621
0.230363 0.5522607 0.3448236 0.990384 0.7377549
0.5737959 0.9177768 0.6142892 0.9854134 0.1262577
0.3067768 0.2496149 0.6439023 0.1295957 0.1443159
0.1348563 0.8610591 0.6184407 0.7652247 0.9833333
0.5064692 0.8979611 0.9064821 0.7324973 0.2797286
0.2591931 0.5560215 0.3553936 0.6868568 0.506051
0.02986307 0.3366057 0.1381616 0.7847539 0.1045053
0.9251432 0.5933171 0.119159 0.1824527 0.7160465
0.5113695 0.009192162 0.1567354 0.02698703 0.243783
0.4238916 0.001498527 0.2950264 0.5669329 0.8557309
0.06641113 0.9906327 0.3838159 0.2173043 0.1079571
0.07535555 0.7908533 0.7278854 0.5471214 0.7076751
0.8903087 0.4470775 0.2889898 0.5748641 0.1936234
0.8469512 0.7824222 0.07414701 0.6984059 0.1415102
0.5259599 0.9941483 0.8481597 0.5784666 0.8005219
0.4877994 0.8554652 0.7450604 0.3395882 0.3986623
0.981401 0.03231803 0.9133478 0.5131332 0.1280735
0.6352106 0.6321769 0.7027007 0.40644 0.7379125
0.7738335 0.2940246 0.8252649 0.644065 0.7199332
0.1411985 0.4922117 0.6072923 0.7436666 0.554334
0.006903779 0.2847922 0.3301116 0.9918621 0.1689972
0.7462862 0.08451618 0.357671 0.92935 0.9637939
