0.939288 0.8432 0.5659217 0.762636 0.962514
0.2429664 0.5254192 0.2992934 0.5515217 0.1935621
0.8516246 0.7713147 0.05420619 0.9104126 0.1004566
0.5505357 0.3065048 0.5998557 0.6068425 0.5446665
0.04588864 0.7110639 0.1690642 0.8704038 0.8706162
0.2886379 0.7131601 0.1273053 0.8813614 0.004347426
0.09796864 0.3145716 0.134045 0.2294934 0.9987457
0.0329789 0.4542281 0.06049848 0.8494091 0.2056478
0.9919889 0.7374599 0.6529478 0.3380559 0.2945085
0.6582159 0.346451 0.4738314 0.6541524 0.06199221
0.2099669 0.5142521 0.666219 0.9507144 0.52753
0.6636937 0.4257021 0.4331888 0.6578031 0.435451
0.8150812 0.9205452 0.6623917 0.2736568 0.9365421
0.4805887 0.3137524 0.8520487 0.781565 0.7631827
0.3596724 0.5477499 0.6367199 0.1530995 0.715603
0.7742384 0.3075716 0.7182603 0.1615281 0.3147133
0.3182147 0.01618547 0.4639642 0.01272157 0.4866871
0.6942172 0.9902376 0.2223192 0.7306139 0.8473536
0.8373998 0.5035465 0.1504238 0.3861659 0.5663853
0.5393289 0.7280544 0.9491011 0.7511592 0.938704
0.5767228 0.8693162 0.05361441 0.8237329 0.3023179
0.1637469 0.9460071 0.7917329 0.03453348 0.04482055
0.5973775 0.7369866 0.5271131 0.1901248 0.1974966
0.6113473 0.8348198 0.3776934 0.4597442 0.1299796
0.9483693 0.8822946 0.2115425 0.8785875 0.3933288
0.9815192 0.09692826 0.410616 0.5900428 0.07091331
0.3634503 0.6932803 0.160399 0.6587833 0.5417053
0.08855649 0.9576455 0.7923298 0.2548007 0.7646594
0.2110025 0.9242724 0.8854746 0.5439517 0.2806243
0.7033686 0.05962212 0.8852074 0.5185283 0.9447198
0.2559455 0.6254994 0.8189471 0.204182 0.1302043
0.488938 0.6787354 0.806081 0.9006784 0.315601
0.1291547 0.3794627 0.09577325 0.9992756 0.03698466
0.3768672 0.6067549 0.1391034 0.902108 0.337593
0.00421904 0.6607821 0.6425958 0.4061287 0.7736598
0.6567826 0.9370819 0.01677822 0.5727123 0.1141151
0.6260969 0.3941292 0.2125426 0.8614244 0.8026821
0.4659664 0.4638744 0.6750751 0.7118568 0.3601816
0.8424113 0.2910413 0.1558527 0.2969621 0.2552082
0.6069659 0.4387221 0.1333249 0.7790885 0.4652953
0.7501913 0.377837 0.3869772 0.6690727 0.480424
0.9945754 0.201333 0.08508976 0.1519265 0.004136136
0.8161113 0.9030966 0.527378 0.4694334 0.1611149
0.9160388 0.2222713 0.7018221 0.5788693 0.4641453
0.6327094 0.06721315 0.9180918 0.7038325 0.8303871
0.7450119 0.05194348 0.4832912 0.8284363 0.5785494
0.2632407 0.8636785 0.299896 0.05682553 0.1897081
0.2213606 0.02843598 0.002735409 0.5483211 0.08343493
0.6310035 0.8453989 0.3828759 0.1515313 0.6244856
0.3110949 0.4628367 0.8415371 0.7964212 0.802405
0.7167693 0.9417101 0.6287692 0.3767736 0.5276242
0.3989893 0.3584844 0.7447555 0.4103379 0.08755797
0.5135321 0.8897184 0.06253608 0.9243373 0.1458442
0.8980391 0.6901782 0.9938905 0.1097367 0.5606166
0.1681297 0.4803685 0.7273476 0.5616058 0.6329193
0.1210936 0.7025049 0.5251465 0.1161273 0.3209188
0.04643192 0.3891138 0.1955128 0.9382175 0.5216586
0.8379131 0.1690634 0.01282806 0.70337 0.7441071
0.6512049 0.8276378 0.1454297 0.1933774 0.8337935
0.2054679 0.6185415 0.872078 0.03103867 0.7550706
0.0156638 0.325544 0.4195864 0.3589076 0.5222844
0.4126911 0.1554031 0.9910869 0.3223399 0.5884555
0.9689503 0.5357787 0.1861364 0.8943325 0.06270362
0.2234928 0.8070817 0.2029264 0.3233051 0.1261186
0.8784029 0.6435427 0.9329601 0.514962 0.578177
0.816364 0.3840117 0.8430593 0.710886 0.7401568
0.5930635 0.9483736 0.6213529 0.2815726 0.4484452
0.4528893 0.9005245 0.1485891 0.3739776 0.02429021
0.332811 0.592763 0.6414827 0.4654535 0.4246203
0.2667286 0.05532597 0.8676559 0.2238651 0.04312702
0.3449087 0.1006938 0.03416056 0.3669542 0.8058905
0.9529518 0.892284 0.3847845 0.156986 0.3765603
0.5802166 0.7457088 0.1252895 0.08862217 0.1672817
0.137688 0.670136 0.2222058 0.4053958 0.3451393
0.3546624 0.009982646 0.3068319 0.914695 0.7978644
0.4956388 0.2467034 0.7644151 0.7065102 0.1100627
0.7071993 0.2678189 0.1502339 0.8529318 0.4744422
0.2356983 0.1382043 0.66998 0.3613831 0.2571208
0.2664352 0.1462478 0.4504639 0.5510777 0.4244849
0.7981977 0.691292 0.5120216 0.564924 0.2815707
0.09091658 0.5415528 0.9095311 0.9143547 0.3710662
0.7321669 0.4959414 0.2937587 0.02775328 0.1809768
0.6463981 0.3472025 0.2507588 0.864196 0.3277323
0.6408667 0.9481315 0.2159927 0.1961089 0.8586403
0.9976902 0.7132022 0.8125076 0.002628203 0.107278
0.6896647 0.2857353 0.7138111 0.9530037 0.2066943
0.5889312 0.3528818 0.7811523 0.2201354 0.3898901
0.2105371 0.05150911 0.5669502 0.09155114 0.2940355
0.7657465 0.861462 0 0.05510109 0.8179124
0.9235356 0.1546416 0.3092907 0.9655358 0.579344
0.9000982 0.9257415 0.05560174 0.9637712 0.4463061
0.4646006 0.954193 0.6481339 0.2777664 0.9683942
0.01265999 0.2049804 0.6406717 0.0250582 0.7686662
0.9441995 0.6295935 0.1505507 0.2855278 0.7903328
0.7402578 0.4717051 0.3264468 0.1456862 0.5785062
0.7323843 0.1460056 0.1949882 0.8280972 0.9640413
0.8370038 0.4302852 0.5971954 0.6475996 0.8273868
0.7348493 0.3407161 0.8685365 0.4754519 0.2104816
0.1071429 0.8840376 0.3621695 0.8019688 0.5629943
0.8707255 0.2434235 0.05083319 0.5134675 0.4835313
0.08498102 0.4143277 0.8945142 0.03619846 0.7172169
0.099782 0.3746096 0.4407103 0.9599005 0.2907102
0.2991786 0.7488625 0.3320483 0.6734333 0.4343642
0.241542 0.1374812 0.5569474 0.5614302 0.3154203
0.3401243 0.4806678 0.7844797 0.4457941 0.1221519
0.0390278 0.4095776 0.2723794 0.150026 0.3104756
0.8301011 0.6684677 0.7049479 0.5758705 0.4904554
0.09150629 0.649928 0.9025138 0.9348599 0.6331946
0.6097735 0.9148012 0.1808609 0.3889906 0.5146436
0.7519337 0.3881207 0.7923145 0.5311838 0.5688087
0.9238692 0.2755433 0.1832179 0.426752 0.4834737
0.08293884 0.8959449 0.004725034 0.6966825 0.9605076
0.891295 0.7933618 0.316135 0.1149977 0.3820775
0.02369177 0.7010123 0.3431797 0.8742269 0.1690711
0.2620937 0.8010688 0.8577708 0.7186332 0.5283959
0.06097121 0.6451294 0.6947328 0.6776477 0.74573
0.6342813 0.2104531 0.7541597 0.8146721 0.470525
0.5519974 0.9270373 0.02796744 0.8742753 0.9238081
0.3281767 0.3784496 0.2515252 0.6959007 0.1772887
0.7595673 0.5817389 0.4784275 0.951644 0.3820502
0.8378409 0.6224424 0.9033042 0.9955264 0.03493027
0.3938457 0.3617656 0.3932426 0.1721883 0.1249796
0.9362632 0.9986124 0.07596243 0.7680658 0.8197178
0.5637269 0.4816672 0.05472271 0.366715 0.4715157
0.448381 0.3681396 0.9294486 0.6795673 0.3004009
0.4592843 0.277035 0.1612978 0.7631309 0.2650893
0.7588073 0.82285 0.1143386 0.8772076 0.7658977
0.1911676 0.5717409 0.3992721 0.5311779 0.06589942
0.9391911 0.2554016 0.6692862 0.5098072 0.09828146
0.9740162 0.5082962 0.2581105 0.3916292 0.3976856
0.6981284 0.2062309 0.4356268 0.4405611 0.6588126
0.5927107 0.8936855 0.4564479 0.1931349 0.8871756
0.2645443 0.1963318 0.2625288 0.9733171 0.3949087
0.5919953 0.2718163 0.0863809 0.1980576 0.3563817
0.9304409 0.8723377 0.1072632 0.9907931 0.8552521
0.7025348 0.3912816 0.3675107 0.8261975 0.9542513
0.3748746 0.6811316 0.8794402 0.2252114 0.1932592
0.6578641 0.05876192 0.7972035 0.6366411 0.8310639
0.1698136 0.9070668 0.7687341 0.8921881 0.1329856
0.9229241 0.5022324 0.7608012 0.2170354 0.9293109
0.736248 0.07852805 0.180772 0.3949953 0.9939783
0.1774765 0.2051728 0.262994 0.8607494 0.5737317
0.4252004 0.1739377 0.05431269 0.845606 0.939928
0.8566302 0.2537783 0.008261484 0.4244487 0.7623404
0.5997363 0.6136615 0.4221444 0.6273739 0.9403533
0.1882012 0.9746618 0.1350741 0.03113643 0.04185341
0.9860635 0.3348456 0.760026 0.2437996 0.9270164
0.2437211 0.5803946 0.3982177 0.2734057 0.7756051
0.9376634 0.9979305 0.6240848 0.496571 0.944841
0.2429286 0.2156851 0.2923402 0.5911459 0.9089461
0.8624028 0.0814652 0.6566418 0.8925568 0.5324392
0.8537709 0.852823 0.8777048 0.2191038 0.5604805
0.750553 0.09718886 0.495474 0.6848726 0.6571873
0.3125086 0.5353559 0.292874 0.2158988 0.6649365
0.8825984 0.4914634 0.1073442 0.5370526 0.1121189
0.0149082 0.3533821 0.8536035 0.9081992 0.3610185
0.8803272 0.06703175 0.3414534 0.6727796 0.9558826
0.4324149 0.4296425 0.3285757 0.7710543 0.8324371
0.727711 0.4008483 0.04067176 0.1743644 0.2130756
0.06178829 0.8613035 0.1055463 0.4893971 0.8928955
0.8582705 0.2426029 0.4133153 0.2938704 0.4905274
0.6423682 0.1176912 0.78541 0.8200695 0.4956588
0.7693117 0.005772008 0.7855044 0.2182996 0.8117084
0.5268769 0.9432693 0.2617121 0.9290909 0.9631794
0.242619 0.3982387 0.2941506 0.7624906 0.3263247
0.40639 0.07861523 0.4578275 0.4795559 0.4305403
0.258035 0.5212258 0.5048713 0.8831802 0.002972687
0.7157278 0.459524 0.7940975 0.5703876 0.6239782
0.2757594 0.6700985 0.2330466 0.6432939 0.5560052
0.1827736 0.1480934 0.7667535 0.5847553 0.4249804
0.8014936 0.0784085 0.5800962 0.6897773 0.9400301
0.9399307 0.5087888 0.2507686 0.9271676 0.2590872
0.9827266 0.4673269 0.04703384 0.9227533 0.2616265
0.7702467 0.9311114 0.5348104 0.7750416 0.5330761
0.111275 0.1640861 0.5735179 0.5892797 0.3923706
0.1134166 0.6953889 0.901239 0.9779855 0.006961141
0.3363543 0.1266172 0.5654393 0.3023971 0.503829
0.2234841 0.8972591 0.2934458 0.4936108 0.4111516
0.8219416 0.9418045 0.5859073 0.3598191 0.2105788
0.8527662 0.7037744 0.03138978 0.5443412 0.8809638
0.1967311 0.2148197 0.8232611 0.1697911 0.9628309
0.8279744 0.2679271 0.3694807 0.3008396 0.9571695
0.2254814 0.9249424 0.6006926 0.4703236 0.9136333
0.5403451 0.6063891 0.4191067 0.3339485 0.5619097
0.4172177 0.8625576 0.9596836 0.9955223 0.2534478
0.2731929 0.8164788 0.467554 0.7286084 0.2130093
0.2388423 0.7443346 0.214034 0.7138232 0.1292419
0.4799735 0.1350413 0.8881866 0.07640227 0.1178631
0.3258774 0.7907003 0.5939437 0.4493238 0.4262281
0.7699129 0.5943365 0.9108889 0.8254215 0.8822782
0.9246479 0.7520218 0.4878831 0.4708492 0.9781684
0.9516953 0.1752963 0.6136346 0.9813474 0.6197087
0.1749608 0.4421327 0.6237737 0.2607342 0.5668538
0.4492288 0.4856862 0.3880277 0.8391014 0.1849072
0.9170854 0.8877506 0.4255163 0.5091072 0.3469162
0.710602 0.7593949 0.06361323 0.3014371 0.7269837
0.1186909 0.8954128 0.369303 0.8399702 0.9937508
0.07662136 0.5024306 0.2439533 0.0706049 0.7318612
0.02454192 0.5113923 0.3628848 0.6360479 0.1679294
0.8126828 0.5759965 0.8285494 0.4485585 0.0169954
0.1145627 0.7696122 0.2571465 0.7681944 0.7083665
0.3728817 0.475374 0.5572735 0.8850277 0.2407967
0.9869462 0.06026302 0.1816452 0.5381627 0.6053503
0.7162966 0.8712475 0.8899312 0.3668893 0.7727283
0.4178858 0.7480394 0.2701705 0.3734429 0.6603434
0.9004604 0.04127936 0.4450831 0.5895073 0.7727242
0.9067136 0.8236133 0.7039018 0.2141219 0.01718052
0.05393664 0.2700898 0.4478222 0.6754963 0.1219712
0.2888991 0.5442803 0.5229824 0.04001337 0.7629665
0.2658398 0.04556768 0.5971519 0.3793872 0.444814
0.005697946 0.230935 0.09979108 0.6271026 0.2669943
0.7211352 0.6279195 0.4778999 0.07012447 0.1664656
0.748352 0.8971172 0.5976053 0.06511035 0.6548474
0.9357074 0.2161237 0.705584 0.2418533 0.8183045
0.7703353 0.5217808 0.3157719 0.6912999 0.4181117
0.6201009 0.6435246 0.9947271 0.274783 0.6191911
0.9656654 0.2586389 0.8166393 0.904147 0.4443579
0.9681521 0.007468149 0.2004496 0.6094258 0.3625892
0.5984786 0.8070928 0.475717 0.5929085 0.7996283
0.4490434 0.7042756 0.8576872 0.1900441 0.1090616
0.5311845 0.9936691 0.5637948 0.07186941 0.2936349
0.2904514 0.07462096 0.9192083 0.8113251 0.3357498
0.6675238 0.9630811 0.9170262 0.1134407 0.5738998
0.1622407 0.03337199 0.04247132 0.08679178 0.2614273
0.1626441 0.08627191 0.6771831 0.6583687 0.1001612
0.2551064 0.5211222 0.8462445 0.9989958 0.2243921
0.8567296 0.6368043 0.4095569 0.9298306 0.756033
0.2138525 0.2967554 0.09981358 0.4313114 0.3981732
0.1496866 0.1911793 0.4698829 0.8081818 0.4656234
1 0.6143349 0.7452197 0.352397 0.9656642
0.3621098 0.4726791 0.317444 0.7628305 0.4280157
0.05785172 0.7551113 0.1045736 0.08239093 0.6407455
0.5357921 0.5349321 0.9183119 0.8987987 0.05906181
0.9660542 0.6951921 0.6099823 0.6266522 0.6825847
0.2060473 0.8950116 0.9986579 0.08049282 0.6232337
0.8815843 0.8885324 0.1798287 0.8829391 0.9911499
0.1335463 0.2190439 0.2787986 0.641612 0.6136291
0.9006468 0.2308454 0.2534863 0.567255 0.835843
0.6785396 0.4698835 0.7590323 0.87712 0.8368044
0.6159154 0.847023 0.6826728 0.02580622 0.211983
0.6427186 0.8058538 0.8188707 0.4621035 0.4652471
0.02622634 0.5523235 0.06269614 0.8909289 0.8455942
0.8902044 0.2749119 0.300483 0.6423736 0.6439651
0.398291 0.2216155 0.03929857 0.4474276 0.4246446
0.9433824 0.5159693 0.5749008 0.4329999 0.4249902
0.9174972 0.5984514 0.834993 0.08323505 0.8426518
0.852907 0.6480673 0.8072712 0.7828233 0.1722574
0.8080093 0.7178769 0.6693529 0.005118453 0.7912429
0.07907701 0.8484867 0.4136058 0.8934942 0.3373559
0.7658537 0.3519934 0.2765979 0.9023994 0.1268998
