0.2340718 0.8933279 0.2765353 0.5467851 0.6911159
0.2173891 0.492408 0.8126467 0.3075235 0.06950193
0.654402 0.08536425 0.4134686 0.4374216 0.7102875
0.5927551 0.08068906 0.3754282 0.682545 0.3144875
0.3619845 0.2978848 0.3214671 0.4413857 0.3517976
0.4660538 0.8132736 0.2613375 0.92228 0.01103833
0.03790102 0.5086974 0.06930415 0.2702693 0.8974822
0.4969064 0.4931532 0.5956636 0.7821383 0.8720856
0.9497802 0.6725426 0.9794031 0.7914835 0.9878864
0.3980616 0.5620546 0.140518 0.464682 0.2383266
0.7105447 0.06534588 0.4894973 0.762787 0.100155
0.6245186 0.5868363 0.3878869 0.8597857 0.7255531
0.06062756 0.6811552 0.4524187 0.8722557 0.9982801
0.2154253 0.5297075 0.6371963 0.9096057 0.7996418
0.4569429 0.184417 0.3267696 0.8052857 0.5428621
0.4784342 0.426392 0.0003191345 0.6151615 0.4133432
0.473843 0.2654238 0.2256479 0.980538 0.115073
0.07940219 0.0891596 0.7090558 0.9460327 0.5078479
0.9228396 0.8367167 0.7075364 0.684995 0.2779617
0.8739211 0.2180003 0.7625031 0.6376998 0.6417507
0.4386786 0.4381643 0.7867457 0.9448227 0.5254847
0.4616008 0.9790407 0.9792274 0.11833 0.3514926
0.05073776 0.4677022 0.2240205 0.2018812 0.375143
0.350352 0.5095717 0.9082491 0.01566343 0.6486662
0.6729822 0.7516056 0.4650555 0.2787511 0.8228282
0.339876 0.7612847 0.02976688 0.1202495 0.7924531
0.9520011 0.9576878 0.01559187 0.3922459 0.09613489
0.6425283 0.3059144 0.7665834 0.9009237 0.5320831
0.9975855 0.7752985 0.4750061 0.577111 0.5958518
0.5726071 0.939752 0.8149442 0.6556652 0.1553273
0.8767853 0.5291269 0.5021235 0.6164412 0.2338571
0.4266163 0.3506217 0.4956578 0.3976252 0.152978
0.9853355 0.6070492 0.7373917 0.4455413 0.4842315
0.9956527 0.7054716 0.8245942 0.91976 0.1056659
0.5012309 0.714238 0.6766571 0.6049028 0.3079239
0.3624011 0.5711945 0.9176634 0.714651 0.7237843
0.237088 0.3259081 0.9888963 0.1607107 0.6540123
0.9750264 0.9245193 0.7412239 0.6824773 0.152392
0.5712743 0.1402961 0.08552379 0.8564054 0.2439054
0.5306766 0.3529167 0.1265192 0.1623521 0.02109296
0.1755322 0.291437 0.8145677 0.1341734 0.139728
0.6783515 0.02201371 0.01048638 0.9076539 0.2084887
0.007892893 0.9309229 0.3349981 0.6632182 0.4320762
0.7268587 0.2780201 0.5774247 0.1392779 0.269179
0.1068103 0.8033099 0.9179033 0.569802 0.09199112
0.1192771 0.04536489 0.8550343 0.7799256 0.04012055
0.1454681 0.08266804 0.6032408 0.3129757 0.1076326
0.8018777 0.6085244 0.7108724 0.1281422 0.8294777
0.9279868 0.6766958 0.7751475 0.797041 0.1387548
0.5404532 0.3948385 0.8191295 0.8565176 0.4931177
0.01830703 0.1023503 0.2821675 0.1354588 0.304208
0.5134316 0.2641599 0.9630725 0.06411684 0.6377296
0.3012419 0.6745047 0.1856237 0.9660843 0.8091731
0.009989994 0.1482882 0.4240319 0.4780727 0.223592
0.416547 0.5685974 0.4664649 0.7044056 0.3674159
0.9280215 0.9599378 0.784457 0.4127717 0.06327627
0.2184706 0.412202 0.9175263 0.6572399 0.7687189
0.6404953 0.6270545 0.9271895 0.4542742 0.3359407
0.5755679 0.04718043 0.1199933 0.2568503 0.2267227
0.0969119 0.5855452 0.7950685 0.8349518 0.8456139
0.5998771 0.7489233 0.2220641 0.1848996 0.8217886
0.6026832 0.3061748 0.008836526 0.9376895 0.03786346
0.2838428 0.3773744 0.1623569 0.8034177 0.5038906
0.794577 0.7373856 0.3106129 0.6775224 0.5925345
0.09858226 0.2959365 0.6270189 0.6493118 0.4313073
0.5944059 0.6350476 0.9845354 0.1038701 0.6878964
0.8695624 0.2579392 0.215365 0.4608729 0.2944846
0.1184246 0.05771067 0.1140189 0.3160739 0.8174785
0.6360407 0.2506314 0.6307693 0.7534062 0.9908259
0.9796114 0.4503147 0.2284755 0.8443226 0.7930499
0.2038653 0.05433881 0.4421384 0.2460731 0.2033807
0.2589906 0.08036404 0.9648251 0.3560402 0.0544695
0.4045921 0.5123534 0.4787781 0.2036301 0.7646574
0.3733 0.2493734 0.6957141 0.5396915 0.3800827
0.09459878 0.6464116 0.0864511 0.9103846 0.378667
0.1617417 0.2539825 0.3002413 0.3152625 0.6029553
0.06834251 0.6319308 0.001731204 0.27097 0.8740065
0.4314153 0.4792004 0.5203615 0.7787822 0.4413593
0.6560934 0.5023064 0.3032598 0.3513983 0.8721749
0.8549093 0.711176 0.6739121 0.4514869 0.08993343
0.9217991 0.04916384 0.1467749 0.6949646 0.4680894
0.7955165 0.6595096 0.6193883 0.5181382 0.3398161
0.6382461 0.9600043 0.3723464 0.7873459 0.1959254
0.654162 0.4212748 0.1947316 0.6386931 0.9992954
0.9676255 0.8858714 0.5052197 0.1839 0.04140073
0.262146 0.9778443 0.9169314 0.6456598 0.7471573
0.6464692 0.4102044 0.8342388 0.2521347 0.9029384
0.3773672 0.8982057 0.05546493 0.7038296 0.2408474
0.9756813 0.4964409 0.4849475 0.2062954 0.7102211
0.02919059 0.6559448 0.5784194 0.4079444 0.1285102
0.4980427 0.6738513 0.5508554 0.1406323 0.008944173
0.4611087 0.6402985 0.0585803 0.08208248 0.6149588
0.1589738 0.8962882 0.6427459 0.08780419 0.05434757
0.6121919 0.8765269 0.1238585 0.2056942 0.3503918
0.9798138 0.7710291 0.7091766 0.8311067 0.73545
0.5188008 0.4687266 0.3538824 0.6451865 0.6368057
0.1497685 0.2632374 0.7503343 0.7212023 0.01892575
0.4197449 0.01995198 0.155265 0.008045585 0.1933526
0.6227935 0.7322581 0.5722501 0.3500162 0.9029444
0.7883848 0.2881064 0.9298117 0.6579633 0.1181854
0.2434001 0.8578251 0.6324762 0.01678283 0.3991715
0.9054577 0.9883886 0.0729742 0.2449859 0.2404673
0.9402087 0.3522298 0.8926646 0.2475509 0.3165891
0.3844863 0.6447798 0.4696177 0.7591256 0.07313515
0.4779277 0.2307799 0.1951965 0.4389399 0.8261879
0.6898433 0.08586379 0.4882663 0.18837 0.1985884
0.941951 0.4633204 0.9622146 0.9596386 0.7183817
0.1119582 0.6805926 0.02422637 0.7010733 0.1349951
0.698248 0.6762808 0.3175971 0.1134801 0.9143004
0.6446176 0.758755 0.3398295 0.9437956 0.5135646
0.5049553 0.9346397 0.2447697 0.7770165 0.06703556
0.606822 0.9732776 0.5079569 0.04330384 0.3885985
0.4198604 0.4549169 0.4672576 0.3997273 0.9566495
0.6124111 0.4870597 0.6691855 0.2416229 0.736113
0.2880997 0.5384915 0.4460994 0.3446061 0.8978727
0.6549485 0.6737569 0.713289 0.3315179 0.3898585
0.2090619 0.5002937 0.2690304 0.3647652 0.7688084
0.6340309 0.3429206 0.08704099 0.4646667 0.5737187
0.4082301 0.1471911 0.5255932 0.5555163 0.3763922
0.7473151 0.8872463 0.2701592 0.6155195 0.888125
0.2587184 0.9237491 0.1407307 0.7031496 0.09440674
0.3048367 0.8787469 0.5271048 0.2355872 0.5144033
0.01096077 0.3390119 0.8444718 0.4067162 0.7989458
0.5018402 0.256384 0.02154525 0.2573808 0.7101687
0.8223217 0.2231863 0.252464 0.9659821 0.5950443
0.5214582 0.3830694 0.820839 0.4977085 1
0.7642282 0.7088318 0.2653488 0.322218 0.7310858
0.06406732 0.6533165 0.7376211 0.2093811 0.285942
0.4185377 0.7696867 0.2955906 0.6352651 0.6632857
0.1137261 0.182503 0.0546121 0.8791305 0.372195
0.8284729 0.7986015 0.7277103 0.688945 0.8366652
0.3084837 0.4267739 0.4792207 0.276613 0.9737138
0.002561245 0.7007191 0.4222586 0.2945198 0.8727322
0.2186161 0.7421683 0.8606213 0.08410028 0.02502719
0.5694231 0.4668629 0.09025545 0.5390577 0.0770466
0.8848138 0.02829314 0.7742937 0.7306005 0.8706149
0.9496776 0.5169357 0.8017041 0.5949944 0.5678664
0.6230632 0.5383401 0.9767742 0.7623264 0.6818693
0.5697475 0.6391572 0.195903 0.3235949 0.8957654
0.3335679 0.4692198 0.05350411 0.5487321 0.4032358
0.7937566 0.9586304 0.9231829 0.1199191 0.1209811
0.9802252 0.6230564 0.04382531 0.4374015 0.001002362
0.5838423 0.2963563 0.5724223 0.2691777 0.402645
0.7457528 0.3471679 0.2308407 0.5784853 0.6297386
0.843274 0.9861973 0.02212698 0.5530842 0.9968784
0.5270628 0.9372703 0.6076215 0.6982821 0.6024131
0.03607317 0.5031707 0.3186304 0.266988 0.4804123
0.6415751 0 0.8023843 0.1170039 0.9731443
0.7909805 0.6330491 0.9331463 0.8920605 0.7869615
0.7695409 0.7279457 0.8987339 0.1920535 0.2589107
0.1411023 0.1389047 0.6383862 0.1480969 0.7310971
0.8695027 0.6537685 0.7543343 0.006687173 0.7158172
0.6122548 0.9261041 0.4089859 0.3771793 0.6335255
0.2925455 0.1954416 0.9889277 0.7273135 0.6543229
0.8287276 0.652117 0.6469562 0.240733 0.3998089
0.5330141 0.7549472 0.3938716 0.0382122 0.6155778
0.08344371 0.8916647 0.5636966 0.3158678 0.1226113
0.9391558 0.5148924 0.4511755 0.5948797 0.5749586
0.8264133 0.1913621 0.9200498 0.08529322 0.7020776
0.5562618 0.5330651 0.5690473 0.247144 0.4997761
0.2766304 0.6983041 0.7709246 0.5092641 0.4911508
0.9888579 0.6547563 0.6036496 0.4944992 0.007126081
0.6302836 0.6249164 0.7793187 0.1687365 0.5995655
0.8223092 0.35386 0.5000826 0.8246417 0.8925744
0.1023521 0.1351507 0.02569966 0.252382 0.9249189
0.6202187 0.8926404 0.5070217 0.5838703 0.05220952
0.07722546 0.7079603 0.7934814 0.9832563 0.4398925
0.2016973 0.3721442 0.2433731 0.3447604 0.788303
0.1510984 0.4524169 0.5958923 0.771585 0.8295189
0.4333217 0.5070689 0.5285341 0.8895891 0.6252057
0.4836549 0.4186394 0.4956544 0.8093523 0.9151078
0.8770777 0.8457403 0.719936 0.4049315 0.9767258
0.7472032 0.7698291 0.9023214 0.04206414 0.5195336
0.1565736 0.6738657 0.209633 0.08597499 0.6622203
0.2780074 0.2298641 0.4648991 0.4064165 0.8551038
0.3828642 0.1617205 0.7590104 0.003984993 0.9089961
0.004545035 0.5661534 0.2856566 0.3692491 0.9111112
0.6231218 0.5186153 0.9777497 0.5970754 0.798805
0.5272654 0.2205264 0.3360534 0.6424503 0.5438572
0.1171244 0.7445264 0.5999673 0.7939946 0.7454719
0.7882049 0.8815552 0.1910907 0.5425275 0.300618
0.1907097 0.2267429 0.5114833 0.7079443 0.3549572
0.03056937 0.2282764 0.5937688 0.9271556 0.5422314
0.8983416 0.5131223 0.3575664 0.3509713 0.4024522
0.6696941 0.9848539 0.6878538 0.8671658 0.1854536
0.5858984 0.9016501 0.03248489 0.2560692 0.7894258
0.04615867 0.9421462 0.5566953 0.4531678 0.2262141
0.9673875 0.9284178 0.1836204 0.7242327 0.134434
0.8156738 0.1776831 0.8786069 0.05207188 0.8497505
0.4977509 0.3066808 0.9910769 0.4678599 0.4414222
0.1103104 0.6311533 0.4627971 0.6467395 0.6775276
0.06131907 0.4413397 0.3072952 0.8657898 0.2751866
0.0663242 0.134391 0.996057 0.7869 0.5434633
0.01985895 0.5667612 0.3538016 0.5693698 0.6280528
0.9485024 0.3637871 0.6080355 0.1958226 0.2721412
0.1469696 0.7752488 0.6749603 0.9275293 0.7837493
0.4718385 0.1295318 0.1025422 0.4415421 0.2562665
0.05777875 0.4139547 0.7303891 0.3381146 0.875483
0.2279457 0.3133639 0.9541058 0.3826445 0.4789333
0.7311421 0.7918796 0.2679031 0.4115146 0.3822395
0.8512395 0.5914612 0.3125411 0.6201354 0.6405787
0.36651 0.9219398 0.06727909 0.3538286 0.1001731
0.3751555 0.06878782 0.8513724 0.3012559 0.5134089
0.3474609 0.1627883 0.01515864 0.5073945 0.2393201
0.8188805 0.2295379 0.7442076 0.5786323 0.2338252
0.5801775 0.6670821 0.5481715 0.9400288 0.953855
0.6961637 0.45751 0.1726274 0.5657378 0.6499485
0.02257637 0.4717946 0.8979169 0.7906276 0.4660316
0.7294458 0.3071866 0.9124528 0.5214414 0.8940066
0.9734627 0.351516 0.6529591 0.3502994 0.9350963
0.3430693 0.6940308 0.6881638 0.6002799 0.7253073
0.2622852 0.3324257 0.2952135 0.6639345 0.6219211
0.8877684 0.6002717 0.3812821 0.8368718 0.6451307
0.8765233 0.3742228 0.4626437 0.7580393 0.5957786
0.9250199 0.6218156 0.8650969 0.2863541 0.6221519
0.4095866 0.08857549 0.5073798 0.9211689 0.6180378
0.1824491 0.9862599 0.342951 0.9103079 0.8481355
0.0344361 0.6338622 0.8255146 0.7089986 0.1176028
0.7641687 0.2309673 0.5558031 0.8162196 0.9217527
0.4096349 0.6188296 0.4861445 0.2318012 0.1999795
0.7963908 0.04753569 0.9234478 0.7266432 0.3437168
0.2017969 0.7635834 0.7147378 0.398527 0.1456951
0.211396 0.3332919 0.6788143 0.8668856 0.2055677
0.5108911 0.6835817 0.219467 0.6269487 0.04352651
0.5983246 0.2695735 0.1347326 0.9117436 0.34832
0.4638931 0.06419298 0.7474532 0.6608174 0.1750338
0.8003776 0.1925301 0.8350796 0.6313344 0.7161101
0.7210252 0.7923548 0.3433501 0.7935182 0.6933526
0.2801178 0.4852396 0.8011553 0.6122775 0.1186833
0.13221 0.8748565 0.8519302 0.9051619 0.9939385
0.124689 0.4451894 0.02370402 0.4022794 0.6375513
0.9851351 0.8489181 0.1785832 0.07431127 0.7570946
0.26205 0.0956726 0.3737015 0.7480237 0.594299
0.08405369 0.6664995 0.6396495 0.09470448 0.8654551
0.1633131 0.8144332 0.4099851 0.3213972 0.1615686
0.6820844 0.6162746 0.01006898 0.3850927 0.9960798
0.9741267 0.4000272 0.5501821 0.5379287 0.9246585
0.01387684 0.03976254 0.1500749 0.2362533 0.1748242
0.2877947 0.5856849 0.5758662 0.633308 0.9855486
0.688392 0.7399464 0.7063366 0.2144165 0.4325535
0.2232358 0.04287893 0.01587754 0.247297 0.6210409
0.7316432 0.05858901 0.5153907 0.03239325 0.4913874
0.3627911 0.05580345 0.9378707 0.6586542 0.3324721
0.8318701 0.978235 0.9998702 0.252777 0.001318953
0.9023926 0.6800846 0.7545186 0.3162274 0.8975036
0.8918598 0.3632066 0.7608589 0.7775065 0.9806519
0.6608205 0.2396359 0.3679038 0.113191 0.3657848
0.6632064 0.5966054 0.4270506 0.7971652 0.6445441
0.6487513 0.2248784 0.9237414 0.1021185 0.2288646
0.4050224 0.6150948 0.1383857 0.9666728 0.7741814
