0.3198057 0.4475629 0.278993 0.5994559 0.002319948
0.5275357 0.812093 0.03589278 0.04823775 0.3906396
0.04638972 0.6341052 0.9019668 0.3007841 0.4188834
0.1020189 0.3389991 0.7994961 0.3563854 0.5011492
0.9913721 0.8256549 0.6213106 0.355451 0.1312086
0.5489755 0.3822224 0.7638313 0.7021996 0.09557841
0.7114721 0.2625825 0.4781833 0.03390549 0.4875671
0.8164743 0.05084527 0.613866 0.3057533 0.6809803
0.7638236 0.590952 0.3014952 0.2727856 0.1762546
0.2226902 0.06326132 0.7090656 0.2527025 0.07974876
0.7381 0.2330522 0.5936883 0.5272549 0.4419736
0.7218135 0.7107541 0.2755708 0.8324404 0.2970617
0.7687327 0.8783552 0.429896 0.5772848 0.4719865
0.5817533 0.7369328 0.80905 0.08157171 0.375709
0.6812361 0.8769847 0.8945667 0.4719072 0.4824295
0.1394158 0.5589301 0.4582341 0.03056102 0.2833433
0.2296344 0.9046873 0.4667901 0.01260769 0.4722987
0.39661 0.4857227 0.2588421 0.9847064 1
0.2973664 0.1588587 0.660939 0.5554279 0.5522963
0.9256466 0.6120849 0.8746235 0.1109858 0.2150034
0.9559479 0.8345571 0.7310698 0.8693531 0.1438817
0.8755755 0.6611205 0.02262108 0.8438223 0.2615517
0.2435259 0.2389793 0.7441447 0.3565859 0.8442392
0.03982664 0.305693 0.5831674 0.006912663 0.8469145
0.9385924 0.03744744 0.5026485 0.1229747 0.4973953
0.5065968 0.3848751 0.7456578 0.7063497 0.5681482
0.6294574 0.8654462 0.9974415 0.286024 0.5222684
0.8170881 0.2533651 0.2720167 0.1796255 0.06138479
0.3940432 0.1651185 0.5796938 0.8293144 0.7835321
0.8065087 0.441101 0.1117459 0.4734299 0.9596107
0.2542416 0.8566886 0.875966 0.0005751891 0.8577652
0.9466281 0.1040357 0.5313229 0.350715 0.6818462
0.3729846 0.5068475 0.0752918 0.664619 0.6434169
0.5120844 0.2089185 0.1095519 0.3477894 0.6185301
0.5462107 0.2553362 0.6732796 0.8669891 0.8198706
0.4490412 0.2695753 0.09497747 0.9482803 0.257877
0.6356973 0.6699996 0.6623664 0.6583419 0.928934
0.2669946 0.1074453 0.2842433 0.2674971 0.423116
0.9022124 0.5256403 0.9556031 0.9516167 0.4758251
0.8923692 0.4063458 0.3761995 0.6269468 0.0102648
0.6130518 0.9314091 0.9586892 0.609377 0.9644728
0.3423852 0.938052 0.8271571 0.4628536 0.8412573
0.3404953 0.8772126 0.638754 0.604216 0.7572353
0.2951984 0.4075842 0.52134 0.9747676 0.9823954
0.8452821 0.5556828 0.6470052 0.4176812 0.5764688
0.9902692 0.6726053 0.07751025 0.1144427 0.4202
0.3685651 0.5348409 0.128198 0.08133535 0.9214432
0.1990287 0.6637262 0.6097924 0.8606003 0.4502715
0.5288468 0.06511886 0.9281512 0.9905737 0.425717
0.1242342 0.004558585 0.1890678 0.3428926 0.2506279
0.0137985 0.5564997 0.2846566 0.7900043 0.9148943
0.5077929 0.04030446 0.01420997 0.2174298 0.5639786
0.9601896 0.323562 0.1706745 0.4938467 0.2983549
0.1080035 0.8901846 0.9566755 0.01154608 0.2596352
0.03836728 0.5472531 0.3859454 0.5803849 0.8939849
0.5876517 0.05047659 0.993883 0.2892002 0.7921221
0.9881912 0.9353912 0.9806347 0.4707276 0.2762545
0.2485724 0.9211334 0.9567269 0.8382795 0.3813705
0.1862825 0.03352164 0.9220519 0.5055631 0.1100729
0.07861737 0.9863542 0.6997406 0.5189643 0.5073331
0.5198291 0.4258021 0.3711681 0.5488653 0.9923127
0.736738 0.7626361 0.1529599 0.6143207 0.5947914
0.7480037 0.8605693 0.4642913 0.292401 0.9262648
0.7203045 0.671081 0.3153823 0.8384129 0.4816305
0.06842746 0.158719 0.07598785 0.5030916 0.4430489
0.2740809 0.8548896 0.9797748 0.9947467 0.8837787
0.5772653 0.7212525 0.2098831 0.3588196 0.5390591
0.07670025 0.008065443 0.4892793 0.8886587 0.3441677
0.8102254 0.5414497 0.8578116 0.6012981 0.4083714
0.03583437 0.4480659 0.9998627 0.2127384 0.6561902
0.8117717 0.2517886 0.3757108 0.4360177 0.3714535
0.8894836 0.757797 0.1740581 0.2449778 0.3168885
0.03379183 0.1194904 0.09056032 0.01133968 0.6977648
0.6377186 0.8692607 0.8899964 0.5771757 0.0552872
0.2042075 0.3989522 0.112094 0.804434 0.7655914
0.6766278 0.9452291 0.6757755 0.9195081 0.4328756
0.5384996 0.4847694 0.1532315 0.4700289 0.7122977
0.4477539 0.8290605 0.8773342 0.8936052 0.1603605
0.1486302 0.5023318 0.6591434 0.2652402 0.8198555
0.8918855 0.5770668 0.984448 0.9044148 0.08223054
0.814866 0.2893713 0.7188034 0.4663245 0.8178955
0.5967072 0.8094864 0.5095165 0.7280723 0.4203857
0.5764308 0.5937794 0.5481997 0.3407898 0.5799742
0.8366848 0.09055479 0.3126268 0.06362675 0.890775
0.6071646 0.8812228 0.7819392 0.2594877 0.6864311
0.8738035 0.5042185 0.9485847 0.22081 0.7013606
0.8800756 0.4859093 0.4507847 0.2890295 0.9696159
0.241038 0.1039925 0.7400452 0.235842 0.09196789
0.1439633 0.3218073 0.3602565 0.7581494 0.05376174
0.5083495 0.2524969 0.8919168 0.787938 0.9876686
0.2326769 0.715298 0.2071162 0.7672469 0.84779
0.7697074 0.8496821 0.5557743 0.5126378 0.6763676
0.007969824 0.9640004 0.592553 0.4552069 0.2150025
0.3788993 0.652799 0.5952156 0.2755044 0.2039919
0.2762772 0.4017297 0.5768658 0.4356601 0.8908658
0.5072673 0.3439562 0.01628837 0.1965802 0.8851029
0.05227097 0.5863684 0.921478 0.2904852 0.4694014
0.3703118 0.6717966 0.7311883 0.804443 0.3537703
0.6470156 0.9062756 0.2495162 0.6304055 0.2408748
0.08836444 0.9647364 0.9404529 0.3157722 0.9948421
0.4747844 0.08880003 0.7829059 0.4537052 0.4073304
0.344287 0.4390449 0.1991891 0.8434886 0.714187
0.9903884 0.2993834 0.3048127 0.9064403 0.01364326
0.6346047 0.1805456 0.3834713 0.3051702 0.227016
0.2885825 0.1698867 0.3389084 0.03131494 0.9170486
0.7562949 0.5662068 0.8465195 0.1614475 0.8993035
0.7650912 0.6700666 0.4398615 0.4492315 0.9430721
0.1074282 0.9184286 0.8645274 0.7063736 0.1909251
0.8716192 0.06770809 0.9412055 0.7260615 0.8991668
0.4001166 0.2041268 0.7913925 0.5378806 0.5753521
0.988329 0.9840753 0.6491875 0.3152801 0.7926402
0.9065928 0.05908093 0.7277628 0.6774387 0.3707295
0.9323987 0.6529031 0.04135378 0.3891376 0.5514502
0.07218341 0.1748371 0.295458 0.5411039 0.8692868
0.2120901 0.9073373 0.326499 0.351557 0.6439033
0.4087051 0.9132875 0.001260257 0.9636636 0.9207914
0.6344513 0.7786451 0.3281587 0.5469881 0.5747937
0.962335 0.1364509 0.05411675 0.9309074 0.4044212
0.4903796 0.8879012 0.07819151 0.8585904 0.2752271
0.7804353 0.4605595 0.3042223 0.050273 0.599436
0.170587 0.3074818 0.4647471 0.6624316 0.891725
0.01099423 0.6791124 0.8741756 0.5129113 0.854478
0.7652781 0.7319772 0.4481013 0.2648742 0.8795684
0.5647265 0.3352216 0.7879853 0.003742628 0.1041528
0.2997915 0.9559367 0.9489751 0.6199134 0.495235
0.2674044 0.6880615 0.3245077 0.110705 0.8410439
0.1441263 0.2823048 0.5851539 0.02733418 0.7856377
0.002417258 0.4556529 0.7729448 0.7980783 0.9181892
0.7573384 0.8182989 0.6824444 0.5085912 0.6183588
0.6652528 0.1918422 0.02611977 0.620365 0.5256939
0.7143414 0.02610379 0.7895287 0.4493787 0.08811231
0.8606789 0.1658923 0.6032382 0.2417277 0.07285507
0.6236375 0.3693299 0.2359402 0.3790605 0.3283712
0.1326435 0.5821096 0.4412974 0.4666656 0.5769137
0.01993844 0.9104804 0.7275847 0.3509424 0.3702648
0.3584175 0.7403591 0.2193756 0.05884864 0.2762334
0.1524638 0.3764016 0.7730014 0.1794405 0.1510292
0.5541262 0.6767276 0.2400553 0.7806987 0.3480007
0.613057 0.4398516 0.04124823 0.4525718 0.247776
0.3580792 0.8957534 0.2711084 0.4712831 0.2686298
0.8498446 0.9340029 0.7070658 0.2244459 0.2453013
0.3263848 0.02452835 0.6332464 0.2573971 0.3625489
0.8198007 0.1847733 0.2710166 0.4998491 0.04701276
0.2312512 0.0003901698 0.6908458 0.8971916 0.3043466
0.4740096 0.4886461 0.3659624 0.4754602 0.9636637
0.6389512 0.07172592 0.01098451 0.06157775 0.4421771
0.9283234 0.8609622 0.8583888 0.1748406 0.7130138
0.2596342 0.470665 0.1706977 0.9222892 0.111559
0.9286112 0.8705918 0.955112 0.7552629 0.02494559
0.130652 0.3768408 0.4509145 0.9762857 0.9676455
0.8250669 0.4672536 0.0252234 0.533766 0.8352722
0.8406115 0.5444425 0.8675602 0.1159417 0
0.7601135 0.8208134 0.3055582 0.469267 0.8509621
0.8927942 0.2261689 0.3450591 0.9706376 0.2832913
0.6920791 0.3463841 0.4038388 0.2309078 0.8513933
0.6886191 0.7416376 0.14609 0.676438 0.5689484
0.8842213 0.4857684 0.3263749 0.7950729 0.3707659
0.4697365 0.05931836 0.6632212 0.2594361 0.5741794
0.8097029 0.1670155 0.372048 0.4482236 0.6345607
0.04000067 0.1112106 0.6298009 0.6261769 0.03304992
0.3425659 0.6946332 0.1916177 0.9485082 0.6581602
0.9382275 0.2306633 0.6402473 0.3825897 0.1348589
0.95149 0.2804065 0.5885986 0.8550464 0.4257066
0.8136524 0.583369 0.932507 0.701312 0.948691
0.7659003 0.3895684 0.5680665 0.9509893 0.8093098
0.2343555 0.7461013 0.1117183 0.8534946 0.07114767
0.4899636 0.0319852 0.3287798 0.319081 0.5282623
0.2514916 0.09376083 0.002473486 0.8561182 0.560757
0.01062722 0.5043608 0.1304141 0.4784448 0.7531342
0.4128267 0.4414319 0.1647397 0.7281295 0.6373028
0.0207934 0.5752613 0.341977 0.2592554 0.9834706
0.2341399 0.9619012 0.1078387 0.7649009 0.9711073
0.1658795 0.2231807 0.8864469 0.9580815 0.9525873
0.2230927 0.8395501 0.02964858 0.4793451 0.2352278
0.5082398 0.3062445 0.784229 0.6690283 0.702203
0.6955599 0.4747351 0.7052808 0.8981097 0.142069
0.5941656 0.3232043 0.9954087 0.8102945 0.06912496
0.107666 0.7059897 0.681307 0.06329325 0.3464874
0.0765427 0.5174476 0.01201328 0.9410307 0.4294622
0.04506572 0.2928056 0.2698511 0.9552302 0.3904463
0.9510784 0.232721 0.296867 0.2185821 0.8937562
0.2847194 0.3407404 0.455446 0.1985263 0.6768682
0.9100786 0.1809925 0.8224534 0.3664831 0.5704626
0.2051764 0.5632528 0.5411765 0.8045202 0.6932891
0.5648543 0.8435234 0.4261708 0.2015069 0.7028177
0.4618354 0.04793327 0.8075035 0.04860145 0.5165027
0.263644 0.2702304 0.8759816 0.412985 0.4320607
0.2216294 0.1099041 0.31533 0.3377826 0.009813589
0.7230711 0.9322867 0.290904 0.03144238 0.3866035
0.7433382 0.304576 0.3216396 0.0310184 0.9088086
0.516049 0.1109185 0.3617631 0.9628272 0.8405259
0.9286503 0.234822 0.362691 0.5613208 0.4581348
0.5732619 0.1034514 0.1118358 0.7621968 0.1852073
0.2358572 0.1056372 0.4203838 0.0974246 0.9626225
0.4370582 0.4956682 0.2927733 0.9615256 0.6022212
0.428927 0.5624938 0.8669869 0.03085136 0.5544135
0.06848465 0.4345538 0.6660958 0.8395768 0.1439021
0.006148153 0.6585731 0.9742936 0.8504491 0.1488244
0.6312099 0.2923539 0.4971547 0.1127383 0.2341927
0.326868 0.787013 0.8088463 0.5698985 0.03185303
0.8229679 0.9194196 0.5212601 0.07844536 0.7157306
0.9788811 0.5615084 0.7580648 0.8293402 0.5062512
0.6468829 0.3045871 0.3304748 0.8499835 0.5587162
0.1381694 0.8395107 0.9400382 0.3400779 0.4641071
0.2714794 0.7769712 0.6995285 0.9617574 0.9627018
0.486934 0.9432786 0.2126643 0.226753 0.4193264
0.3145687 0.4915762 0.1993351 0.6780439 0.2260251
0.2860571 0.004265858 0.6072103 0.06829756 0.9642988
0.0987092 0.8222258 0.2288932 0.7638145 0.2488862
0.6188544 0.1934775 0.3396909 0.8017033 0.5941616
0.1773501 0.8996901 0.6853101 0.8917992 0.5114818
0.1043025 0.8788335 0.9540501 0.01432282 0.004796765
0.6339714 0.257747 0.8038011 0.7605052 0.5036368
0.9931602 0.2185469 0.617527 0.0122765 0.1637926
0.1915573 0.3824703 0.4015326 0.9098307 0.1056039
0.6460935 0.7313957 0.6440335 0.09648035 0.2625413
0.4808404 0.5040237 0.200741 0.9232432 0.8881443
0.02105357 0.523814 0.1197819 0.808459 0.1148017
0.9595846 0.5291484 0.2030741 0.2560779 0.06089196
0.03569413 0.663846 0.9071327 0.597377 0.4154106
0.9089812 0.5384679 0.01104983 0.05250186 0.9227995
0.4470453 0.723106 0.7234936 0.4419883 0.1501073
0.9603803 0.2005701 0.07987311 0.1261729 0.04204917
0.2645363 0.6910116 0.5922542 0.4205469 0.1537089
0.551003 0.515755 0.5258462 0.0794556 0.1881159
0.6175192 0.6307877 0.5704488 0.9639372 0.4722743
0.6931527 0.2921204 0.9488321 0.8330818 0.7647452
0.01845939 0.007633067 0.1567164 0.4950136 0.7989944
0.8969321 0.3767721 0.683596 0.8192448 0.6898019
0.8870763 0.9603154 0.4886888 0.4240153 0.1158953
0.3232453 0.8570753 0.4272948 0.466296 0.5896447
0.2582146 0.3219377 0.4466607 0.8664083 0.5670076
0.7720342 0.998503 0.1255107 0.01682299 0.6050076
0.4987682 0.09335699 0.490858 0.09063761 0.8069836
0.03082046 0.2949283 0.6760026 0.1292669 0.09152115
0.6909573 0.9184961 0.2464298 0.1370258 0.299637
0.194536 0.3932353 0.05651486 0.4951939 0.4075238
0.00849474 0.9066619 0.51492 0.9737334 0.9331879
0.2636951 0.6484828 0.2775458 0.5933722 0.7139459
0.9999726 0.7480877 0.8616739 0.5118346 0.2498285
0.4393738 0.651516 0.3782393 0.1865496 0.508418
0.888339 0.2549042 0.4746146 0.1577058 0.5674498
0.06612136 0.2314448 0.4321 0.184643 0.7667824
0.5136726 0.1761337 0.7323324 0.5701 0.5101789
0.3656667 0.4510388 0.8006058 0.2692681 0.5657827
0.7803159 0.4985324 0.4128072 0.5790253 0.5331845
0.9766634 0.02798807 0.7273007 0.9821059 0.8585107
0.302882 0.685086 0.07127578 0.06333831 0.9976057
0.9466359 0.348802 0.8964153 0.7980705 0.2656507
0.736292 0.3010482 0.6116681 0.1842353 0.9040543
