0.7487875 0.2157473 0.6412964 0.5481559 0.1661388
0.4237173 0.1542374 0.5338232 1 0.905086
0.5360368 0.6948119 0.06473919 0.4785297 0.8795617
0.3301719 0.04617802 0.1880436 0.8829149 0.8121943
0.1016208 0.5511961 0.6849092 0.9048722 0.4769701
0.4032956 0.5133305 0.6461102 0.3326882 0.3519659
0.4233021 0.1411408 0.3117539 0.2590378 0.6602842
0.856194 0.3381038 0.05144988 0.6270162 0.3303706
0.173214 0.9467054 0.3674298 0.3287225 0.5773932
0.7672654 0.7891147 0.05069306 0.9731567 0.6767106
0.1146275 0.6804799 0.003190639 0.6157526 0.9780903
0.516519 0.2430183 0.1485469 0.166691 0.6714842
0.1994717 0.7484863 0.1977407 0.9695309 0.1818306
0.3559819 0.05659968 0.2085968 0.7861646 0.1921223
0.8138056 0.7060324 0.3997968 0.9312277 0.9138803
0.446948 0.2093061 0.6443071 0.707417 0.5203085
0.01445454 0.1119464 0.3458188 0.02476192 0.1425534
0.3730765 0.7900675 0.1000537 0.8211948 0.4026
0.06313289 0.4049909 0.7401242 0.2933039 0.093216
0.09343025 0.5646739 0.1398628 0.3985265 0.5154008
0.9166015 0.2833998 0.8313331 0.3211196 0.7483684
0.1827266 0.9075166 0.1836259 0.4709265 0.9462384
0.308963 0.9588719 0.8470687 0.3791376 0.5405056
0.07426575 0.7091241 0.8529601 0.1528741 0.7820945
0.251263 0.149641 0.8426075 0.01579269 0.8915606
0.4916375 0.5803469 0.6150319 0.7108998 0.003377431
0.1448449 0.7577609 0.07583995 0.6965574 0.4538157
0.7770906 0.6864837 0.6344578 0.8402231 0.581036
0.9229117 0.02659629 0.9346438 0.9905309 0.3343598
0.434932 0.3590516 0.707377 0.9277994 0.2709743
0.4579039 0.7295231 0.04124466 0.7984057 0.8749605
0.5759914 0.6004405 0.657722 0.01710466 0.3313736
0.3881624 0.5860389 0.5407601 0.944391 0.4102942
0.2115373 0.1886162 0.6878291 0.5804503 0.006549526
0.9245928 0.3288563 0.8774517 0.4483919 0.1918854
0.0589243 0.1404783 0.2678483 0.9347838 0.04997043
0.6722953 0.6827925 0.7845677 0.2459248 0.7879711
0.4964497 0.554154 0.1004272 0.1470838 0.7895379
0.6653125 0.2799329 0.4565969 0.6387051 0.1774035
0.9639185 0.01504834 0.09433183 0.6749558 0.2316525
0.06830871 0.388783 0.8167523 0.5810406 0.9055583
0.7876159 0.2332104 0.189016 0.905672 0.3379489
0.2024076 0.3797401 0.9234032 0.2509068 0.3070145
0.2372476 0.2456574 0.2585274 0.9709591 0.4998694
0.8006517 0.2186052 0.6122539 0.1959117 0.1129603
0.1744779 0.2254617 0.2914306 0.7395462 0.4888682
0.4758518 0.2444 0.4354675 0.08848621 0.364144
0.4186026 0.2533778 0.5373964 0.3919851 0.7306448
0.2162644 0.08349675 0.237508 0.606879 0.01764574
0.4301129 0.2825582 0.648236 0.04059977 0.08480409
0.8936704 0.3266105 0.9794042 0.686551 0.3501373
0.1047712 0.994618 0.1978216 0.1176245 0.857599
0.2848818 0.1368257 0.1800187 0.7966232 0.3930583
0.3869732 0.48305 0.2542564 0.5502448 0.1747331
0.7576958 0.122308 0.1589954 0.8988053 0.4247562
0.3740113 0.7001299 0.5888776 0.1214031 0.07464957
0.2998016 0.1981674 0.9746132 0.5998404 0.3784186
0.8965598 0.5490861 0.4452733 0.8957632 0.09556792
0.08711172 0.8610789 0.5201442 0.3008575 0.9621053
0.6642649 0.6040579 0.2357305 0.7232366 0.2284879
0.6227235 0.8296548 0.902068 0.1141592 0.5382263
0.4468577 0.51493 0.4679041 0.6630812 0.7662016
0.3290186 0.2153736 0.6677228 0.5005994 0.3456291
0.3042463 0.6693705 0.6053137 0.09877476 0.9772286
0.7250082 0.1602358 0.1755567 0.3608012 0.6051249
0.208306 0.5690027 0.1978313 0.5300331 0.3464289
0.7801152 0.836908 0.4267153 0.9521603 0.8372645
0.1908931 0.156656 0.5385902 0.9268062 0.3743697
0.3729279 0.3291915 0.008620595 0.7348194 0.8066833
0.6849194 0.417465 0.7996788 0.5064543 0.4857575
0.1253957 0.6247094 0.5704693 0.2555449 0.932341
0.1591 0.8763504 0.246015 0.8356216 0.7774717
0.2473186 0.2758645 0.2863686 0.8855064 0.1677354
0.998987 0.05659293 0.6502067 0.4010389 0.3225856
0.7788683 0.6803713 0.3343003 0.2269154 0.3160002
0.1677382 0.5921682 0.08023846 0.8392888 0.278311
0.7418798 0.9475116 0.2908952 0.8399825 0.7787226
0.3618602 0.3354307 0.724355 0.8945703 0.8275923
0.05622884 0.681727 0.9465463 0.5728686 0.06368282
0.1583323 0.5027856 0.2541684 0.289727 0.2720644
0.5447701 0.1091371 0.3416532 0.2739879 0.4908225
0.8014548 0.6007753 0.2836329 0.3809931 0.09087057
0.1133649 0.9515101 0.5759255 0.88745 0.1245304
0.412044 0.3200693 0.4260517 0.09427612 0.6920229
0.4237049 0.6900073 0.267814 0.8082004 0.61748
0.916389 0.8043121 0.5041569 0.5920594 0.6628696
0.7190637 0.05074846 0.07611499 0.6056296 0.7633747
0.7167204 0.8016441 0.6488372 0.7378617 0.03257828
0.3629193 0.5012186 0.184629 0.8583101 0.5921583
0.8139763 0.5237022 0.6041879 0.1402385 0.4198653
0.1707172 0.935878 0.4628282 0.9879105 0.9140785
0.4038585 0.3562681 0.3787407 0.6790162 0.4198701
0.4749638 0.584468 0.5181931 0.8295351 0.7420214
0.7558867 0.9634353 0.6559048 0.07634424 0.7118354
0.3516703 0.4807849 0.4825191 0.3649381 0.2550705
0.6071242 0.7646629 0.8918532 0.7557993 0.8987719
0.5988101 0.379962 0.825628 0.1783204 0.3017264
0.7443504 0.2615459 0.2722555 0.3419602 0.5222878
0.6430197 0.4635762 0.559081 0.1105695 0.5876429
0.4991297 0.3395943 0.4481798 0.4172301 0.7832936
0.7402121 0.2185109 0.4197429 0.5686836 0.0006416062
0.5619379 0.6590115 0.7310078 0.08591282 0.4436628
0.8811268 0.1615251 0.05453006 0.08546447 0.8523441
0.3443406 0.2180135 0.08422913 0.6547966 0.5896417
0.9056922 0.04004882 0.09984169 0.1885156 0.3228564
0.7649132 0.2497397 0.1020583 0.1018379 0.5671272
0.8082604 0.3309467 0.2749491 0.5259058 0.4266091
0.0369791 0.6727524 0.05887694 0.5075686 0.9088216
0 0.3187894 0.8871464 0.1017071 0.9503427
0.1192209 0.1413142 0.1099867 0.2149092 0.4001677
0.4948687 0.5657063 0.7235743 0.9524972 0.2942935
0.8719995 0.03724334 0.8955454 0.8050516 0.836308
0.2219664 0.3093047 0.8678866 0.5111041 0.521574
0.8445029 0.06450915 0.1445499 0.6880001 0.6468175
0.9199342 0.2105183 0.8314712 0.02702258 0.8820832
0.08769311 0.5553557 0.3778156 0.4402807 0.6244757
0.3021206 0.3207056 0.007113729 0.1778456 0.1428255
0.1944076 0.3961642 0.9466902 0.8757754 0.7837538
0.8650792 0.9334916 0.2547222 0.001973641 0.3906353
0.5440605 0.1474534 0.3742271 0.6719111 0.5257183
0.1560662 0.4512357 0.1449978 0.9132128 0.7360728
0.8446748 0.7598944 0.581356 0.3435095 0.3046818
0.1831434 0.1301044 0.9429016 0.6822763 0.6990474
0.09638251 0.1061317 0.9646889 0.8338665 0.4803595
0.4177449 0.524762 0.630106 0.1804011 0.1795115
0.1905192 0.7217949 0.2467696 0.7679656 0.1954517
0.6199582 0.1898524 0.5729652 0.5963688 0.3892821
0.2320566 0.04338312 0.01657536 0.7842493 0.9622904
0.6354451 0.864327 0.2035861 0.6072839 0.7596813
0.5895409 0.2538444 0.2326163 0.8724359 0.327329
0.8753067 0.5704121 0.05026387 0.3847659 0.3047629
0.5440454 0.3640747 0.5295569 0.4669051 0.6817369
0.9430894 0.881891 0.09209849 0.2263329 0.06098742
0.264105 0.7476695 0.408046 0.8696001 0.6097538
0.0006823043 0.02569028 0.4670949 0.8454444 0.7624712
0.745262 0.03965508 0.5784606 0.7367457 0.7205507
0.5241903 0.3179754 0.8392565 0.278441 0.1626703
0.7724708 0.1732262 0.6802683 0.6180056 0.9002237
0.5235602 0.3221407 0.6139841 0.8422546 0.6812835
0.4276784 0.6078042 0.3122176 0.3595265 0.8674571
0.05948814 0.668147 0.04085483 0.49773 0.03909351
0.3552098 0.6083528 0.9574721 0.2523967 0.5476897
0.6280649 0.8197939 0.9687067 0.1611085 0.6285466
0.04929802 0.8277389 0.1374948 0.5090644 0.9981643
0.6146513 0.8188177 0.2374613 0.8640306 0.03052249
0.2274678 0.8271551 0.3567706 0.1504967 0.2198814
0.6982219 0.8443122 0.352128 0.1835099 0.04359723
0.1137681 0.2511861 0.5981748 0.972174 0.4885576
0.4310385 0.6708016 0.1408724 0.9629257 0.1318388
0.3338609 0.1169477 0.6556692 0.6581235 0.36228
0.2000791 0.6698211 0.05987189 0.9861964 0.2942989
0.9565529 0.8025707 0.4964627 0.8149962 0.6769823
0.07281939 0.3251385 0.2278626 0.9764429 0.1908043
0.4161824 0.5053667 0.2478727 0.4865319 0.01566406
0.2996763 0.9807411 0.005706962 0.3663052 0.9204506
0.3942678 0.3446114 0.2865199 0.1632614 0.6983371
0.568602 0.1683469 0.7284479 0.8186348 0.6830677
0.8358235 0.4981979 0.8893397 0.1607348 0.9989921
0.6883055 0.6811354 0.6763118 0.9421062 0.9379058
0.346885 0.9980056 0.4390973 0.2467986 0.5757154
0.2849121 0.1175952 0.08615576 0.4396247 0.8293679
0.3347507 0.1178393 0.4316671 0.1438092 0.9779843
0.341601 0.7768872 0.872675 0.1958152 0.1413317
0.6490655 0.2520913 0.05149225 0.6917227 0.3063829
0.6225803 0.02660344 0.2511781 0.7294342 0.6585963
0.7950179 0.4301319 0.7500427 0.18728 0.7076643
0.3022569 0.7551184 0.6095518 0.4256448 0.5928006
0.895175 0.65015 0.9733797 0.9409851 0.6962072
0.282839 0.1461032 0.5085878 0.09188309 0.2328044
0.9475818 0.4185819 0.2389188 0.5636923 0.92545
0.2147956 0.3170227 0.5795896 0.04304409 0.6361769
0.8839803 0.5296109 0.8015988 0.1058026 0.9101701
0.6454 0.9030346 0.8731497 0.3341976 0.9844401
0.6179737 0.546158 0.9243053 0.1651776 0.7136083
0.6009487 0.1286519 0.3451323 0.2635405 0.114758
0.07739533 0.2304267 0.7952972 0.2096137 0.2234221
0.536861 0.5435089 0.902366 0.9373631 0.9066825
0.4342752 0.04146307 0.03824513 0.821027 0.6612441
0.8839258 0.4353725 0.06713184 0.6320816 0.8992984
0.2794313 0.9217667 0.4256118 0.2837237 0.1607519
0.4782918 0.7044936 0.8540057 0.0890168 0.9605658
0.07344383 0.3076358 0.09927082 0.866938 0.9617765
0.2417665 0.6674177 0.06127478 0.683546 0.4429911
0.1174477 0.227486 0.644378 0.6775189 0.05789779
0.8900931 0.2394117 0.1068296 0.7330799 0.3640554
0.9049 0.1497575 0.8854752 0.7860264 0.2519955
0.8264366 0.6325513 0.3316329 0.8360029 0.699608
0.2823647 0.009762435 0.3047456 0.2007302 0.1884892
0.8662238 0.1543888 0.7574989 0.08090616 0.4216428
0.668305 0.5097733 0.3718872 0.453286 0.9214402
0.1516739 0.5100753 0.05616914 0.8414662 0.8625339
0.01473167 0.8505234 0.2219953 0.943897 0.8322349
0.7205298 0.09563641 0.5197405 0.9837229 0.8705645
0.09484808 0.3690497 0.6658127 0.6364574 0.5560285
0.9899939 0.8286695 0.2001617 0.7804899 0.4518815
0.6479455 0.1153021 0.1432798 0.1420651 0.4193032
0.93405 0.1586041 0.2064169 0.3760604 0.7047522
0.779164 0.084846 0.6379899 0.6290754 0.9766514
0.6288868 0.3520466 0.4368445 0.08725553 0.5517234
0.4101963 0.7607795 0.5189155 0.1802367 0.7009224
0.8479594 0.5782797 0.3481731 0.9729794 0.2369491
0.9069519 0.05438651 0.2644054 0.6069905 0.1890813
0.6367711 0.9071993 0.5824171 0.2044731 0.9611064
0.5747637 0.6088943 0.799897 0.6748675 0.7914741
0.08636833 0.9676065 0.1476073 0.2676039 0.4020794
0.8943414 0.971427 0.1713304 0.4410196 0.5876178
0.3870796 0.3994757 0.8496422 0.9859854 0.0020909
0.9632991 0.003463016 0.5190987 0.8045118 0.31219
0.8836097 0.3039605 0.8855106 0.4945369 0.373697
0.5050447 0.6362522 0.9137102 0.6228309 0.1180469
0.09767183 0.1566299 0.3628865 0.3730338 0.8492348
0.6272617 0.7912517 0.8635199 0.5858216 0.4290226
0.340277 0.104827 0.226505 0.5774613 0.536229
0.9487766 0.1238005 0.6657473 0.9407015 0.9157486
0.6588539 0.9726606 0.3241033 0.8213822 0.009831206
0.5924901 0.3677813 0.703639 0.347686 0.3070894
0.6310773 0.7354178 0.1605354 0.9927539 0.805878
0.153026 0.5233378 0.3921299 0.482918 0.3878592
0.7434993 0.8689215 0.8546466 0.7438323 0.7946609
0.800454 0.4922237 0.6581214 0.7041735 0.6294344
0.4386021 0.8419099 0.9356634 0.5761759 0.2683872
0.04090823 0.110904 0.7035417 0.2400445 0.1751023
0.2760513 0.3483743 0.5118527 0.1064586 0.4115336
0.8825655 0.07670026 0.6193831 0.7749255 0.4987123
0.2852725 0.6506885 0.9552786 0.1113023 0.6789476
0.7121526 0.3790032 0.5883392 0.6839205 0.9947786
0.2225738 0.4232741 0.3385649 0.1884578 0.6073806
0.4139107 0.5939362 0.8299678 0.7390693 0.5965507
0.4208002 0.8747475 0.5333907 0.004479589 0.1110803
0.6935663 0.8321086 0.001575155 0.1031348 0.2814984
0.9016215 0.781787 0.1174735 0.5251592 0.8843565
0.3426388 0.03727306 0.881498 0.7473973 0.5997771
0.230339 0.4477231 0.3071619 0.4840526 0.7175144
0.78139 0.4491757 0.6332971 0.425539 0.6489972
0.5563115 0.01426058 0.9026764 0.01976095 0.6746896
0.9296681 0.8887672 0.002822546 0.8455264 0.009771904
0.679598 0.9868108 0.1525027 0.8436758 0.5790813
0.618133 0.369635 0.8672646 0.7179426 0.9941529
0.02957243 0.02143471 0.1563624 0.9062634 0.2394454
0.23772 0.7730512 0.352869 0.3487942 0.06431386
0.7203498 0.1668224 0.244485 0.9854731 0.7710619
0.9649381 0.7108644 0.5785294 0.9831695 0.004987548
0.9419799 0.6407564 0.7319289 0.5695874 0.4105913
0.7720778 0.7617765 0.6056055 0.7038119 0.1830774
0.1343529 0.4716576 0.235429 0.8717152 0.8208086
0.9035786 0.07104342 0.7125942 0.2740643 0.617263
0.7275249 0.08014759 0.3880499 0.4293946 0.7565356
0.9208697 0.8550893 0.01988301 0.1343387 0.4768747
0.6183007 0.5843614 0.6520718 0.4262356 0.6212722
0.06585516 0.8158422 0.8931025 0.9920836 0.7667275
