0.832934 0.1061392 0.02215931 0.866711 0.2174386
0.007935828 0.2150465 0.852532 0.9666771 0.0547096
0.006612445 0.2867512 0.9989882 0.8525632 0.4926255
0.04432771 0.6409734 0.5242643 0.5439253 0.679438
0.2631822 0.6473635 0.2545667 0.09274082 0.9259237
0.6747501 0.9648773 0.6061353 0.5614688 0.8081666
0.2910326 0.9161496 0.09274828 0.6363991 0.135647
0.4826295 0.1787336 0.2085602 0.1305236 0.7139857
0.8702283 0.8201068 0.566103 0.2349075 0.4648238
0.5562903 0.5246225 0.6875211 0.8215866 0.7204698
0.3211197 0.2387216 0.782186 0.9787944 0.8990035
0.4281033 0.5666069 0.3184901 0.7595568 0.7721443
0.7047511 0.2738657 0.6852189 0.7651116 0.8124538
0.3573172 0.8441909 0.556655 0.6752746 0.7381864
0.346334 0.6774539 0.7465467 0.4276291 0.03369984
0.4404352 0.5569938 0.863334 0.261207 0.7532531
0.1873652 0.6383752 0.9710887 0.7936135 0.4684669
0.06522035 0.2411365 0.05621836 0.9171089 0.5961052
0.6457532 0.43311 0.4850694 0.5169466 0.8740759
0.7501172 0.002015995 0.09584072 0.7760434 0.4581019
0.03087596 0.9878193 0.3413371 0.2762545 0.6074122
0.9327703 0.5976692 0.4567406 0.1146459 0.9724847
0.1066873 0.7386379 0.06767736 0.07382883 0.9324192
0.3943308 0.4733037 0.2877638 0.8855821 0.5327289
0.5997366 0.7843504 0.09671854 0.4152449 0.4015569
0.02411259 0.5915538 0.2651057 0.6418353 0.6850538
0.3959467 0.9799421 0.3760573 0.5970038 0.1809417
0.2985003 0.7279011 0.9643874 0.4299959 0.41889
0.4002777 0.1223004 0.1140504 0.3943594 0.4089451
0.3347803 0.9478583 0.4788882 0.4480072 0.3894531
0.3224919 0.3599842 0.8785813 0.2313312 0.1030134
0.8155427 0.3543509 0.5854269 0.9371268 0.2622632
0.1588306 0.6104507 0.0469392 0.8706381 0.4328671
0.1726267 0.7442139 0.3489208 0.2253027 0.189055
0.9835937 0.9272486 0.4556031 0.6492792 0.5967625
0.4640563 0.1402624 0.926738 0.05266627 0.064267
0.1609785 0.002666989 0.9983186 0.3918474 0.9555971
0.6422456 0.03258563 0.7056757 0.3341694 0.9299373
0.3589024 0.8008936 0.06742843 0.2952417 0.08449834
0.02578322 0.1464687 0.6272341 0.04011134 0.9638465
0.94248 0.2837504 0.4769328 0.8244676 0.7949955
0.1577596 0.3205376 0.6632393 0.2545353 0.6248221
0.6997014 0.9341908 0.7634613 0.5492038 0.9924693
0.4373385 0.8149682 0.4385731 0.2464953 0.9902082
0.9244797 0.4485764 0.7092015 0.5654756 0.8655418
0.8452253 0.7132693 0.4066904 0.8532787 0.8468948
0.02787582 0.04039341 0.1473237 0.1261706 0.563301
0.2457842 0.8828741 0.3503839 0.03348813 0.3860194
0.3183964 0.9090279 0.7549608 0.01555502 0.6876619
0.184061 0.05009607 0.1499537 0.3282269 0.2132413
0.5927313 0.8239787 0.1090703 0.2723146 0.03877366
0.5810534 0.7472548 0.358435 0.7501329 0.7412163
0.8243031 0.8918501 0.9576165 0.0661415 0.3013911
0.5833997 0.6555268 0.4103704 0.004185715 0.6379338
0.0615013 0.9430327 0.9990393 0.815887 0.3709058
0.3812992 0.6842941 0.8475114 0.9241962 0.5163481
0.7185717 0.3207958 0.7584937 0.733076 0.7527893
0.9119637 0.6213984 0.09537174 0.05512016 0.247269
0.2278579 0.8536565 0.6319776 0.7485702 0.2040387
0.1017017 0.08022753 0.9493786 0.3417197 0.3927181
0.3446512 0.1410332 0.356103 0.9833574 0.4097009
0.7081134 0.3383041 0.8802863 0.118357 0.3457119
0.7830193 0.3660819 0.8076077 0.415481 0.5027991
0.09686912 0.9083384 0.7255432 0.2696163 0.2141945
0.3972168 0.6661345 0.9378307 0.06850979 0.6597372
0.5381493 0.8916801 0.1610921 0.5876181 0.8026794
0.1799701 0.1499314 0.2087952 0.6861117 0.04196923
0.6887126 0.9777662 0.2743366 0.3217777 0.483017
0.5999586 0.3251482 0.7414115 0.08430335 0.665074
0.2480066 0.2942342 0.465299 0.03331915 0.6252614
0.2142885 0.5384776 0.2121501 0.4599771 0.6369543
0.2538323 0.1142501 0.05364164 0.215154 0.268031
0.8096815 0.5262986 0.3868163 0.1958212 0.9257146
0.5979351 0.5646149 0.685218 0.8950082 0.4909849
0.9216718 0.2000897 0.7687469 0.359475 0.1488125
0.7018653 0.7284962 0.2496311 0.2429984 0.1313206
0.4672816 0.8013284 0.7092104 0.4321562 0.7972068
0.9708831 0.6800588 0.2218879 0.002142606 0.1160699
0.8369131 0.2617027 0.5309514 0.559078 0.9683287
0.1735067 0.5454265 0.1139995 0.01942193 0.8411985
0.6494131 0.8913099 0.1904676 0.8124587 0.2898043
0.8751973 0.4763243 0.7543498 0.9191859 0.5194468
0.5872202 0.5716993 0.5340948 0.9447038 0.8624907
0.214521 0.8122283 0.7668652 0.610073 0.3471204
0.2964293 0.3663161 0.7935936 0.0542123 0.9201629
0.4719136 0.6241065 0.6372293 0.6212659 0.6046408
0.03649903 0.5469211 0.593968 0.7274816 0.4091503
0.5396279 0.6893664 0.3638859 0.2878249 0.3125742
0.05712511 0.6733349 0.08116396 0.2063099 0.09103325
0.2181097 0.7312605 0.1943906 0.5636337 0.4300931
0.9988829 0.8072377 0.1056101 0.9707252 0.7407776
0.4046287 0.6995569 0.9872072 0.481263 0.2598883
0.2050803 0.6081355 0.7613227 0.4818137 0.9073739
0.171915 0.4805379 0.7333755 0.1468223 0.1110646
0.7805231 0.04589751 0.5302702 0.7956524 0.5109553
0.289847 0.2771052 0.2386273 0.9830926 0.2280784
0.2098574 0.3859366 0.2318801 0.235519 0.415204
0.6891703 0.9572287 0.7495878 0.9865563 0.3629269
0.9509507 0.1603835 0.3444283 0.07137796 0.3261544
0.6359227 0.3293538 0.07550417 0.2264555 0.7701013
0.6804308 0.04763139 0.4950621 0.1946618 0.03275626
0.07699669 0.08343777 0.2368419 0.07186956 0.8822726
0.5137747 0.2223311 0.5828578 0.7564604 0.572826
0.131889 0.3158518 0.2827499 0.475299 0.8598396
0.6303107 0.314399 0.7914274 0.6893341 0.1479694
0.6170396 0.1292229 0.2225807 0.9476938 0.3522146
0.1673003 0.5376229 0.6828142 0.361607 0.9795071
0.5708633 0.7839012 0.1490355 0.7449983 0.9758064
0.5019531 0.8558592 0.5143008 0.4650864 0.8707273
0.47853 0.1976166 0.1467204 0.8035317 0.05106691
0.1523502 0.314825 0.005818671 0.9090536 0.820765
0.03727313 0.9807626 0.2355557 0.6415672 0.8630608
0.01327317 0.5642082 0.3752818 0.5226076 0.1093264
0.2217768 0.4261866 0.913949 0.2268841 0.1395821
0.9170527 0.2705301 0.4384679 0.000341577 0.6916982
0.1943008 0.2919892 0.4624812 0.5163449 0.5771422
0.680313 0.1193852 0.6374035 0.07628454 0.7974177
0.1921617 0.7499583 0.8239269 0.3301336 0.2290325
0.1387805 0.2391989 0.1908958 0.2378526 0.956281
0.9413142 0.03839066 0.8520263 0.06358788 0.8351725
0.3094073 0.9423545 0.7101232 0.2139527 0.2818348
0.5203047 0.2058259 0.1609286 0.2345807 0.9428865
0.3164092 0.05179359 0.3796322 0.708859 0.5904691
0.3671392 0.9323972 0.08016582 0.2672681 0.04762206
0.9903942 0.3601563 0.1375087 0.3503958 0.06220734
0.3533037 0.9557555 0.213291 0 0.6494106
0.9218386 0.7803517 0.6025652 0.1421454 0.5096371
0.03648139 0.1169071 0.9524536 0.3678388 0.8695147
0.5307214 0.8724463 0.4202333 0.122576 0.4052234
0.2441887 0.3043987 0.6630876 0.1973477 0.2608031
0.3285891 0.3165721 0.3053636 0.7379112 0.6676987
0.7982693 0.2272121 0.4787547 0.3139275 0.7121002
0.5017113 0.916782 0.7876014 0.09292232 0.9946772
0.5942452 0.01923825 0.1785208 0.5278793 0.6967605
0.786688 0.7573014 0.3022792 0.004732829 0.2211727
0.5211648 0.7551916 0.329544 0.9896552 0.01347146
0.1122608 0.1076241 0.5800505 0.6172286 0.3108084
0.01089228 0.8367531 0.3305907 0.9935354 0.4559763
0.2451636 0.0744905 0.9350386 0.1203623 0.2695765
0.6979536 0.4077482 0.7127763 0.3412314 0.2215182
0.5503025 0.5835011 0.9414215 0.8812961 0.720788
0.8340043 0.4870764 0.8808788 0.8132556 0.162347
0.8443334 0.4515609 0.6639319 0.1355427 0.4021055
0.4803906 0.3182781 0.5585221 0.8336943 0.2754248
0.3443999 0.4456689 0.7622991 0.02445088 0.09089444
0.03330392 0.5586667 0.4745641 0.6086722 0.0966798
0.9287159 0.4057376 0.8541564 0.9851261 0.1250715
0.07809715 0.2902566 0.05132942 0.7695959 0.8358176
0.2802969 0.6392768 0.02810781 0.187806 0.9776841
0.7199733 0.5421048 0.2878469 0.1722029 0.8599614
0.7633055 0.0405305 0.5069557 0.8162308 0.3389052
0.6193295 0.7618076 0.8258968 0.270972 0.6167069
0.7609346 0.4704172 0.571434 0.1940794 0.7988589
0.7912339 0.4126139 0.03456162 0.9211436 0.9207153
0.860333 0.373942 0.8888098 0.2665821 0.4932149
0.5218994 0.9157308 0.05709042 0.4180789 0.5086243
0.9880689 0.3616686 0.3379139 0.3976395 0.9587368
0.3248285 0.5589557 0.6260706 0.1655135 0.02466006
0.3461834 0.09854693 0.03315349 0.9483106 0.4120913
0.8973376 0.2629189 0.1791114 0.02395302 0.7915913
0.801145 0.2618662 0.2706205 0.8889422 0.5285457
0.7397378 0.1582691 0.6410148 0.8890735 0.1516914
0.8632622 0.1615809 0.8645262 0.4276096 0.7073255
0.04620056 0.2534479 0.2506908 0.1711112 0.1130033
0.7303761 0.3481879 0.3647129 0.431849 0.138838
0.773181 0.6799878 0.1928197 0.1224625 0.8759964
0.3128968 0.5838096 0.5628666 0.8003554 0.7536849
0.2633791 0.2509178 0.2580573 0.7936537 0.224493
0.2750546 0.04825091 0.7806815 0.7089305 0.6195006
0.9365976 0.2355924 0.2951148 0.5861449 0.3609212
0.4750212 0.870184 0.6077008 0.7563135 0.1856638
0.5962559 0.7812508 0.7979875 0.01825954 0.02188168
0.2447896 0.968715 0.01782507 0.9085581 0.9477773
0.4073367 0.2539112 0.4478712 0.1680988 0.6680369
0.9775614 0.5103589 0.6041963 0.4278052 0.1601822
0.5915012 0.2775438 0.764777 0.191954 0.3050849
0.6913753 0.6550103 0.862744 0.6575862 0.4354694
0.5377327 0.3545562 0.7189194 0.6560498 0.7638698
0.6412144 0.575035 0.1426354 0.2972369 0.3393621
0.3535026 0.7320547 0.06398589 0.6485826 0.3927867
0.9904597 0.8019196 0.04754973 0.9805564 0.4538495
0.7949412 0.7233177 0.4575012 0.0528427 0.8861865
0.1373545 0.7298959 0.5173186 0.8467003 0.407342
0.8651866 0.6372523 0.3927887 0.002328614 0.1909838
0.6616362 0.4986052 0.5468878 0.04728004 0.7598179
0.8613965 0.06678823 0.3129742 0.2101357 0.219906
0.4580129 0.5283014 0.8903613 0.2460602 0.2365834
0.6384303 0.4936693 0.9835929 0.0942625 0.2869384
0.5009802 0.4762713 0.9625917 0.2182966 0.9568305
0.9739063 0.1477518 0.7380148 0.5532513 0.5951674
0.2297301 0.211997 0.9658251 0.4289449 0.08510186
0.3390826 0.9943633 0.1135772 0.3994722 0.3197386
0.8459611 0.1661309 0.6733484 0.188439 0.5896114
0.4940406 0.7984632 0.2252241 0.4695422 0.5005402
0.1291768 0.6881572 0.939329 0.4929916 0.1787763
0.6870267 0.5868454 0.02871223 0.2129849 0.1496344
0.2667227 0.08269522 0.1961531 0.7224276 0.6208261
0.1473685 0.3302376 0.1287131 0.7346338 0.1653174
0.3465673 0.007960606 0.08185509 0.3134452 0.2594323
0.844335 0.4563327 0.7994421 0.6744462 0.1114666
0.08878232 0.6485127 0.7781892 0.07659671 0.2101878
0.6456083 0.4039208 0.2606861 0.7110848 0.3424058
0.2225272 0.4754201 0.6876949 0.248102 0.1444036
0.8409879 0.5932474 0.2409939 0.6279949 0.07392721
0.6065481 0.01473998 0.7964756 0.07563136 0.4872168
0.9239118 0.2454025 0.2087285 0.9067115 0.07405793
0.5992074 0.5235755 0.5633116 0.9406828 0.631037
0.9412652 0.4602516 0.5527455 0.6784986 0.9747891
0.1457323 0.7301669 0.9393128 0.255582 0.1228706
0.6283659 0.4188025 0.6689703 0.9695198 0.8615398
0.3106799 0.3950607 0.9581463 0.5872353 0.7057789
0.2234942 0.1853257 0.1854447 0.6673825 0.4138
0.1930435 0.5838304 0.8920789 0.3020743 0.3840425
0.2327553 0.4562575 0.7575922 0.8273566 0.5102618
0.8790336 0.2650962 0.5934407 0.5587547 0.04870845
0.5284011 0.6442078 0.2948903 0.787146 0.1127429
0.713533 0.06483875 0.9426554 0.1070929 0.4286536
0.4217708 0.2154553 0.3569647 0.4351913 0.5454612
0.3220583 0.3408353 0.5572835 0.9150427 0.5431982
0.3752849 0.7245799 0.817409 0.2921859 0.09106557
0.2375098 0.05820135 0.5737415 0.254678 0.4575577
0.9328718 0.410256 0.6822117 0.5879481 0.6856717
0.5219815 0.9620982 0.5996649 0.05568051 0.2647115
0.3473065 0.8118381 0.1109061 0.5468241 0.3417136
0.9537095 0.07187467 0.8581961 0.2192872 0.4776344
0.1040498 0.3013878 0.4124436 0.05840847 0.163546
0.2198409 0.3460752 0.9763236 0.6681699 0.5910541
0.4519798 0.5928596 0.5361626 0.9396577 0.7124859
0.7046446 0.7128324 0.9349701 0.20158 0.9276829
0.4654062 0.295156 0.7859953 0.5206532 0.5606022
0.9194568 0.1046497 0.1606715 0.129466 0.09177478
0.992853 0.8941351 0.627988 0.05091322 0.8744205
0.4221828 0.2367986 0.8904931 0.795762 0.6612148
0.7476692 0.4966495 0.5043273 0.6683827 0.9943623
0.9545995 0.5671817 0.9294178 0.02901306 0.378512
0.5102367 0.7014616 0.9210466 0.116229 0.6390114
0.6129017 0.9819691 0.1745315 0.8538638 1
0.7055917 0.8738646 0.4275674 0.5901959 0.3343346
0.8870332 0.4106863 0.006527123 0.1032449 0.674403
0.294858 0.2414903 0.1832016 0.01574124 0.9172691
0.4565982 0.4084171 0.866852 0.2927092 0.6347138
0.9295626 0.836582 0.3723999 0.7502254 0.7741697
0.1729891 0.3135037 0.168222 0.8275276 0.1872511
0.5252292 0.2070886 0.8641928 0.2204994 0.8845129
0.722555 0.1383637 0.8103542 0.204039 0.01231418
0.5068564 0.1727235 0.9790379 0.01552298 0.4920571
0.2487175 0.8175913 0.5789437 0.3629717 0.9964573
0.8112165 0.7401997 0.5860264 0.8473722 0.8440651
0.6608006 0.1741658 0.7815003 0.8479311 0.640484
0.6450688 0.8635099 0.8528521 0.383115 0.4297079
