0.09585032 0.03067142 0.4049352 0.7274036 0.7947749
0.4180781 0.08251697 0.2077907 0.8513511 0.1145339
0.0504545 0.2140696 0.704452 0.441188 0.4722068
0.9755824 0.1342016 0.9948376 0.7112513 0.8581892
0.9605843 0.009853463 0.05599501 0.2182107 0.2908186
0.03063146 0.7960023 0.4995715 0.5189276 0.2530897
0.3242182 0.1713919 0.1252284 0.2382978 0.7009732
0.9265536 0.3536902 0.2321173 0.146864 0.3217098
0.3591762 0.5615721 0.1488875 0.4180689 0.4857171
0.8435377 0.4357306 0.3562086 0.7818462 0.2828591
0.1529433 0.1222299 0.2637614 0.498988 0.5577332
0.6377706 0.4643993 0.02428702 0.2646741 0.3162057
0.476062 0.2113597 0.9530799 0.2925184 0.6004692
0.02345479 0.7390445 0.9777383 0.2119693 0.1350492
0.2393748 0.8762033 0.5136067 0.02715689 0.02707632
0.4356035 0.4907987 0.3960262 0.3733221 0.3404792
0.8306041 0.4248871 0.8983745 0.888728 0.6914633
0.5674738 0.7835112 0.1619516 0.7749388 0.5087536
0.171488 0.3137948 0.9584411 0.7745206 0.4104039
0.04150157 0.7847878 0.6082476 0.5814816 0.6160368
0.01971623 0.2625479 0.1921582 0.8392035 0.4797596
0.6636595 0.4850032 0.8810685 0.4494071 0.3003498
0.9162436 0.5143838 0.6557274 0.2962175 0.4408149
0.8348871 0.5470554 0.3247506 0.6810217 0.6908617
0.5309197 0.6295243 0.5631229 0.8561425 0.1214163
0.06585698 0.6128932 0.3489155 0.7541881 0.8500081
0.4102506 0.07783244 0.6696064 0.1689633 0.7117005
0.9270665 0.8500981 0.7364556 0.5752073 0.7810594
0.9829395 0.3152128 0.6942506 0.254374 0.7356794
0.1961111 0.4815737 0.8221136 0.5165209 0.3825703
0.494751 0.8487949 0.9121286 0.2262449 0.6225879
0.4018514 0.6587948 0.9880952 0.5165856 0.4073282
0.4523339 0.3902391 0.9451717 0.6107532 0.7559755
0.468807 0.5023307 0.374502 0.7893129 0.8090008
0.06646913 0.9363305 0.6097432 0.8650956 0.8271248
0.964351 0.1366259 0.9299538 0.05625981 0.3849059
0.8067759 0.8948599 0.9300219 0.3420189 0.5880408
0.5752887 0.7889146 0.6878563 0.636442 0.8165913
0.9102258 0.9777701 0.02754374 0.007920922 0.08679342
0.6832898 0.3481618 0.3717586 0.7115315 0.5945667
0.8156811 0.01915143 0.9598756 0.3581278 0.3870568
0.614337 0.6610814 0.8185684 0.9440425 0.7310985
0.3983644 0.6113152 0.5818947 0.3226074 0.9348974
0.3417779 0.4221691 0.4909754 0.09464624 0.8668309
0.05178749 0.4385579 0.829905 0.2485161 0.7683492
0.05768572 0.2977562 0.9656658 0.1458294 0.9994865
0.5124608 0.2523641 0.6792793 0.7671304 0.1374433
0.5265189 0.2483833 0.6964213 0.5446101 0.8348504
0.7706665 0.5442762 0.795049 0.9571922 0.4596529
0.3294512 0.9728939 0.6199169 0.6291485 0.445525
0.9993993 0.594625 0.6174156 0.6380955 0.2824108
0.5077318 0.588854 0.3065843 0.4905385 0.1601622
0.2097579 0.246464 0.1043836 0.4205758 0.9658833
0.9656302 0.4846267 0.2165943 0.5436937 0.3735402
0.2389031 0.520094 0.6952852 0.5264096 0.7192914
0.9583936 0.4290112 0.06830074 0.500707 0.2155559
0.6127228 0.3539423 0.7419997 0.149553 0.4204079
0.4201311 0.3196032 0.5603794 0.1838276 0.9502963
0.3855329 0.9005585 0.6405416 0.3795403 0.3030655
0.219798 0.7879407 0.6718248 0.8775336 0
0.4647016 0.4062232 0.03295004 0.9671456 0.8925244
0.001113499 0.2993787 0.7103794 0.4819409 0.1747222
0.2191196 0.5045659 0.3605126 0.397486 0.8573031
0.9735614 0.4901369 0.3102299 0.7471477 0.6415773
0.1773227 0.3342136 0.01334682 0.4839361 0.2244704
0.4705599 0.4602933 0.01732119 0.447053 0.2699656
0.248228 0.8089224 0.0621743 0.05374018 0.9834936
0.5604156 0.9576845 0.7207922 0.1601069 0.570628
0.03645212 0.9522461 0.4987156 0.4174087 0.5213248
0.6354851 0.01681082 0.6885788 0.1698613 0.285903
0.4372177 0.5344875 0.8483448 0.8669265 0.1636472
0.1238375 0.8505311 0.5553421 0.1118781 0.4270518
0.4640901 0.4473662 0.5968901 0.02716129 0.05642528
0.9984371 0.6788892 0.4891496 0.3414971 0.858823
0.8177419 0.7264228 0.05349757 0.8662078 0.5835585
0.3437261 0.7953762 0.5845834 0.009597234 0.9026816
0.6966248 0.7260013 0.2108681 0.9397801 0.5218999
0.4509783 0.1068193 0.1004235 0.8964175 0.08608599
0.7463772 0.7213358 0.9056788 0.2957885 0.9336014
0.4713881 0.1370039 0.9930603 0.8246976 0.6957951
0.4993269 0.2288941 0.5930503 0.03131332 0.5727618
0.001356003 0.8217207 0.8020609 0.7006464 0.02404991
0.1331195 0.4701691 0.1688178 0.1072403 0.1218189
0.9604329 0.1115852 0.8571092 0.3180944 0.08666796
0.07371586 0.6975464 0.8217457 0.3991913 0.2890914
0.144445 0.336485 0.5632752 0.5209575 0.6068793
0.648419 0.3311566 0.07569888 0.6377191 0.06734169
0.4372202 0.3512507 0.6547755 0.2248002 0.8655182
0.6703381 0.791491 0.9001966 0.6970268 0.8721165
0.8148603 0.6309264 0.7370358 0.8060794 0.9505847
0.4024424 0.9921801 0.7508957 0.9469799 0.7354458
0.9251469 0.2576989 0.9807662 0.940942 0.001577419
0.02964794 0.6529484 0.8221494 0.4093003 0.1938861
0.2947612 0.5480603 0.9024272 0.5270238 0.5331641
0.6131938 0.1305801 0.08881342 0.8837597 0.8850735
0.4113822 0.5231133 0.4958317 0.2496246 0.9900105
0.498282 0.497557 0.9453568 0.9883158 0.8965072
0.9223967 0.8271014 0.6965681 0.3367263 0.8431263
0.9882793 0.3791589 0.2065977 0.4001153 0.6960801
0.7924011 0.3614599 0.1906644 0.922744 0.6283842
0.8716083 0.1672077 0.9783959 0.1716774 0.6421458
0.2210614 0.8481 0.8301494 0.3897197 0.3532071
0.7355328 0.7493167 0.0837896 0.8894161 0.8079565
0.4804813 0.05003456 0.9687648 0.771139 0.1646144
0.03263992 0.08827206 0.9468864 0.6021682 0.5050092
0.6731924 0.8091177 0.4120596 0.1122508 0.9609567
0.10894 0.03947162 0.05366423 0.8907184 0.4906251
0.6112445 0.2344926 0.1135704 0.4572479 0.3250075
0.2601 0.4667933 0.4000513 0.6569622 0.9669521
0.5822148 0.3431718 0.7906499 0.912089 0.5563379
0.2447171 0.6444881 0.8305234 0.7050006 0.02763564
0.6457431 0.2167939 0.7462045 0.6749105 0.2075012
0.02653542 0.8532411 0.8567102 0.1533192 0.459564
0.05843208 0.7889569 0.9140338 0.4835741 0.3666438
0.2296438 0.4081531 0.1116553 0.923981 0.2402888
0.2659678 0.07723945 0.9307104 0.5147844 0.05186749
0.660204 0.623722 0.6725733 0.1487568 0.8911094
0.9833198 0.6124983 0.2006541 0.3775356 0.05515485
0.915405 0.3254219 0.2183288 0.7176984 0.21546
0.7949329 0.7017881 0.6827416 0.3894169 0.04197674
0.8222648 0.1618632 0.9600791 0.5033241 0.9833304
0.7794888 0.1733242 0.5840197 0.004093135 0.4244
0.6835183 0.4367913 0.4948052 0.3480844 0.9912978
0.354159 0.06428456 0.2786773 0.4846062 0.2920641
0.02064022 0.7182776 0.6142739 0.09601066 0.1758767
0.1446479 0.706102 0.02780563 0.5861379 0.1497716
0.3757795 0.5271407 0.9183129 0.733343 0.2451676
0.6425428 0.9516471 0.9336857 0.9037753 0.1205346
0.3938838 0.6115402 0.7875426 0.0358079 0.9930487
0.7740652 0.6037812 0.01455978 0.004111226 0.1731973
0.01958372 0.8670779 0.629685 0.5451983 0.8851309
0.2225786 0.1828638 0.8356628 0.7730681 0.8041474
0.5811012 0.04052776 0.6043053 0.7338885 0.1908049
0.9066838 0.6450684 0.9074904 0.2330678 0.3894909
0.4886204 0.3641986 0.4567155 0.5361036 0.7665247
0.3526621 0.888996 0.5061356 0.04629604 0.5415728
0.7610878 0.1472102 0.1256042 0.7465684 0.3772445
0.7091449 0.673312 0.5855949 0.4726721 0.2331519
0.8256112 0.6807585 0.2401717 0.03576737 0.9198013
0.479695 0.5497784 0.4092129 0.1667413 0.02692624
0.7168289 0.4679679 0.2433675 0.5372926 0.5084482
0.3257596 0.8839377 0.379668 0.7913301 0.2553309
0.6453955 0.4233495 0.2230522 0.6700163 0.1018696
0.3694167 0.2747313 0.1310825 0.4842402 0.02125234
0.1591562 0.6287568 0.1132589 0.7724889 0.4395861
0.3982875 0.8053561 0.9757096 0.1521078 0.6492588
0.3153961 0.8714209 0.8555245 0.2998204 0.5453604
0.07505326 0.5751689 0.7875601 0.2078642 0.9165597
0.2143374 0.2420128 0.04599832 0.2712091 0.4047215
0.02185579 0.9025844 0.3952615 0.2720381 0.1918839
0.207313 1 0.3313492 0.4693732 0.5761333
0.9734689 0.7546237 0.5015062 0.4622327 0.439366
0.24864 0.9952617 0.6096063 0.9263157 0.7399837
0.2665413 0.6379826 0.1665377 0.02325734 0.8167135
0.8198489 0.81582 0.2538226 0.1234174 0.5917571
0.2854815 0.9533096 0.01899471 0.2776589 0.09940374
0.631598 0.3989924 0.6623333 0.5942822 0.02189249
0.7362956 0.2532243 0.7965881 0.1316811 0.3403554
0.4382664 0.7584602 0.9678398 0.4637216 0.897325
0.6542541 0.7271584 0.2437484 0.6875004 0.41324
0.2828535 0.5492115 0.452856 0.3889903 0.4036992
0.07191173 0.4688487 0.859462 0.5702741 0.5999056
0.3787273 0.7993791 0.7907169 0.2005758 0.6700282
0.008584487 0.740125 0.3924944 0.6151085 0.4412731
0.5499036 0.4859039 0.234385 0.9184787 0.1745938
0.2692884 0.7959266 0.8757442 0.06872397 0.4240196
0.0605769 0.5663427 0.9025298 0.6352405 0.4463636
0.8481585 0.1464176 0.7018712 0.2304382 0.634624
0.1883693 0.8380418 0.9209423 0.4352265 0.4643171
0.5149018 0.06559986 0.2602183 0.986001 0.2202563
0.6153825 0.8979907 0.3658551 0.02092925 0.03852569
0.1333377 0.4191051 0.7371485 0.1570169 0.009566795
0.7781254 0.5335024 0.4777173 0.6236545 0.7111541
0.872524 0.3259102 0.6023161 0.101065 0.3678672
0.3046738 0.7781796 0.2964144 0.1379337 0.4456588
0.8683273 0.08169684 0.9619094 0.3488629 0.01402721
0.8789758 0.2972041 0.7207598 0.7677494 0.002965514
0.9743375 0.5483401 0.5186553 0.09007735 0.982216
0.1422897 0.5702109 0.2048977 0.9555577 0.1674653
0.9198596 0.7804392 0.2569308 0.4199195 0.8468712
0.6007266 0.5328079 0.6550992 0.1953287 0.6906301
0.8521183 0.5419717 0.5375311 0.9419256 0.5465602
0.5861234 0.8166757 0.8662733 0.3091558 0.7294111
0.5738023 0.678719 0.5016974 0.4790897 0.9744328
0.4163564 0.03053796 0.7237238 0.243405 0.4517302
0.7201461 0.6192391 0.606128 0.4190114 0.7318063
0.4566681 0.7598585 0.4773193 0.2673265 0.3921535
0.09816845 0.4660226 0.9226197 0.4364068 0.1216402
0.1154643 0.3463483 0.06198539 0.6430404 0.8232934
0.7048886 0.364482 0.2021478 0.6879237 0.5841393
0.5085163 0.1615555 0.9663572 0.2227248 0.5642567
0.4517576 0.3196607 0.8009745 0.27118 0.9828401
0.376872 0.2104355 0.5338152 0.9215968 0.09131586
0.2622515 0.6309501 0.7323536 0.5591142 0.3831886
0.5298373 0.8828715 0.1616752 0.4024548 0.1652656
0.488446 0.3032326 0.1655302 0.2674851 0.8927098
0.9634408 0.6993777 0.06931864 0.2092714 0.9537747
0.7266185 0.8323958 0.05286248 0.4905967 0.02423816
0.4697927 0.542883 0.3157835 0.4471984 0.7601587
0.6031193 0.1871544 0.9047836 0.6288956 0.9229722
0.2819556 0.4044314 0.4904109 0.661635 0.1008936
0.3465773 0.4248885 0.5101432 0.2208541 0.7131467
0.6211356 0.3589459 0.02272927 0.03297801 0.03537067
0.3440585 0.7009196 0.8986943 0.8041647 0.3357939
0.6884788 0.6639057 0.9149721 0.2885432 0.5866473
0.5964647 0.2612508 0.7645127 0.9940189 0.02682983
0.04098123 0.5363873 0.02557694 0.3968147 0.07627464
0.7967815 0.06601727 0.06504074 0.04874487 0.5339205
0.9689453 0.2100998 0.6684092 0.008755989 0.8035142
0.6026974 0.3570783 0.1167479 0.6610924 0.09802547
0.1627745 0.4286131 0.2866337 0.8031553 0.7893958
0.3026208 0.5511521 0.6648636 0.4126331 0.1565553
0.6079051 0.7946118 0.5751896 0.803524 0.3900993
0.4241473 0.371158 0.8655737 0.5478877 0.08372866
0.3247117 0.8220749 0.5812627 0.8924151 0.4700455
0.00721105 0.4462585 0.448894 0.17594 0.1877629
0.4155747 0.1448396 0.7254335 0.9596979 0.5984126
0.4987717 0.5676587 0.7205442 0.7476691 0.08002745
0.565719 0.6682153 0.504287 0.5189206 0.192118
0.3552087 0.669531 0.8453307 0.2734491 0.9449479
0.7911192 0.1776591 0.5224662 0.4574365 0.233616
0.9547031 0.9711067 0.03130346 0.1421072 0.02541037
0.6037574 0.8806665 0.6381096 0.4578425 0.3461353
0.832365 0.3390169 0.4158948 0.4405075 0.7954854
0.2913997 0.4397683 0.4711629 0.2134873 0.6646341
0.6525277 0.2960813 0.5577583 0.1967885 0.6047126
0.6590288 0.08692861 0.5305382 0.4948567 0.9403693
0.8780235 0.1440591 0.8003991 0.1937102 0.8352106
0.9498213 0.9872281 0.2474464 0.2577068 0.4545125
0.7945162 0.9915848 0.4164058 0.6599894 0.3618041
0.6911181 0.1935816 0.281866 0.03605322 0.3633889
0.6877762 0.440018 0.4307393 0.6869087 0.32261
0.7577126 0.9320649 0.973608 0.668704 0.4714246
0.2702091 0.7257003 0.4252441 0.103709 0.3396164
0.2091117 0.6854165 0.6241447 0.8064391 0.3450589
0.454816 0.8444323 0.04152988 0.05751693 0.7768941
0.2655427 0.1331239 0.6606257 0.8820513 0.9648937
0.4267184 0.03764494 0.6613747 0.8888088 0.516994
0.7210078 0.3010656 0.6307988 0.4902042 0.6484517
0.4521211 0.4198597 0.7851678 0.173756 0.2959762
0.3876421 0.6336984 0.9969575 0.07018619 0.2487801
0.3909443 0.3268927 0.951274 0.06517401 0.495198
0.9285524 0.1622026 0.8591096 0.05397017 0.1955854
0.4799406 0.4205232 0.8349613 0.5638027 0.6148562
0.2751557 0.4999426 0.7206544 0.8442441 0.4313856
0.3445301 0.5144609 0.9126004 0.002629206 0.7507903
0.8539556 0.899331 0.6565202 0.2387748 0.9030706
0.3754027 0.01658795 0.3982592 0.8101257 0.6041484
0.2769222 0.6538789 0.5936808 0.7689944 0.8827257
0.9047596 0.6211555 0.082893 0.4243007 0.1430777
