0.6420661 0.3275409 0.2677384 0.6582788 0.4142622
0.7107643 0.7091658 0.3521075 0.4365248 0.07354292
0.9578364 0.4172189 0.8206249 0.5928942 0.56324
0.3947059 0.2791225 0.3880447 0.7541499 0.5917928
0.09155767 0.06849239 0.07549637 0.4397629 0.5031919
0.6169265 0.4173906 0.3050924 0.7259498 0.19004
0.6831921 0.8402686 0.3009552 0.1464219 0.2252523
0.4952637 0.8566744 0.8212047 0.6491263 0.4922479
0.6878105 0.6326968 0.6322846 0.4380115 0.8243921
0.9570409 0.8002971 0.2009375 0.5047794 0.06299357
0.605609 0.7863194 0.9297445 0.8186035 0.858489
0.04438248 0.9696384 0.4787545 0.7546169 0.03619159
0.0499832 0.5160728 0.896167 0.5519475 0.7808878
0.6955006 0.142458 0.9289848 0.5674451 0.7083292
0.472724 0.2428273 0.9491299 0.6610582 0.2431162
0.407805 0.9085266 0.628252 0.460076 0.8861021
0.5777533 0.2510718 0.7229571 0.4159167 0.8055223
0.03433695 0.1400096 0.2141702 0.4114475 0.7730038
0.07611093 0.7943942 0.1942173 0.2699141 0.6850372
0.2140687 0.3424053 0.4000911 0.3759183 0.4089095
0.5794359 0.8826578 0.9600285 0.5333304 0.9111529
0.4647299 0.5203944 0.2844773 0.3894058 0.08451533
0.5607666 0.8633104 0.3279506 0.1587295 0.9030501
0.17314 0.2399271 0.5634239 0.8000385 0.5653644
0.6564978 0.6531689 0.345427 0.1538706 0.3787295
0.4218396 0.6695046 0.5865449 0.4729075 0.7321588
0.7322605 0.04166642 0.2344263 0.4320469 0.1991063
0.3060654 0.0007545061 0.1674544 0.1390931 0.8210914
0.4962423 0.08153642 0.2740788 0.2488419 0.8382922
0.7501981 0.5309037 0.4400547 0.2300093 0.8167128
0.4852084 0.1773627 0.5027178 0.5036209 0.4899151
0.9974069 0.4487067 0.4693984 0.1825401 0.06426298
0.3138428 0.4924162 0.5785443 0.8948546 0.7649698
0.3008638 0.7953266 0.4708599 0.7666174 0.3320943
0.7971151 0.7127921 0.4298637 0.5759567 0.6980529
0.2192701 0.509552 0.79679 0.6931209 0.06166303
0.3360323 0.5071592 0.2746964 0.5146588 0.1810747
0.922436 0.5673501 0.9733773 0.6555275 0.2982346
0.2775353 0.5764557 0.2619106 0.8103091 0.4307326
0.7419897 0.2258049 0.5162259 0.8142052 0.5051716
0.6547631 0.2066491 0.8128616 0.02472589 0.1390017
0.2617868 0.3345081 0.05205287 0.9221741 0.6755388
0.4403309 0.8961265 0.6508781 0.2146211 0.7138209
0.3828666 0.6667086 0.45456 0.8388274 0.6377209
0.03417328 0.5221472 0.6893055 0.9238565 0.9744495
0.7858661 0.1408818 0.1723031 0.5993158 0.4465838
0.9950613 0.7968101 0.3613892 0.9808443 0.3659925
0.3764486 0.4968851 0.2754956 0.6192045 0.7996305
0.4470497 0.02903729 0.3323404 0.6902279 0.8966249
0.5477448 0.02968811 0.4858543 0.6782153 0.2740105
0.7998033 0.5414596 0.1597896 0.4443499 0.31198
0.1336541 0.0268523 0.3474036 0.7986476 0.7208146
0.3670111 0.1668797 0.9117926 0.5384645 0.006525804
0.618025 0.1344624 0.04959652 0.5783914 0.3675591
0.5829281 0.7402007 0.2129146 0.281364 0.7624397
0.738215 0.1581789 0.5529825 0.4405492 0.8798057
0.7005514 0.1681124 0.1277601 0.4057155 0.7124914
0.3715057 0.1809593 0.1024277 0.03819426 0.6227871
0.3255643 0.4621884 0.4070244 0.512426 0.06218085
0.0556692 0.6601498 0.6536454 0.9293012 0.1930564
0.578825 0.8249012 0.4998965 0.1579326 0.8324673
0.2034221 0.8716113 0.8992446 0.7841185 0.2121873
0.6035356 0.9395985 0.4667757 0.6376034 0.1604895
0.3238873 0.204313 0.05774627 0.6935308 0.4307902
0.3336149 0.4437711 0.03852351 0.537627 0.7720825
0.7582863 0.4394831 0.3885941 0.06964354 0.6549252
0.01656367 0.5615248 0.5608258 0.9791903 0.1600034
0.7477048 0.1935815 0.2426464 0.2587432 0.7715142
0.6840972 0.3977257 0.7116548 0.8319626 0.641694
0.2291704 0.7023057 0.8181771 0.149907 0.9486264
0.7053514 0.4967987 0.4331565 0.8791028 0.06307516
0.671739 0.5414032 0.7161718 0.633123 0.887609
0.4859408 0.08805138 0.5969083 0.4742835 0.4908729
0.1813602 0.294238 0.4965309 0.03063828 0.271421
0.4582049 0.9595609 0.6384619 0.8568094 0.4399803
0.7250732 0.6115186 0.9012812 0.9667325 0.5984191
0.6690897 0.06565083 0.5350802 0.8213428 0.6213284
0.04548219 0.4359743 0.06167945 0.1266301 0.1621924
0.2523304 0.6340099 0.865815 0.440962 0.6339958
0.2938589 0.2738376 0.557775 0.8373152 0.6908608
0.9893288 0.6126083 0.1161201 0.4838258 0.3110709
0.8007157 0.2199034 0.4126161 0.434271 0.9669409
0.7726658 0.05812062 0.6711794 0.5686082 0.410176
0.6895469 0.8097436 0.06640221 0.4200977 0.6282964
0.3093673 0.1508211 0.3201588 0.9979137 0.5401089
0.477774 0.7361404 0.6519617 0.4668335 0.1581163
0.8905048 0.666243 0.8185063 0.5807734 0.1749437
0.3897099 0.8465862 0.7602658 0.4391696 0.3031243
0.0993376 0.2048877 0.07843691 0.1656642 0.7354525
0.5556534 0.1675622 0.6962055 0.6587586 0.8355401
0.035421 0.7571257 0.1204419 0.1892404 0.459048
0.9421783 0.1717054 0.4125737 0.02951443 0.1417272
0.04844681 0.3921554 0.2526372 0.5356627 0.4987871
0.6004815 0.4469611 0.5726305 0.9693402 0.7810767
0.7614679 0.8473166 0.01789721 0.4207649 0.4923217
0.3449356 0.9595575 0.7859885 0.5973793 0.4957394
0.1863265 0.1416801 0.3378548 0.9519216 0.4607018
0.7446278 0.4272369 0.2004844 0.8553434 0.4300794
0.1002897 0.6773597 0.5952874 0.8636189 0.8123988
0.7496932 0.07189884 0.3215555 0.09643731 0.8250677
0.5891701 0.03485976 0.4768074 0.8502261 0.5920273
0.713316 0.1757337 0.5688448 0.7608668 0.4382964
0.5881332 0.3187058 0.505683 0.1094428 0.7788172
0.7920697 0.1069284 0.08150922 0.677912 0.05265719
0.282131 0.04872419 0.8237718 0.2356202 0.3109002
0.9636942 0.09748888 0.5673452 0.7988168 0.8469362
0.231299 0.5888965 0.9443423 0.9540531 0.4998864
0.3319128 0.04965797 0.613329 0.6182948 0.4436815
0.6968244 0.4730752 0.7590138 0.1736792 0.2731054
0.2737651 0.04892198 0.5221842 0.5634809 0.8270133
0.8700028 0.1828704 0.6452084 0.8285293 0.536899
0.002823164 0.4018932 0.4027516 0.05196111 0.06963968
0.2100696 0.384556 0.1940255 0.7175592 0.533518
0.02372378 0.6945775 0.3712586 0.9433088 0.6301429
0.08164475 0.8984591 0.1340966 0.4781736 0.1835902
0.04989786 0.3544065 0.8154179 0.4078717 0.1707243
0.7514249 0.4058908 0.3295322 0.4292929 0.510535
0.4674038 0.9240247 0.4254101 0.4003681 0.561149
0.2227319 0.6873255 0.2437867 0.3478091 0.7338263
0.09742638 0.1343427 0.917153 0.6938054 0.03897572
0.9484728 0.3016954 0.3019114 0.936984 0.6419974
0.1488171 0.05005259 0.8398432 0.1323195 0.9553703
0.9797978 0.5456351 0.8432819 0.8316104 0.7096941
0.8031266 0.4567163 0.5104526 0.692092 0.5503394
0.3246765 0.3645316 0.3840179 0.01721545 0.6972458
0.3916381 0.7889964 0.5643854 0.3575639 0.7302374
0.5786034 0.3835244 0.3512815 0.934831 0.5169432
0.1985189 0.8021594 0.800929 0.2379619 0.9846776
0.2075268 0.01847246 0.007602338 0.5016308 0.2988407
0.299887 0.8240122 0.002519946 0.1251349 0.9850199
0.1836274 0.6677049 0.949223 0.3865432 0.2711657
0.6470981 0.1197545 0.5659263 0.1056874 0.7931456
0.2533161 0.2778684 0.6686165 0.2895884 0.8374025
0.8818996 0.4018312 0.7935267 0.523567 0.05499367
0.9413077 0.1044547 0.4815995 0.09321382 0.2744926
0.497827 0.3363686 0.2266676 0.9251964 0.5169413
0.9808307 0.7036979 0.782538 0.1686865 0.4686534
0.5107634 0.869158 0.8058525 0.4646683 0.4466078
0.5191187 0.8694331 0.3572484 0.9491427 0.2257539
0.4296945 0.01329908 0.8792608 0.2290064 0.2273627
0.5637129 0.636696 0.2948309 0.4593096 0.2889747
0.03518186 0.8307011 0.9993119 0.2289659 0.2446193
0.9773482 0.3804696 0.8669509 0.2957838 0.7048917
0.02658399 0.5231844 0.6506588 0.8853957 0.5058998
0.4632664 0.8299981 0.3773478 0.4148674 0.2217242
0.4766608 0.3068131 0.2701076 0.376522 0.7036429
0.4514135 0.9246398 0.0690828 0.8542356 0.1903141
0.1029094 0.7999097 0.4659792 0.8494839 0.6414927
0.6647667 0.6312249 0.1188259 0.3163378 0.1346853
0.5640637 0.4761369 0.629217 0.1764781 0.5620479
0.4378972 0.9228874 0.5778288 0.7828814 0.9740158
0.3069953 0.918996 0.292322 0.2129831 0.8570511
0.5308036 0.2000891 0.3532108 0.8658284 0.8505555
0.04992642 0.1755756 0.08303298 0.260828 0.1020607
0.3874107 0.2263817 0.1299508 0.5646675 0.5128505
0.9140413 0.5517727 0.2535257 0.9127399 0.287329
0.6603007 0.5121191 0.9311725 0.2233022 0.6129615
0.01621974 0.1916566 0.5286898 0.16153 0.7082276
0.5993682 0.2999919 0.6892013 0.767 0.1177118
0.6405338 0.5373803 0.1084346 0.01034417 0.06834881
0.4786205 0.4841742 0.2215125 0.5546999 0.1748138
0.03712566 0.8289046 0.1362562 0.629167 0.355912
0.6972468 0.04513254 0.2263048 0.1127122 0.5880405
0.1421263 0.1688547 0.5391465 0.260893 0.9276384
0.8731427 0.9105463 0.05073905 0.4103902 0.06719491
0.282853 0.2790475 0.8894295 0.6897038 0.9515817
0.2494106 0.3665537 0.4818903 0.9681174 0.5986795
0.5941031 0.2627877 0.8207398 0.1962143 0.4657792
0.841754 0.1142867 0.466593 0.05271346 0.8246958
0.9280821 0.5246529 0.503566 0.7770542 0.2378154
0.04110663 0.06918678 0.7651923 0.4544546 0.6385782
0.5681579 0.5722128 0.3963089 0.2568645 0.8099737
0.324137 0.9836884 0.8288469 0.913345 0.7573859
0.5963722 0.5259911 0.03652613 0.8574492 0.1974024
0.2702395 0.8847279 0.8452858 0.3365792 0.9079093
0.1039417 0.2984932 0.9973457 0.3512147 0.7314575
0.1822763 0.3431361 0.4208444 0.7906668 0.8326507
0.6950447 0.6616389 0.844801 0.4533901 0.6288352
0.05983068 0.1792608 0.4060189 0.5092242 0.8181051
0.6920624 0.4924063 0.455188 0.9652999 0.6270871
0.7368091 0.6442836 0.2078912 0.2224871 0.179107
0.2263037 0.5770003 0.4618002 0.1023738 0.5217464
0.8401975 0.556636 0.2224119 0.6277589 0.9851245
0.6594305 0.8159015 0.6908584 0.7366471 0.4741474
0.5562906 0.8601096 0.6371702 0.7508835 0.8192603
0.7558137 0.3931223 0.1817383 0.7230823 0.3310645
0.7068749 0.2557795 0.8123673 0.4454545 0.503287
0.9527029 0.909677 0.7738 0.8345534 0.736821
0.6648221 0.73614 0.6933239 0.6600034 0.6176566
0.01134104 0.3926229 0.9203117 0.1710586 0.775534
0.4643531 0.05288341 0.4403882 0.396459 0.1429886
0.579745 0.05658371 0.8723001 0.07362351 0.556121
0.1538162 0.9042174 0.8296803 0.7872422 0.8575722
0.8020437 0.7545846 0.6976409 0.7998795 0.03874694
0.131167 0.8500638 0.821429 0.6357776 0.8518423
0.6982851 0.5030006 0.9470228 0.07695227 0.5492931
0.6079951 0.3852643 0 0.4940786 0.3497992
0.4994851 0.8235252 0.110512 0.9664979 0.9381311
0.8039369 0.4285471 0.07355847 0.430984 0.8820274
0.2602514 0.5805725 0.3234328 0.05095055 0.814198
0.6776487 0.7424497 0.5074091 0.696919 0.8078034
0.1630325 0.4018414 0.5195975 0.2316951 0.1350124
0.8035226 0.3612785 0.5931724 0.4995157 0.09098591
0.4555131 0.8068775 0.7732462 0.2209403 0.307686
0.7006375 0.1765395 0.6888477 0.1709222 0.3798698
0.6773056 0.1573966 0.3751125 0.3575126 0.5398397
0.1427386 0.4105581 0.9671596 0.03320154 0.5828995
0.8309957 0.4011862 0.965257 0.5903683 0.3452746
0.5006009 0.8573045 0.6248174 0.6428054 0.2413801
0.7231222 0.886518 0.4685313 0.4518112 0.3941828
0.5606243 0.8832408 0.2515698 0.5028235 0.3691886
0.0477033 0.3640833 0.7659021 0.1116289 0.764317
0.4943948 0.925437 0.02787794 0.02274064 0.03325181
0.002108009 0.6137816 0.8548533 0.284841 0.6258085
0.6699021 0.36592 0.8108685 0.8701767 0.9957595
0.442014 0.8946214 0.9523396 0.02719709 0.6192427
0.9726695 0.4990089 0.1984067 0.7932278 0.2800076
0.4364972 0.7662757 0.9698478 0.9514264 0.8292923
0.4712934 0.9344245 0.3725343 0.6938064 0.417822
0.7416211 0.9755858 0.3085342 0.8092657 0.6791416
0.04677537 0.1530125 0.9541919 0.09460932 0.220988
0.6211887 0.6380751 0.6104349 0.7798646 0.9744543
0.356394 0.7283449 0.4653429 0.9196038 0.9989783
0.4695529 0.5494636 0.3363466 0.4953186 0.4146439
0.9766818 0.3679651 0.2645774 0.01070109 0.7794786
0.6196378 0.4924934 0.7683486 0.2502317 0.1876974
0.6468894 0.3774302 0.5696333 0.0002511654 0.2181926
0.4691452 0.9725582 0.6481444 0.9304319 0.8101556
0.4667077 0.08173589 0.5134398 0.02904 0.5405837
0.6659279 0.7789637 0.3463611 0.5159041 0.7392857
0.521227 0.4923554 0.3522449 0.9305511 0.9830252
0.0106501 0.7478533 0.686296 1 0.5786601
0.2755379 0.7450125 0.5642127 0.7603613 0.7414286
0.6084701 0.5568533 0.2834968 0.3861256 0.5431161
0.9057813 0.7484141 0.2761343 0.5500847 0.2987198
0.9867066 0.1726676 0.4572031 0.9661433 0.1740795
0.9147901 0.3071298 0.368335 0.6122937 0.3170344
0.5299467 0.8521794 0.2389204 0.9596442 0.9328824
0.7834697 0.5336737 0.5427062 0.8827504 0.4732202
0.5033878 0.1301949 0.5425324 0.9230464 0.3031946
0.3097493 0.9177261 0.6015451 0.9968248 0.6543174
0.9876409 0.8074735 0.553107 0.595051 0.4439854
0.5983817 0.2625614 0.5913434 0.4027129 0.6727243
0.5659198 0.837255 0.6252517 0.8738659 0.3003507
0.6362185 0.70233 0.7962625 0.2461588 0.8624159
0.3146559 0.3917309 0.359665 0.6577384 0.9676401
0.6334672 0.3622877 0.1482874 0.2346044 0.4834359
0.03584605 0.2113894 0.4233787 0.4426453 0.6805196
0.8011541 0.7955043 0.5099637 0.7139751 0.1556796
0.4604531 0.7161975 0.5817879 0.1885219 0.8090513
