0.9003234 0.7377828 0.5928625 0.07964488 0.04254417
0.738602 0.01527719 0.5054432 0.6799337 0.3175571
0.5940516 0.1868797 0.9152533 0.7477609 0.6358899
0.292771 0.8250314 0.5804092 0.05896544 0.9654469
0.08136987 0.06749239 0.4103901 0.1250854 0.3497533
0.001862808 0.1882497 0.6172663 0.1164043 0.270292
0.08108274 0.9205818 0.8876338 0.4617882 0.3202161
0.1332668 0.7238859 0.8255752 0.3094289 0.1770777
0.02258596 0.5431324 0.3906365 0.2191239 0.5460442
0.8295512 0.03584284 0.5079314 0.9217026 0.1896592
0.6692443 0.5728517 0.7454921 0.1772199 0.6224418
0.7826213 0.8174771 0.8671686 0.361372 0.2345981
0.4351649 0.5321118 0.527466 0.4725846 0.009178269
0.4391935 0.427264 0.738508 0.1656838 0.9464958
0.1004035 0.3296466 0.9951255 0.6177951 0.5053907
0.1500352 0.1720153 0.1045998 0.3092634 0.3359262
0.1889909 0.8658037 0.8903232 0.4866934 0.4084316
0.767263 0.2564944 0.6185719 0.2838765 0.2265223
0.7364045 0.1498518 0.3055093 0.9492104 0.8939702
0.03443869 0.3960017 0.2170842 0.1286172 0.4671162
0.9442861 0.1308216 0.8442331 0.481972 0.1969207
0.622721 0.5661924 0.3774744 0.6419952 0.8881881
0.5548572 0.9306577 0.1173992 0.5163158 0.3980547
0.3685711 0.9017959 0.4988367 0.4891626 0.4752527
0.5419742 0.5564931 0.8413475 0.1117961 0.1493932
0.6330223 0.7109003 0.8648286 0.4538473 0.8768673
0.6572493 0.153511 0.1729021 0.4996462 0.772521
0.8289438 0.3393235 0.07263352 0.2310604 0.6748689
0.8194134 0.7670453 0.3596734 0.4682577 0.5917191
0.9291886 0.2010976 0.5436562 0.9594409 0.8312826
0.7988825 0.580383 0.1689485 0.3212081 0.9679565
0.9346381 0.07945924 0.5215779 0.7284386 0.8108695
0.7223994 0.4786292 0.9408721 0.6595797 0.6743505
0.1723166 0.1087115 0.3834752 0.2751512 0.4639016
0.1305619 0.5907429 0.5456119 0.2506758 0.5341631
0.003314477 0.3686612 0.5306743 0.4516366 0.6877924
0.2731381 0.5323804 0.5202276 0.436969 0.2905212
0.4144925 0.9895029 0.6047896 0.6312894 0.9845908
0.3041333 0.5236632 0.1853353 0.6016205 0.1901487
0.3324259 0.1503314 0.1848183 0.7406994 0.3642942
0.167809 0.5078699 0.3455213 0.03775445 0.7304837
0.1744392 0.7097525 0.1141499 0.9513322 0.7665147
0.1436265 0.5423124 0.8582992 0.07758432 0.9879551
0.1142504 0.1478731 0.7782263 0.7198723 0.7151013
0.4011975 0.6927797 0.4358841 0.2054786 0.4274925
0.1251052 0.2882965 0.8751991 0.562756 0.5135982
0.8119923 0.6668354 0.3445191 0.3567875 0.4230857
0.3606144 0.8481957 0.4951408 0.8985176 0.3186854
0.1024946 0.1898723 0.4739758 0.599251 0.7663535
0.370497 0.4971856 0.8732302 0.8614612 0.4311197
0.7175318 0.6181024 0.3097356 0.1182431 0.965546
0.1165692 0.4464966 0.2842505 0.5668 0.2609116
0.5828024 0.4164514 0.9533831 0.7940845 0.7603209
0.2555304 0.1762792 0.4079324 0.3768901 0.8105629
0.8109482 0.7152078 0.9755099 0.7582248 0.6375885
0.4656358 0.7004728 0.9012179 0.9360748 0.3421272
0.9575935 0.3821141 0.5783948 0.9310718 0.1814437
0.307796 0.8530207 0.5107375 0.6953403 0.02589224
0.7500974 0.5678888 0.1209575 0.4597999 0.7369864
0.062716 0.499722 0.1608181 0.7798585 0.03203561
0.5885713 0.5307557 0.2354961 0.8813473 0.6966449
0.8809337 0.4019396 0.6986375 0.7777111 0.3002598
0.5097103 0.3078213 0.1416232 0.2056934 0.2020988
0.7765888 0.2336924 0.6058259 0.2276883 0.02476036
0.5767281 0.4423092 0.9466879 0.5540074 0.2396927
0.4538805 0.9590218 0.7072871 0.2995757 0.05057524
0.7155343 0.2752224 0.9053208 0.7283438 0.795309
0.3472755 0.7486666 0.9525449 0.8758984 0.2289459
0.2424303 0.6381201 0.6658401 0.2508426 0.9196884
0.01381961 0.9937135 0.01395925 0.6396448 0.2604498
0.2589809 0.6315872 0.747802 0.288913 0.1434682
0.9495631 0.5923921 0.215907 0.336025 0.3071668
0.3434029 0.1668382 0.5285498 0.06287559 0.06641433
0.1330734 0.7303969 0.9372044 0.8253692 0.1166173
0.2028614 0.1406293 0.2218781 0.7676409 0.1018472
0.04695597 0.6112564 0.1405593 0.3516711 0.5363044
0.7031865 0.5183943 0.6311688 0.6944274 0.4393796
0.8339954 0.710726 0.2953893 0.4670024 0.5977197
0.8267814 0.1653212 0.9920169 0.6518914 0.6750116
0.1938332 0.7633755 0.8696795 0.1064247 0.4066616
0.9593096 0.7971785 0.3266978 0.7753181 0.005574057
0.1225818 0.2491341 0.2290191 0.01782128 0.3396215
0.2519844 0.2689407 0.2508656 0.9578979 0.4558059
0.01927658 0.4846215 0.3542656 0.141056 0.08659298
0.9834219 0.3491238 0.8823871 0.6083969 0.7435296
0.6421151 0.7237544 0.9051675 0.07215818 0.8560509
0.003852462 0.3335389 0.3916148 0.6784908 0.2310412
0.1053523 0.5982099 0.6057618 0.7868427 0.2674958
0.9599311 0.3165981 0.7175842 0.6798214 0.4579176
0.1593478 0.8171224 0.3359878 0.5003685 0.1977386
0.2723571 0.4944013 0.292294 0.8590042 0.1991263
0.3742028 0.8331623 0.9517175 0.7820619 0.9141357
0.8000573 0.1922925 0.6127342 0.6869864 0.04602945
0.003797839 0.845955 0.7621585 0.2544599 0.9934143
0.1929883 0.4982315 0.2216571 0.3027762 0.3285964
0.8318678 0.5529168 0.07357585 0.07763847 0.5010344
0.1748568 0.3546844 0.0872096 0.8500763 0.4082779
0.6366572 0.9952525 0.1960872 0.9088448 0.6064409
0.9565081 0.7335708 0.4852772 0.8398931 0.3749974
0.2882402 0.9525174 0.1296983 0.621873 0.3930708
0.5225305 0.9137701 0.9037539 0.1811971 0.8066625
0.3789299 0.8123515 0.5821219 0.9974184 0.4194025
0.06723406 0.7113533 0.2742233 0.4197185 0.1467131
0.1029461 0.8216324 0.1479344 0.3947896 0.2127376
0.9114637 0.4389993 0.1317279 0.7555677 0.7819308
0.1939977 0.1639682 0.9209886 0.9909551 0.7393393
0.7574825 0.5576338 0.411735 0.1631839 0.03004032
0.2908357 0.4079112 0.314323 0.284471 0.8319328
0.3113064 0.2939944 0.01881802 0.243696 0.2831386
0.9903128 0.4388838 0.6224783 0.982046 0.952166
0.5547612 0.8809675 0.1070056 0.09804858 0.02773074
0.9751026 0.3958176 0.5723129 0.8280997 0.1569675
0.7041809 0.2680616 0.07380118 0.6105999 0.682249
0.9952729 0.804367 0.4605259 0.5271406 0.5402662
0.6841004 0.6165968 0.1722474 0.5125265 0.5511893
0.05674936 0.8459862 0.7804396 0.3694926 0.3418834
0.9870161 0.2044496 0.7685829 0.0339815 0.3168374
0.8124642 0.5696353 0.5430205 0.3495919 0.4001094
0.8946101 0.06642146 0.002566677 0.79567 0.1169749
0.7599373 0.2136644 0.4813764 0.008928485 0.05530657
0.979628 0.5721533 0.5179952 0.841365 0.8895292
0.3635416 0.2902596 0.7253435 0.1638336 0.1560745
0.06155695 0.08209248 0.4521847 0.3694075 0.6881806
0.5554561 0.5635245 0.02500005 0.8436122 0.6706392
0.331671 0.7982728 0.109063 0.1627148 0.9866753
0.2453413 0.8970742 0.2866977 0.169486 0.2569158
0.3899744 0.7094224 0.2776252 0.9802568 0.4034948
0.4386657 0.254242 0.9202694 0.9491925 0.3091184
0.037386 0.3580161 0.9014134 0.7589714 0.9983095
0.4735225 0.206935 0.1842681 0.6567304 0.3711093
0.9801709 0.7726112 0.5144738 0.1212245 0.5081061
0.1499964 0.8684294 0.04760251 0.5879709 0.2409655
0.06641324 0.7886715 0.03785776 0.497186 0.5700586
0.4885945 0.9745717 0.9419773 0.8450061 0.5373644
0.2145896 0.3268301 0.5890065 0.9664426 0.8204322
0.7514463 0.001650825 0.6077375 0.6480324 0.289116
0.3667961 0.1806144 0.6227006 0.6204185 0.2055767
0.9332271 0.9586405 0.2123108 0.05359162 0.1696432
0.252396 0.4399467 0.62974 0.5569646 0.8172179
0.2050506 0.0933232 0.326333 0.1783693 0.4817731
0.5428183 0.4468564 0.8667363 0.85604 0.635126
0.5681232 0.7434955 0.1869176 0.3349491 0.1481467
0.6235358 0.3882626 0.8772826 0.9104893 0.4094677
0.2417043 0.136056 0.2800624 0.1046446 0.8896192
0.8582409 0.4719839 0.6164058 0.2721163 0.1927552
0.5454871 0.5737794 0.813331 0.3294968 0.1227373
0.6997681 0.6487859 0.1362561 0.2727744 0.6130168
0.7037533 0.8105197 0.4814859 0.5949666 0.860515
0.1139821 0.8928491 0.5578033 0.08428245 0.2827605
0.1223421 0.9462578 0.103015 0.2380221 0.8767073
0.7823107 0.390857 0.671281 0.1022145 0.7966343
0.6885905 0.8832488 0.9916557 0.9229835 0.7209993
0.6899589 0.1557397 0.9707536 0.4174302 0.2895869
0.9596719 0.5581466 0.5442526 0.7190516 0.08687813
0.9221038 0.7014252 0.9586956 0.8698399 0.6504787
0.9319849 0.3686769 0.5931133 0.2941616 0.8435138
0.1379401 0.6891409 0.06994167 0.8611654 0.8839638
0.5087877 0.2444447 0.5139613 0.5999642 0.1177006
0.396334 0.6695846 0.8818501 0.7566426 0.9218863
0.7175136 0.8331535 0.4691833 0.08823519 0.4639717
0.2098865 0.1304713 0.1265145 0.7879739 0.5066055
0.6537163 0.3241055 0.7323825 0.7952634 0.9935006
0.06394628 0.9620073 0.7654776 0.5483626 0.4234323
0.9838326 0.1561276 0.8237684 0.08423536 0.6501089
0.4079479 0.05768669 0.2987549 0.9698351 0.9378975
0.5374059 0.0826749 0.5996134 0.2722106 0.2719903
0.1304186 0.9325381 0.03833383 0.6119029 0.7148334
0.9074048 0.2173713 0.4440672 0.3558035 0.5588451
0.3779955 0.5685006 0.5579589 0.6651227 0.289127
0.4229879 0.0448043 0.8347342 0.8961583 0.8686518
0.3458283 0.5802304 0.2943002 0.3014443 0.0729871
0.7715813 0.02374856 0.8772556 0.2256727 0.2321114
0.5935192 0.05804275 0.2602442 0.2892423 0.2484498
0.63555 0.1517952 0.9878528 0.1798306 0.0308575
0.5336268 0.8911672 0.2438867 0.8693944 0.3562263
0.09881346 0.3576146 0.9613777 0.3762364 0.2784607
0.7275242 0.3941327 0.1123591 0.5862362 0.1960172
0.4048273 0.6855748 0.6987967 0.1209558 0.3120255
0.9678652 0.04625486 0.7412261 0.8913125 1
0.7298806 0.08611358 0.7602202 0.9407645 0.7524834
0.3511108 0.4437438 0.9503957 0.7212925 0.6899074
0.9737328 0.776623 0.02914178 0.7573447 0.7238049
0.4182985 0.9665331 0.08857959 0.2663734 0.7491368
0.7578898 0.8666092 0 0.5556216 0.8440121
0.9413823 0.6685708 0.1992996 0.809476 0.7509285
0.4409204 0.7844815 0.5458334 0.8022621 0.5864311
0.9173635 0.6988787 0.1303694 0.6426694 0.7563028
0.6191776 0.3285747 0.6977728 0.1420085 0.05794724
0.5740266 0.9447219 0.4713275 0.7502082 0.6193231
0.7386114 0.5601707 0.5078103 0.8372196 0.8336329
0.7177015 0.2534199 0.2248636 0.697478 0.5898104
0.2374645 0.2642976 0.2525326 0.3343251 0.6738355
0.853104 0.6070384 0.2911018 0.9318938 0.8573995
0.01369869 0.2616925 0.7963337 0.6841929 0.2499289
0.8830972 0.4654123 0.3918213 0.422939 0.8157136
0.5984608 0.1348155 0.2051109 0.7619595 0.7158459
0.381358 0.3487826 0.221671 0.3209463 0.9237776
0.9212228 0.610844 0.2716545 0.9889572 0.9614844
0.6844356 0.08663386 0.784547 0.1734952 0.6186529
0.6472966 0.163883 0.9903513 0.2835793 0.6508429
0.1261525 0.9048183 0.05626236 0.8116649 0.9481153
0.4912769 0.1921569 0.9663014 0.08592467 0.6484459
0.9744955 0.8748412 0.6735205 0.04936445 0.7378476
0.1664622 0.8900952 0.08131573 0.3166446 0.6414634
0.1915089 0.6609906 0.9433812 0.9451333 0.4201627
0.5896682 0.7394541 0.5992359 0.4572816 0.8293583
0.2346129 0.8116586 0.8345398 0.782009 0.3087506
0.1306781 0.6891242 0.5044246 0.3386621 0.4339686
0.3544001 0.3022715 0.4995282 0.9783348 0.8024738
0.3915833 0.1999483 0.4534062 0.9980824 0.5805337
0.308798 0.1324843 0.9065909 0.4606416 0.3774888
0.736109 0.05907957 0.3957767 0.8640069 0.4922361
0.7960299 0.6523617 0.4530493 0.7918082 0.6752978
0.08222935 0.4701073 0.1847754 0.8196394 0.7013126
0.8951613 0.8067293 0.8311625 0.5100174 0.03257556
0.2386136 0.8128224 0.1562768 0.538602 0.196989
0.1952747 0.2429089 0.04548938 0.9689105 0.9575685
0.4083753 0.2194906 0.1117886 0.2139891 0.5895045
0.7584578 0.4181678 0.8512256 0.4515585 0.1154875
0.4856139 0.2576002 0.9098234 0.9627445 0.3995369
0.1051289 0.6270605 0.8920981 0.8713952 0.8911478
0.3781211 0.08626403 0.5208885 0.6986562 0.3366587
0.04111961 0.9685729 0.3166848 0.3451544 0.9014786
0.4409462 0.8860413 0.5066842 0.7827478 0.5314782
0.6995726 0.7425616 0.07569203 0.3291366 0.01789022
0.02077891 0.819999 0.2844202 0.3228901 0.08823122
0.0394898 0.5786523 0.9098962 0.6385345 0.3281917
0.8055839 0.805139 0.9208043 0.1456778 0.4710061
0.194173 0.351878 0.8237484 0.009329236 0.4994239
0.5448277 0.7449124 0.0507181 0.6991347 0.9784334
0.5064072 0.3005418 0.5342944 0.9151045 0.1268731
0.6149754 0.383484 0.4680641 0.1000079 0.5055775
0.1038226 0.915941 0.5125078 0.4423609 0.002558122
0.3136333 0.4417401 0.5368573 0.02628489 0.2117864
0.8669309 0.6781562 0.8233396 0.5776527 0.07364878
0.7059838 0.9279144 0.2474985 0.8768719 0.8344325
0.4958843 0.935422 0.9169004 0.709217 0.599355
0.4700712 0.3628392 0.5943625 0.8661046 0.06569833
0.994362 0.4619302 0.1924183 0.2680368 0.1726717
0.6251031 0.3459992 0.2630327 0.6309861 0.003398822
0.5632154 0.6863867 0.718062 0.3650386 0.5012855
0.5151021 0.8356085 0.1703416 0.751818 0.8856857
0.2017066 0.6084938 0.7489276 0.8333193 0.2454124
0.487077 0.4425496 0.2683961 0.2429781 0.2827942
0.2604398 0.686195 0.2381262 0.2969329 0.3091262
0.8206519 0.5049346 0.7999249 0.7843311 0.6305114
0.7285371 0.1482472 0.08451334 0.8334513 0.7786839
0.08369645 0.4725217 0.04136306 0.7749947 0.5854367
0.1550282 0.4120024 0.3747472 0.8690608 0.5460668
0.9933317 0.9366423 0.1845471 0.3640579 0.9119847
