0.4485994 0.5593261 0.9507971 0.8489792 0.6718782
0.8200966 0.846702 0.1215939 0.610969 0.2436399
0.1611923 0.8355551 0.6534076 0.3652605 0.6773223
0.1199771 0.6612454 0.2068791 0.1878992 0.7337728
0.5254071 0.9789708 0.4029788 0.09930644 0.1835838
0.3501865 0.6153572 0.3800831 0.8942987 0.597356
0.272819 0.06414674 0.5232442 0.696389 0.8542241
0.9755444 0.04604196 0.8377267 0.8423889 0.2828865
0.167961 0.8224007 0.09828735 0.6364211 0.08980235
0.8176054 0.3302452 0.4110566 0.135531 0.2829872
0.3615973 0.09541558 0.04008466 0.3533445 0.5005057
0.3590302 0.8532639 0.8966506 0.4433849 0.1294502
0.8003312 0.5665934 0.1211482 0.4977531 0.9077742
0.8560586 0.02275156 0.9828887 0.1419791 0.2042401
0.244625 0.4872619 0.2731602 0.3690778 0.4736533
0.8044862 0.2880847 0.5679328 0.5916037 0.2313283
0.5487227 0.9024864 0.3217726 0.443523 0.6240208
0.298277 0.1475193 0.4260427 0.01363436 0.2203245
0.007383743 0.8879972 0.8639834 0.51499 0.2008938
0.7309901 0.6732405 0.5221849 0.9271331 0.6118718
0.4407225 0.7944688 0.4093997 0.8097248 0.899428
0.2945807 0.8747083 0.7394155 0.4147025 0.2766632
0.6691043 0.2823012 0.1056659 0.8992926 0.7515002
0.9319512 0.9313128 0.7031973 0.1528269 0.7823397
0.1309782 0.6969935 0.34163 0.426925 0.01966417
0.6829244 0.5177703 0.2228759 0.1641935 0.6317238
0.7387021 0.4329399 0.01081959 0.4961009 0.7690141
0.8906739 0.5371828 0.7432994 0.6963559 0.05977779
0.2626218 0.3191538 0.9457475 0.9282136 0.958733
0.7285294 0.3563316 0.7386408 0.2623095 0.4415894
0.1360426 0.8017417 0.2587049 0.9509547 0.8995274
0.3641755 0.1808757 0.124856 0.4485275 0.8806361
0.794485 0.7533887 0.7009111 0.2176659 0.5668131
0.05850011 0.5639767 0.6577504 0.5538262 0.07592768
0.250611 0.9022734 0.4247176 0.3427247 0.6383324
0.7279666 0.6791449 0.05318262 0.00814894 0.1631523
0.5927164 0.06382259 0.3332571 0.4875704 0.8898814
0.7942883 0.4998899 0.8100858 0.9250869 0.8178829
0.5292574 0.002727126 0.7743633 0.8362913 0.4898916
0.4615497 0.5521695 0.8504519 0.8936436 0.9640997
0.4306728 0.3594805 0.1300223 0.2284106 0.7702708
0.03910385 0.3890714 0.3933072 0.2476367 0.5323407
0.8088597 0.7852077 0.9637751 0.3622181 0.8339501
0.6494755 0.9305799 0.5745417 0.8580876 0.1180624
0.2479928 0.1534376 0.5483419 0.451424 0.9902403
0.6356616 0.1699247 0.5120872 0.8036425 0.3796437
0.911404 0.7786518 0.07197507 0.2501844 0.4430155
0.6236909 0.7695659 0.7189447 0.8371605 0.3387288
0.251484 0.4653283 0.9422312 0.06490227 0.794816
0.6950097 0.4866713 0.9612654 0.01605765 0.09569293
0.6692338 0.6778601 0.06435187 0.9389789 0.7422214
0.05519036 0.8737002 0.4227635 0.3430761 0.2021852
0.6006368 0.022538 0.9090882 0.6614202 0.9811625
0.4945572 0.03889812 0.3944938 0.2110855 0.1143102
0.3962074 0.4514988 0.5970947 0.5327142 0.948139
0.8512581 0.009332181 0.009856263 0.7167909 0.4805298
0.4288554 0.9240047 0.2106993 0.8953894 0.9131805
0.5191422 0.2800418 0.6604795 0.4289785 0.1630971
0.4980394 0.2226528 0.4790557 0.9775036 0.8775926
0.6633677 0.2800048 0.9928191 0.9686358 0.2514011
0.737344 0.05525987 0.5801622 0.2953899 0.7751511
0.4546627 0.3114903 0.8212454 0.8484334 0.08486741
0.6681463 0.2425334 0.414995 0.3014361 0.9727966
0.2605382 0.4893247 0.6277174 0.8832206 0.08155221
0.1511885 0.9571375 0.5977834 0.06043266 0.5057812
0.7801076 0.6366277 0.2814472 0.893414 0.7654382
0.1341819 0.8072013 0.1274563 0.2882166 0.3870058
0.8719179 0.9122397 0.7829593 0.6692631 0.9615213
0.7229278 0.7553929 0.2178137 0.3353111 0.2789206
0.7138738 0.941943 0.8078511 0.1202202 0.08680848
0.5362032 0.5201265 0.6106299 0.3771625 0.2868002
0.6566874 0.7159951 0.7491241 0.3777791 0.2929648
0.003192584 0.1555933 0.1938972 0.4643172 0.3919084
0.6353633 0.9149843 0.02838967 0.9491769 0.7697677
0.3238937 0.4131625 0.3522029 0.9506246 0.7203561
0.3580041 0.6164697 0.8234018 0.9476473 0.6705335
0.1189265 0.8214705 0.3639549 0.4469577 0.8755991
0.7705375 0.8992893 0.5479331 0.02543565 0.9204813
0.7665743 0.3153458 0.9937943 0.1487255 0.3743929
0.5375628 0.4855933 0.8595233 0.9342105 0.4574345
0.008372755 0.6964303 0.7658412 0.9671902 0.4085993
0.3101917 0.3153416 0.4963361 0.7575739 0.1479614
0.4120198 0.1738932 0.9883313 0.1912208 0.01873109
0.0697103 0.5312682 0.05444056 0.7866369 0.8665419
0.02835562 0.4099179 0.2311386 0.7435676 0.2839226
0.3457827 0.4275171 0.7414525 0.8103465 0.7693237
0.2928325 0.3718386 0.03118173 0.6020827 0.03403894
0.7689378 0.2081312 0.7309138 0.9343302 0.8754722
0.7469778 0.8588463 0.362768 0.03798715 0.9890321
0.3929546 0.6513401 0.2211875 0.7151681 0.2344659
0.520801 0.9903481 0.4038999 0.5671373 0.4337906
0.7065577 0.5895711 0.5827704 0.09412332 0.2405822
0.2795239 0.9368525 0.8186162 0.5739672 0.8795797
0.2177021 0.5983651 0.8961673 0.2264771 0.6764421
0.8148487 0.541403 0.5390812 0.2132643 0.8358067
0.5359849 0.7562614 0.841967 0.9414092 0.803884
0.4611735 0.451032 0.4678677 0.06377122 0.3575133
0.981367 0.8520301 0.9505476 0.3636134 0.04024954
0.663495 0.8368285 0.8776274 0.313658 0.5756658
0.4002636 0.1329358 0.02770768 0.02157141 0.2172364
0.5091369 0.5867339 0.0245936 0.7285737 0.1073869
0.2541548 0.007494504 0.5132516 0.8482436 0.3508257
0.9291732 0.1066628 0.7865815 0.6262586 0.5889114
0.8434554 0.6236188 0.00581749 0.2933214 0.202099
0.9565624 0.3220836 0.7365673 0.9877246 0.8088309
0.8856701 0.03752855 0.1448425 0.5072428 0.2308528
0.9382058 0.3748106 0.3376186 0.5856844 0.5381105
0.6189699 0.1267845 0.2250869 0.2620366 0.2784539
0.6781252 0.2808344 0.9625491 0.1818961 0.2083785
0.02428681 0.971728 0.5003014 0.6628405 0.7442613
0.6025984 0.02205628 0.9044018 0.6014258 0.2376627
0.2510526 0.9777848 0.9345575 0.2112836 0.3166848
0.4483462 0.8418259 0.5718598 0.2859557 0.7406381
0.3584372 0.1736856 0.1187908 0.8196567 0.08141794
0.9406576 0.5679848 0.1777633 0.8505998 0.07579181
0.04418767 0.2916005 0.1170032 0.5685633 0.5127451
0.1821691 0.8176598 0.7602707 0.5421681 0.6646656
0.9397297 0.9913809 0.4851372 0.1355154 0.7863574
0.5200482 0.9454741 0.5468444 0.6078492 0.9752807
0.8876855 0.7617626 0.9388931 0.9666999 0.8884281
0.9706142 0.01526675 0.6543578 0.1072989 0.9350969
0.1429947 0.8279757 0.4959627 0.109226 0.8035016
0.1720949 0.2863692 0.4035232 0.5124924 0.3796837
0.8211226 0.5793346 0.857963 0.6172279 0.720821
0.8968296 0.04297538 0.7162143 0.2539934 0.540915
0.6490662 0.5508186 0.5976974 0.8991323 0.3298319
0.1817759 0.573514 0.09848705 0.138454 0.9582756
0.08400601 0.5319827 0.514724 0.3949326 0.1191985
0.3066361 0.8954481 0.06910798 0.1627131 0.8431939
0.7554733 0.2843461 0.7273313 0.8735121 0.5460577
0.3634047 0.2172024 0.4467739 0.7744881 0.5367222
0.3679375 0.1740442 0.9441452 0.4257387 0.4477581
0.8318071 0.2725211 0.6520804 0.0939839 0.9545587
0.5632189 0.8643829 0.9660927 0.0353874 0.9212235
0.45695 0.4391819 0.4797679 0.03658954 0.1326969
0.4811762 0.6710309 0.02788019 0.3977778 0.5989156
0.001510484 0.1197385 0.4857437 0.6457015 0.7493807
0.01266314 0.2196246 0.226304 0.502064 0.7615743
0.7103559 0.6398072 0.8937732 0.2109754 0.3704799
0.4820554 0.9759836 0.6715048 0.5744703 0.5768185
0.8642785 0.3917852 0.3886186 0.1604279 0.06227238
0.7117389 0.909293 0.3404697 0.4388908 0.7831633
0.7953833 0.3849691 0.5429066 0.5753576 0.1008572
0.1348998 0.07657839 0.7977451 0.3454041 0.6116054
0.657352 0.6301295 0.06384038 0.9687841 0.7203468
0.8106011 0.2378469 0.7961546 0.01793848 0.8850036
0.4545998 0.4612449 0.8486506 0.04108944 0.917163
0.9189199 0.1636702 0.2085689 0.155647 0.7926227
0.6808727 0.3275188 0.2390529 0.08077218 0.1719231
0.3175018 0.7774806 0.2654928 0.1643416 0.8325593
0.6388576 0.3859554 0.172423 0.8651423 0.5276351
0.1415745 0.850858 0.7864879 0.8927913 0.1186389
0.2365302 0.7111936 0.2116788 0.1172472 0.4823148
0.5379672 0.04335688 0.7558109 0.5241659 0.7024885
0.9547027 0.7798332 0.4982234 0.17651 0.868349
0.6347365 0.9617692 0.5842856 0.5019426 0.4955684
0.2598945 0.5519397 0.2138574 0.06126921 0.1667027
0.6034804 0.372211 0.1462335 0.3231441 0.183026
0.3202819 0.03596634 0.3370843 0.0695916 0.02561198
0.4672064 0.01636958 0.2621714 0.8621367 0.2699372
0.7722189 0.617348 0.1336648 0.04674731 0.1895188
0.7296851 0.3784988 0.1170216 0.9651195 0.1087985
0.07823834 0.5503378 0.6528443 0.8222228 0.4215428
0.6357453 0.965768 0.8030539 0.4536433 0.4555487
0.6381537 0.80825 0.06218642 0.1265702 0.3904941
0.4161016 0.8606709 0.2036773 0.02313906 0.4141458
0.2222433 0.2161521 0.1493674 0.5927823 0.2427016
0.2608329 0.4809087 0.2766256 0.340737 0.767598
0.1143501 0.7345772 0.560117 0.397808 0.5279525
0.5781347 0.4970068 0.1814364 0.2056798 0.06510685
0.6505544 0.3060829 0.5919511 0.01219011 0.9654416
0.04546962 0.7118006 0.7254722 0.5857904 0.0416109
0.3696874 0.2192892 0.7744944 0.7946572 0.7675879
0.07005578 0.05236872 0.1999128 0.243955 0.2989158
0.5354715 0.1901459 0.05449406 0.09586985 0.5235026
0.5040676 0.8679628 0.6256789 0.3796813 0.7093471
0.09004803 0.5346269 0.1146773 0.3548123 0.8055692
0.5069205 0.06151839 0.2314082 0.9184979 0.01056574
0.5065078 0.8627687 0.1457081 0.078647 0.07794199
0.6294828 0.4870696 0.2752841 0.4142203 0.204135
0.09211588 0.8246414 0.4868161 0.6768731 0.2808959
0.3360822 0.902232 0.6987575 0.4841363 0.1499308
0.657776 0.2168224 0.09901828 0.150557 0.807914
0.1499002 0.7530398 0.6923273 0.09531468 0.5062126
0.5329639 0.790581 0.4790837 0.7214986 0.1858819
0.8534733 0.8358304 0.5952239 0.141485 0.5848855
0.6665069 0.03211323 0.1150312 0.6433835 0.2703133
0.2606413 0.247476 0.7641814 0.1791088 0.3419281
0.6678041 0.4576561 0.4593012 0.233492 0.6856388
0.908402 0.6119763 0.9716995 0.02912992 0.02963241
0.3177287 0.1360182 0.8082699 0.8281534 0.2810758
0.2158262 0.3179718 0.7779094 0.268179 0.7499621
0.01696982 0.2559251 0.4742051 0.1297761 0.3378527
0.7735896 0.1548335 0.1310326 0.763903 0.8236848
0.2341839 0.2902361 0.9216696 0.928704 0.3436578
0.4404949 0.3018574 1 0.9603027 0.3231528
0.03227288 0.4593532 0.479262 0.1938779 0.510806
0.8669047 0.2992203 0.2119127 0.6824864 0.9567161
0.2698387 0.04431082 0.31473 0.07737107 0.2007879
0.4485289 0.2525645 0.687099 0.6496793 0.4748678
0.9315219 0.820556 0.7473653 0.6560151 0.08091118
0.05480201 0.5632756 0.7755952 0.59573 0.8267694
0.7703996 0.523556 0.9885041 0.728646 0.01653371
0.5682156 0.9713264 0.4181419 0.4090841 0.4706204
0.9450547 0.1398898 0.9724226 0.7149668 0.8981502
0.4873746 0.4936091 0.6686347 0.02694208 0.899177
0.8799177 0.3867706 0.8163979 0.6453165 0.4368947
0.8565486 0.7142341 0.3785581 0.9387079 0.3874661
0.5211924 0.974905 0.1479036 0.09412918 0.4698221
0.3735203 0.01909762 0.3142424 0.06677236 0.1397327
0.3115258 0.1348694 0.005104588 0.3037575 0.7255958
0.7691962 0.9681417 0.3736127 0.5009191 0.7095984
0.05061714 0.5721072 0.229364 0.1114466 0.527844
0.326413 0.4335766 0.9196755 0.8451675 0.2469589
0.08388983 0.712567 0.1281286 0.05940474 0.3236565
0.7530785 0.327754 0.8059594 0.5924138 0.3979672
0.6581802 0.8169366 0.7466685 0.5262737 0.8854844
0.2599697 0.4162801 0.09631255 0.1503256 0.4460192
0.4027867 0.284756 0.6863275 0.2285516 0.6231015
0.7437211 0.2067564 0.2731937 0.04459655 0.1735398
0.3980603 0.8527589 0.908587 0.601449 0.6597378
0.4477424 0.1132741 0.5553782 0.7262771 0.004329442
0.5656153 0.8178458 0.5699021 0.3945274 0.5540547
0.4940898 0.09458601 0.3793049 0.09658309 0.3137226
0.4286328 0.8897125 0.6258212 0.7992925 0.8450386
0.3127169 0.00878411 0.6863353 0.9841774 0.1420669
0.4950713 0.955521 0.01471215 0.9855709 0.4952374
0.07806929 0.07822878 0.9023191 0.3309569 0.94918
0.08373674 0.6439242 0.8407143 0.1281918 0.6240308
0.8217387 0.1106673 0.5316176 0.05983483 0.1713342
0.2766898 0.6728407 0.2862234 0.8647439 0.956451
0.9308421 0.6379312 0.07543377 0.8028001 0
0.6726673 0.5928434 0.9101773 0.1231205 0.6113098
0.04500095 0.9004455 0.4021729 0.3103423 0.9313633
0.7130949 0.4609917 0.1332065 0.25121 0.8719974
0.430525 0.9775763 0.8678045 0.01845491 0.5812001
0.8052035 0.1255259 0.3660863 0.4809052 0.4898
0.4365664 0.4035046 0.07145399 0.3628159 0.3312386
0.3958334 0.3341792 0.9969385 0.9167076 0.8894201
0.05283061 0.3122223 0.3524813 0.05512377 0.381378
0.05574284 0.05194406 0.6492312 0.5849489 0.9825341
0.1828766 0.3698281 0.4012415 0.09486553 0.2758124
0.06260409 0.3803222 0.3519321 0.6631384 0.555361
0.4805605 0.9975066 0.9617791 0.8054189 0.8156415
0.7685949 0.9542711 0.7912732 0.4785093 0.1630888
0.2054053 0.2237238 0.384696 0.4170146 0.3399814
0.3310504 0.7457277 0.1228834 0.4272704 0.8260566
0.5501968 0.839347 0.8283077 0.2238538 0.02151684
0.02028052 0.1083334 0.962361 0.04033212 0.3733913
0.3416599 0.7500888 0.2577608 0.5621942 0.4708113
