0.62847 0.9223305 0.1523439 0.516469 0.6485352
0.5022199 0.03640574 0.7436832 0.5859556 0.702365
0.7887842 0.4711686 0.3777702 0.288127 0.9165671
0.2706135 0.9670718 0.1987997 0.8741788 0.7977366
0.4724925 0.7933827 0.7008917 0.6093999 0.4998018
0.8671501 0.8448275 0.6478089 0.5348789 0.1741762
0.6398107 0.5217167 0.06963844 0.7132175 0.5413038
0.04365666 0.17129 0.8263476 0.7840047 0.4510585
0.1131864 0.988253 0.267787 0.06060051 0.1877461
0.0009661234 0.005047987 0.3729506 0.4489256 0.2827773
0.846256 0.6141352 0.4856684 0.5945296 0.7925029
0.2822215 0.7671289 0.1154694 0.6709283 0.1583687
0.8510714 0.5710071 0.2432152 0.6556188 0.4213194
0.6624604 0.8168569 0.72156 0.1599532 0.6962936
0.6351088 0.2129063 0.2772119 0.02802106 0.249337
0.9576072 0.7266541 0.5493668 0.01595946 0.8967141
0.5259351 0.7955573 0.5773411 0.8453468 0.06779826
0.5528032 0.2168013 0.2164903 0.6408619 0.9614887
0.7366861 0.650977 0.7499107 0.6483081 0.5046127
0.2250423 0.3508978 0.6873449 0.3047199 0.4877966
0.6481396 0.6079165 0.4783007 0.757513 0.953801
0.2405328 0.6250641 0.4401171 0.8627252 0.5689269
0.8759061 0.6417677 0.1989374 0.6516902 0.7130653
0.763127 0.7632087 0.606291 0.5841287 0.04035818
0.2763419 0.4736638 0.922356 0.4569715 0.1922226
0.6227279 0.8415293 0.673342 0.02013073 0.7543859
0.7229613 0.3106724 0.8890879 0.4099715 0.03954822
0.2533563 0.07067149 0.7230822 0.07325935 0.8684084
0.2730145 0.4632119 0.3460377 0.6463574 0.7116686
0.3500753 0.5264434 0.7888648 0.3979346 0.8587337
0.620772 0.8604277 0.2745122 0.5011748 0.2667427
0.9304652 0.1225707 0.8831457 0.2327171 0.9704868
0.08321106 0.8118954 0.3785525 0.4628283 0.2981298
0.7853788 0.8382708 0.4951283 0.01774412 0.3222226
0.172899 0.7988196 0.09211904 0.6741696 0.2378326
0.1091576 0.1581918 0.6750911 0.2015822 0.00943227
0.2682892 0.1936906 0.6646563 0.4708345 0.718205
0.6347673 0.6741686 0.6937888 0.9705533 0.9327218
0.6481934 0.305525 0.03231735 0.1651294 0.06666199
0.1588793 0.2092498 0.01673658 0.9659243 0.878963
0.05486236 0.2853605 0.5387337 0.366068 0.6965429
0.7992647 0.519151 0 0.5995084 0.3343271
0.0226923 0.4721697 0.7080439 0.2352305 0.07669287
0.3272789 0.006982089 0.7567395 0.9877752 0.2702721
0.690386 0.6349618 0.4432962 0.8434646 0.1583554
0.8429606 0.2818732 0.8250265 0.5347509 0.3834159
0.8834398 0.03458395 0.02211586 0.0101186 0.09049635
0.9959672 0.9817895 0.7717473 0.3195063 0.2998474
0.6687662 0.5266175 0.04004673 0.6791874 0.7270579
0.5365729 0.3724037 0.08846304 0.6657799 0.3489239
0.08980427 0.7234537 0.2889949 0.6136517 0.686594
0.07017067 0.01874419 0.8486316 0.8580402 0.7662404
0.09393174 0.9857744 0.8049322 0.9040487 0.5238024
0.3468374 0.4514909 0.4179331 0.4567447 0.263946
0.3023468 0.9974681 0.9785364 0.6736463 0.9483745
0.6905575 0.05218002 0.212372 0.851132 0.6327651
0.8519832 0.9888769 0.4380461 0.6170859 0.6044875
0.4819335 0.9564094 0.3222756 0.1056393 0.3269193
0.2899859 0.9019149 0.3203564 0.5986042 0.1378529
0.2751328 0.09242643 0.7350279 0.2862231 0.7758233
0.8826803 0.4768487 0.6156573 0.8340751 0.8881714
0.6454645 0.4868155 0.3230317 0.1593534 0.8784752
0.7188298 0.9680247 0.9629852 0.230415 0.5020006
0.156614 0.6268695 0.4864086 0.5509414 0.3259831
0.5139379 0.1770673 0.5557247 0.5578047 0.6263501
0.1576805 0.4677174 0.7527116 0.2127739 0.3966754
0.4097724 0.9051997 0.6771701 0.7913203 0.769685
0.004362426 0.6079025 0.9144347 0.5814639 0.05849532
0.7949628 0.8635527 0.2095307 0.2785032 0.07363973
0.06888956 0.1234274 0.7689955 0.3406439 0.5469875
0.9139255 0.1494259 0.1051844 0.4646039 0.6446682
0.871017 0.6204626 0.1056217 0.4849068 0.7054515
0.9051143 0.1859172 0.03644028 0.4209388 0.8829367
0.6251289 0.6841139 0.862432 0.2243406 0.6865071
0.3089255 0.5199532 0.9833398 0.3519135 0.5540342
0.8121172 0.2307554 0.3687306 0.7688013 0.4107099
0.2618709 0.4067472 0.101582 0.4458366 0.2379933
0.3342382 0.2382558 0.9816694 0.8872642 0.3582007
0.9583431 0.0422732 0.7542502 0.1558738 0.2685565
0.4024011 0.6697454 0.6675642 0.7656662 0.1362528
0.5213094 0.01121619 0.3033973 0.2632441 0.5102251
0.9201464 0.7842721 0.5273508 0.19946 0.6410638
0.5631027 0.189373 0.9470463 0.952436 0.3605009
0.7661701 0.2261452 0.8390197 0.7215689 0.6200537
0.5058256 0.7920385 0.5046592 0.2735654 0.5182611
0.8246734 0.3217362 0.7537707 0.2666307 0.3117514
0.5939091 0.05560636 0.8364205 0.2971675 0.8111293
0.6143743 0.3229619 0.03534919 0.061214 0.8823365
0.5669421 0.7818176 0.4097851 0.6264446 0.4458325
0.7430698 0.5464925 0.2382923 0.9237794 0.7563069
0.2899064 0.3035579 0.7175921 0.4999984 0.8372747
0.386851 0.9082479 0.3980894 0.5130312 0.16745
0.006353295 0.9832405 0.9259056 0.2333563 0.9754775
0.7237082 0.8698077 0.7387597 0.7549338 0.1883621
0.9164633 0.5016989 0.6009363 0.7904581 0.6755732
0.9238004 0.09373034 0.2379015 0.6935532 0.7426079
0.5506562 0.6577161 0.1554311 0.717044 0.7209641
0.6710423 0.1818193 0.1875367 0.5390442 0.2918892
0.07048737 0.1124628 0.9097243 0.583715 0.5133631
0.377384 0.819276 0.3651474 0.762158 0.9088481
0.2073691 0.8746304 0.4005336 0.6484191 0.9119126
0.567872 0.4794891 0.4849228 0.8122557 0.5197141
0.3004659 0.05226716 0.09359359 0.5656108 0.07050619
0.01646673 0.5865425 0.5805828 0.3335564 0.2797364
0.7459755 0.7672573 0.8899034 0.1139356 0.192223
0.7673114 0.9036254 0.08395233 0.2897997 0.9929946
0.938549 0.08016186 0.5398738 0.3283024 0.476005
0.3049733 0.7936817 0.6309119 0.8786632 0.4915215
0.937748 0.9526754 0.3031417 0.02371247 0.7161921
0.4339111 0.4524173 0.8307963 0.1274739 0.3024886
0.7679998 1 0.06147632 0.1591625 0.6073893
0.06639146 0.5514985 0.1325873 0.04268949 0.4857242
0.3408507 0.6445791 0.8815688 0.8428509 0.06929283
0.04945078 0.6617175 0.5190925 0.7794972 0.8351509
0.2038467 0.9107974 0.8225173 0.07155006 0.5102801
0.428069 0.01126082 0.4480366 0.9315249 0.3701904
0.2824618 0.4212899 0.2993241 0.9858597 0.1163401
0.9566272 0.09122047 0.07982486 0.8946059 0.2105761
0.540678 0.3437008 0.396721 0.450653 0.8639176
0.9681035 0.5276451 0.8308745 0.7661814 0.5287978
0.783566 0.7304516 0.9484828 0.5835322 0.8985001
0.3662754 0.4332474 0.7302826 0.9891625 0.5321016
0.2013355 0.2821022 0.6978743 0.05718153 0.4627187
0.3478909 0.3044392 0.09052028 0.06803265 0.1759726
0.770671 0.4872865 0.3774217 0.9633195 0.2588247
0.7727352 0.6573403 0.1623044 0.6802553 0.2813708
0.7207534 0.3753866 0.7493723 0.6790081 0.7992303
0.9009418 0.2218487 0.2073298 0.2555868 0.9878058
0.6204658 0.7318208 0.9141752 0.7402893 0.4054615
0.4193814 0.6442516 0.6326579 0.3736662 0.4711402
0.2950947 0.401934 0.1340649 0.3894747 0.09702721
0.1943469 0.8255878 0.2321552 0.3933988 0.6611768
0.896996 0.2988556 0.1568172 0.6745941 0.7558394
0.8600386 0.4827785 0.1521716 0.7368305 0.1532035
0.3539139 0.4121092 0.641293 0.8818269 0.7768483
0.5698628 0.9183871 0.2413737 0.1985438 0.3632609
0.3015777 0.97534 0.1753416 0.4098145 0.5844797
0.5902811 0.04856628 0.1669409 0.306014 0.780373
0.5601408 0.8548904 0.1286277 0.7320182 0.4703705
0.2504912 0.1311603 0.1564899 0.2476618 0.9390821
0.9809955 0.2515413 0.9010607 0.02393934 0.6971634
0.1636721 0.4987117 0.8307091 0.5900191 0.499798
0.7851727 0.07626309 0.3725794 0.8166939 0.4980516
0.3906333 0.305486 0.4340417 0.3402055 0.5294978
0.05742591 0.6623356 0.8702368 0.4283885 0.8632789
0.1745842 0.4461041 0.9129599 0.3113258 0.9280164
0.5315318 0.2772924 0.05443847 0.7799355 0.02882925
0.7963195 0.508134 0.4917054 0.2818998 0.1994317
0.2652107 0.9091967 0.3500014 0.4301048 0.8832262
0.7580452 0.5486129 0.05172149 0.3077038 0.76385
0.7492694 0.3897598 0.3369409 0.1550903 0.02246613
0.7686579 0.1317819 0.3473831 0.8088087 0.3950178
0.589517 0.6560544 0.4736436 0.6303642 0.4083521
0.1683876 0.4732326 0.7428969 0.9058912 0.1797552
0.2988749 0.005495428 0.951342 0.131084 0.5811976
0.7846603 0.02211192 0.9413307 0.2357775 0.142081
0.9022495 0.321976 0.7480176 0.4841074 0.1643976
0.4419288 0.8711516 0.01182946 0.2220898 0.4982014
0.06593631 0.1598684 0.4211462 0.9166275 0.7004834
0.3592932 0.4706188 0.725601 0.1561666 0.3649827
0.8504959 0.8445353 0.5858822 0.322401 0.7345588
0.8276365 0.1843309 0.7192319 0.8433332 0.006764919
0.5548715 0.1252997 0.4578084 0.1658438 0.7364201
0.6309099 0.2354359 0.1358543 0.7074253 0.1736111
0.9426452 0.2151628 0.06397951 0.7035204 0.5342248
0.8434934 0.7352208 0.2323091 0.1749002 0.5466315
0.589147 0.9001073 0.9317444 0.5860849 0.9334463
0.4472791 0.003455442 0.5865574 0.4727614 0.8153242
0.2844148 0.6430695 0.06693847 0.6290088 0.5248327
0.1760788 0.7835513 0.2606559 0.3753441 0.7887584
0.3788429 0.2547258 0.2218423 0.3113513 0.139756
0.9140608 0.9745754 0.6566663 0.9197647 0.218518
0.3988048 0.2800348 0.7262047 0.2479725 0.3053169
0.5732994 0.3523056 0.08855097 0.4991956 0.125343
0.9419791 0.2340092 0.5091033 0.7725512 0.7859721
0.9596834 0.5001344 0.6337229 0.04914417 0.1087278
0.4876111 0.3985583 0.2115575 0.444421 0.2020727
0.5674755 0.1465515 0.58486 0.5818624 0.1858303
0.24121 0.7284784 0.6588124 0.5924868 0.5484509
0.6178896 0.3240594 0.2821665 0.1245773 0.1912136
0.4558649 0.1029949 0.1006402 0.5197618 0.3058313
0.5904375 0.712803 0.8296365 0.2448465 0.6332376
0.2806644 0.5529551 0.618358 0.5228936 0.3539938
0.3950294 0.3273596 0.6097208 0.7904143 0.2126781
0.7045067 0.9779427 0.6196545 0.6076379 0.7634784
0.4025106 0.8701692 0.3344251 0.7395448 0.4955182
0.540053 0.4616668 0.9522279 0.5306044 0.3400171
0.8522615 0.0677504 0.1550665 0.8854719 0.2134349
0.1238595 0.4728947 0.4308371 0.9725837 0.9322867
0.2565507 0.3690975 0.663766 0.3844645 0.1095466
0.09441692 0.5763315 0.2131661 0.4403542 0.04835396
0.6934749 0.6544326 0.8323277 0.647944 0.09848797
0.2477753 0.5360839 0.07187946 0.5436931 0.9118029
0.4852892 0.1117799 0.6143055 0.379183 0.310054
0.7094592 0.4832851 0.3469042 0.9492108 0.8609935
0.9157924 0.8652362 0.3925694 0.9203038 0.3520568
0.2671701 0.195707 0.08132664 0.9477134 0.8797901
0.4416869 0.01682574 0.5819419 0.1902828 0.649989
0.3642769 0.1782724 0.2010737 0.8507627 0.006073726
0.7362747 0.1308178 0.7659872 0.8585731 0.4204706
0.8233855 0.7936139 0.1942004 0.3027593 0.5578399
0.2557543 0.2925111 0.9075075 0.794927 0.9452364
0.6487796 0.4408162 0.1870151 0.3453415 0.6670924
0.7140649 0.07889462 0.2046715 0.5465684 0.2962523
0.4201252 0.2888794 0.3128762 0.1783275 0.5998656
0.9837443 0.9622231 0.9494815 0.5034224 0.8336447
0.9140366 0.8498099 0.1737461 0.6897503 0.6985421
0.5692524 0.01407263 0.5184222 0.7475657 0.5927352
0.9228055 0.5061391 0.4579126 0.8540799 0.9259691
0.3207371 0.6817075 0.5394631 0.1038136 0.7583668
0.6315021 0.684891 0.2815079 0.04409423 0.4751009
0.5678438 0.5905522 0.2893354 0.8122859 0.1469247
0.9463187 0.1451567 0.6709512 0.6797819 0.5018409
0.286288 0.4432332 0.678625 0.8827492 0.1599304
0.559017 0.6283039 0.3328873 0.6898315 0.5303078
0.1767367 0.8705705 0.162145 0.9843166 0.8961902
0.5971981 0.4291346 0.005921597 0.7836507 0.9812156
0.909379 0.8692708 0.6913898 0.3445533 0.2896146
0.6551335 0.6438324 0.2952824 0.4742447 0.2287978
0.3459574 0.7628617 0.3039649 0.4379576 0.473423
0.2794371 0.8588125 0.2746937 0.1261785 0.3659426
0.8534262 0.3924459 0.420986 0.168177 0.2146857
0.2339038 0.9857547 0.8195147 0.2133757 0.6664766
0.6376835 0.08292834 0.0916466 0.06848481 0.5890905
0.0742936 0.781847 0.9779904 0.9316094 0.1124153
0.9587975 0.1569043 0.8616388 0.2725415 0.3775353
0.9844667 0.5739118 0.8301233 0.7804671 0.03565173
0.4366514 0.2706915 0.4535378 0.6343095 0.714277
0.5969805 0.1802706 0.1133585 0.8326287 0.5284605
0.0897589 0.7304086 0.2961235 0.3147275 0.4077965
0.4797164 0.04040865 0.5858494 0.8844329 0.2222873
0.5471569 0.1980921 0.03998728 0.5129037 0.7985807
0.7879032 0.641053 0.120849 0.1607923 0.8598611
0.8165047 0.08169955 0.07148009 0.3068864 0.7369983
0.7460395 0.9330833 0.5000859 0.4866289 0.5071783
0.4366478 0.5567974 0.2570007 0.9941522 0.9762906
0.4156341 0.3654643 0.2045882 0.5454289 0.3032999
0.8415918 0.2594533 0.4804227 0.3948331 0.7329552
0.6217997 0.1999127 0.2758991 0.4371284 0.6070376
0.6691363 0.3238799 0.7572693 0.3377897 0.3414881
0.4050039 0.3481962 0.3648406 0.5462131 0.6143661
0.133165 0.957872 0.5458751 0.6357814 0.2807775
0.4879133 0.5775598 0.343299 0.9809625 0.01587251
0.8070823 0.5570572 0.1020325 0.3238925 0.8219757
0.7984533 0.8477868 0.4795676 0.8580229 0.07239864
0.373257 0.5136582 0.04025404 0.5593657 0.4104485
0.02201946 0.8291088 0.3045326 0.3082064 0.6452463
0.1446882 0.05365948 0.6660925 0.06111827 0.3611015
0.3080651 0.3761996 0.7381794 0.2442873 0.741732
0.1429903 0.5908504 0.5417371 0.013257 0.5045716
