0.4233606 0.5539928 0.1739106 0.8691335 0.01273555
0.4952272 0.4923593 0.1646866 0.321413 0.2529013
0.2546508 0.6667772 0.4987283 0.7888873 0.6101848
0.5998401 0.1576164 0.6907856 0.7702916 0.7587833
0.5498225 0.8934618 0.9444319 0.4680086 0.8495108
0.3961621 0.1833165 0.03803217 0.4352947 0.1247434
0.6838405 0.1233927 0.4557764 0.5963559 0.1488593
0.6286551 0.2412169 0.641774 0.6789564 0.7757808
0.8532738 0.283597 0.4598188 0.2202682 0.04503027
0.2246776 0.5683138 0.4859791 0.502956 0.8644342
0.09620002 0.04720332 0.5845697 0.9241256 0.0458476
0.8092422 0.05738856 0.9538126 0.1546015 0.3961878
0.01987357 0.4759761 0.6161915 0.9557599 0.4261181
0.02465739 0.6994807 0.3358131 0.2983467 0.02795758
0.8524658 0.3416825 0.009688101 0.7235178 0.3555438
0.06967296 0.2644146 0.1057217 0.6161998 0.09124668
0.924242 0.8216038 0.8237193 0.6784797 0.6758335
0.8608168 0.139167 0.114855 0.2212449 0.5898249
0.1287965 0.5634229 0.8031168 0.7142539 0.07225786
0.5474871 0.2410929 0.2886041 0.0273289 0.1414831
0.5413741 0.6352002 0.2993906 0.3813553 0.04009499
0.5211185 0.7801691 0.5365291 0.04300984 0.5385641
0.6418729 0.1088346 0.7489396 0.5841375 0.8866201
0.002122293 0.6389306 0.4858346 0.3619424 0.1698682
0.7899206 0.2850122 0.5132551 0.719292 0.8698435
0.875773 0.6104433 0.3869846 0.4951933 0.4480432
0.2765709 0.4348764 0.7761069 0.5687945 0.3874662
0.1881844 0.004046097 0.08421304 0.8247808 0.3542167
0.0303513 0.5291031 0.2416773 0.3673196 0.3415468
0.04555067 0.1840181 0.6792088 0.8716609 0.0697041
0.9179987 0.1489477 0.7997996 0.1458629 0.7309591
0.5112118 0.7612494 0.3231495 0.13735 0.9755453
0.8669815 0.7434121 0.9754792 0.03420264 0.7604105
0.5466237 0.01241084 0.04246306 0.7310649 0.495926
0.8314576 0.2785259 0.2127648 0.2075798 0.8891097
0.1891655 0.9492812 0.8285743 0.7750524 0.9011627
0.5123041 0.8448676 0.6288092 0.02246173 0.4809629
0.6632217 0.532719 0.6819358 0.9007301 0.7767167
0.9459236 0.4837358 0.3465635 0.2522091 0.2003369
0.06424644 0.1207204 0.3492705 0.4653952 0.7163576
0.4309922 0.7760091 0.344054 0.3306733 0.05495764
0.834557 0.9047462 0.9589693 0.4370361 0.6779677
0.3730695 0.5348824 0.01424376 0.5437397 0.3772488
0.3991796 0.3732217 0.2708722 0.6970391 0.1172869
0.1662099 0.2193661 0.2784248 0.262276 0.2154634
0.1494143 0.08357853 0.9142568 0.4921588 0.6583374
0.9138219 0.05554108 0.2451618 0.1345379 0.4629892
0.03812054 0.7215724 0.8332811 0.2636956 0.603106
0.4497664 0.9773534 0.9791023 0.8126637 0.2590439
0.4895775 0.5276869 0.4793543 0.8221478 0.4141447
0.02015401 0.8764354 0.6103457 0.6662631 0.117707
0.8809664 0.9949572 0.2118012 0.8482316 0.1644686
0.6432216 0.06055991 0.2996474 0.7924056 0.1232746
0.3625617 0.7010268 0.8160715 0.8342797 0.9796563
0.04247403 0.07976276 0.03542651 0.5266238 0.7546294
0.1279675 0.1663 0.5667545 0.8910033 0.08180724
0.988293 0.4312023 0.3916623 0.9807604 0.4977208
0.8903195 0.1991201 0.5367643 0.9682555 0.9268379
0.8883431 0.4446104 0.5390513 0.07687554 0.1406559
0.3482143 0.9617005 0.02358855 0.4876637 0.9618258
0.2628614 0.2693278 0.5282562 0.7455245 0.8054057
0.7731358 0.8827184 0.5148298 0.588222 0.7511299
0.4554433 0.25493 0.9558811 0.9389858 0.5024936
0.6846882 0.9099853 0.1911241 0.3804628 0.01827385
0.4061783 0.6370299 0.0006336348 0.01542028 0.01541919
0.4303976 0.8498494 0.5727358 0.9783363 0.06099753
0.4675871 0.9899886 0.002911923 0.7088044 0.7738101
0.5123911 0.9766997 0.3525944 0.7415737 0.7647733
0.696244 0.6701345 0.5781636 0.01842841 0.3093549
0.7874965 0.6977602 0.4268868 0.00448089 0.47394
0.4490721 0.9010057 0.4236301 0.8999962 0.6294583
0.7337133 0.2343459 0.306501 0.3242127 0.6279945
0.9054571 0.3755966 0.8821922 0.4696988 0.1541777
0.4131067 0.1821509 0.7913766 0.3932681 0.2016066
0.9423551 0.7592414 0.8310665 0.01882292 0.7198537
0.6522888 0.559261 0.9869788 0.08031114 0.006494227
0.6236321 0.009151515 0.4820042 0.2566603 0.2605171
0.04260613 0.6360054 0.03785885 0.04117202 0.8946216
0.01068453 0.8642201 0.3751987 0.4599457 0.09613731
0.7588951 0.9927272 0.7575434 0.6578773 0.1168372
0.6223584 0.2934459 0.3704983 0.4444071 0.5291698
0.300911 0.2775311 0.573584 0.7672007 0.8947391
0.2330496 0.7053447 0.6897875 0.8234304 0.6178485
0.2630482 0.641355 0.004384258 0.6067095 0.335456
0.6932399 0.7629479 0.2786544 0.09034175 0.9619208
0.1888347 0.08106577 0.7881778 0.7361545 0.9361932
0.4089139 0.8446675 0.3720856 0.004107712 0.8037417
0.5586571 0.5997743 0.4183771 0.982086 0.03245167
0.3364186 0.4628282 0.606798 0.1024928 0.03791289
0.486337 0.2994353 0.186717 0.594547 0.6335646
0.6669122 0.7450034 0.5352373 0.01740322 0.1729145
0.3252322 0.6792277 0.7414176 0.9983314 0.9345956
0.4211602 0.3226729 0.7351182 0.6195899 0.7980725
0.02286918 0.04832321 0.3542176 0.2598964 0.563463
0.5626106 0.5564896 0.5953061 0.1668158 0.3111293
0.3023367 0.1743449 0.7540711 0.8958989 0.7638811
0.3564029 0.682345 0.8701714 0.5089965 0.0008071233
0.6501853 0.7376134 0.803499 0.3697657 0.5812449
0.8213656 0.7410582 0.1903582 0.5340792 0.7283255
0.375304 0.704639 0.9448388 0.7581042 0.5764322
0.4718843 0.2440507 0.9893392 0.02008232 0.7711539
0.8592807 0.3279506 0.7170847 0.6174524 0.01042117
0.6575393 0.4695587 0.4481847 0.3107347 1
0.5236568 0.4543106 0.9885487 0.8751519 0.6276944
0.1274107 0.8773394 0.156699 0.2072615 0.8524647
0.7367898 0.02610076 0.9554061 0.4698238 0.2127323
0.04925469 0.1506579 0.9664345 0.7646626 0.6887557
0.5431129 0.6232315 0.9263144 0.5679746 0.2622201
0.9718236 0.8116058 0.3455449 0.691666 0.6500189
0.7016566 0.9451892 0.03343028 0.7538011 0.07095537
0.1911898 0.8121895 0.38891 0.759399 0.9707315
0.1115706 0.8295668 0.1046588 0.8445632 0.1238895
0.6822679 0.06733236 0.7976898 0.9035243 0.491695
0.6456477 0.05022296 0.6194986 0.3129175 0.08341221
0.01852055 0.4882047 0.8756925 0.1173069 0.6340005
0.8197892 0.1540225 0.5057502 0.9535748 0.2804747
0.148689 0.05447792 0.6913733 0.5945108 0.2505567
0.3065039 0.056682 0.4683315 0.07451318 0.1426465
0.5108284 0.2665089 0.9502902 0.1911456 0.8319683
0.9737669 0.2304719 0.7814478 0.9321007 0.2332289
0.358474 0.5480159 0.1135975 0.6985911 0.9139798
0.128083 0.1240318 0.9152081 0.2720639 0.3074906
0.3875314 0.8358979 0.6381329 0.7730397 0.4843378
0.5267448 0.4869866 0.7007357 0.5620237 0.5873943
0.4096122 0.1702824 0.9520087 0.0186242 0.4512995
0.5295057 0.9613518 0.8194646 0.2839252 0.8208957
0.8253531 0.08172962 0.6189417 0.6978651 0.3613557
0.5114201 0.343285 0.08638112 0.7592702 0.1290247
0.2948406 0.08676119 0.07033194 0.4655651 0.3314477
0.9539492 0.1091447 0.03848315 0.07553523 0.4684522
0.7289558 0.4405148 0.4716286 0.661433 0.7420235
0.03913528 0.158562 0.4688968 0.2893608 0.2584674
0.3059263 0.7784394 0.4812009 0.6693027 0.4262077
0.7169392 0.2114082 0.06755609 0.8750077 0.0633428
0.1109464 0.8573593 0.7474946 0.5301395 0.1021325
0.5548103 0.9701587 0 0.4476302 0.8483868
0.2298043 0.4464972 0.4067885 0.3582743 0.8545614
0.5286079 0.4118417 0.6898647 0.8652895 0.5746301
0.4380904 0.3713286 0.09467909 0.3089098 0.1105844
0.2070168 0.8054511 0.6744187 0.519261 0.6084234
0.8678311 0.4547682 0.1367668 0.3812109 0.0226012
0.209793 0.1299066 0.3989044 0.2816666 0.2233075
0.1871737 0.3586018 0.5801502 0.8987665 0.2562503
0.4627431 0.1052243 0.1608755 0.2957707 0.8272245
0.7152514 0.02013018 0.1835629 0.7557172 0.5279491
0.3146939 0.5340484 0.4621268 0.2796544 0.1540466
0.7820432 0.5018012 0.201601 0.05288328 0.8038195
0.1102746 0.2181837 0.3380269 0.01771114 0.4612693
0.555487 0.5828018 0.458207 0.9160007 0.1317972
0.7624681 0.8611146 0.3437492 0.725373 0.001779795
0.4336305 0.6514971 0.7833903 0.5618411 0.607818
0.8859373 0.7438834 0.1651106 0.9794901 0.8313768
0.3093481 0.2210418 0.6396305 0.03459426 0.480507
0.4139246 0.3902108 0.2162187 0.484477 0.9721892
0.08862165 0.5965806 0.966644 0.4223109 0.5915128
0.1654208 0.9384826 0.2607956 0.5937293 0.907362
0.2061125 0.4239162 0.3817459 0.709128 0.1943282
0.1285161 0.8530534 0.2808666 0.1702548 0.1992532
0.7187953 0.8794311 0.03862492 0.2066304 0.676635
0.8970313 0.195099 0.6323257 0.45176 0.9106713
0.9382901 0.2920026 0.04289383 0.5874062 0.6574975
0.02593333 0.2990428 0.923256 0.8887668 0.5016579
0.2168332 0.3575296 0.3008706 0.7519082 0.8821554
0.3104102 0.484849 0.4831425 0.06955951 0.6684972
0.6549307 0.7261314 0.4665392 0.06336521 0.6575471
0.5892009 0.3826486 0.7089476 0.6591124 0.1970185
0.9357583 0.2852139 0.4979353 0.7365658 0.6879354
0.1847254 0.9219212 0.1284806 0.6308271 0.6421281
0.09813919 0.7067907 0.05649806 0.6176944 0.361516
0.9663096 0.3705465 0.1730275 0.5484235 0.8673735
0.136188 0.2569392 0.384389 0.5687567 0.8844977
0.3302085 0.9693772 0.6640739 0.7105992 0.5057245
0.3085043 0.536552 0.1768532 0.8234714 0.9940301
0.8538423 0.04937035 0.61202 0.3843831 0.9666397
0.04215784 0.7410779 0.3868892 0.5685195 0.7537275
0.3257774 0.5002695 0.3658032 0.1267814 0.5009757
0.3739967 0.5710267 0.02359393 0.7818337 0.6237722
0.346468 0.4627925 0.5927925 0.07303812 0.2170862
0.44397 0.4553774 0.9553336 0.720468 0.2637329
0.1152454 0.2858942 0.6277405 0.2396101 0.7691068
0.9437909 0.1963066 0.5190185 0.2534829 0.9783635
0.6321533 0.6873513 0.7770351 0.6116802 0.6693848
0.197418 0.04415329 0.3726542 0.3557922 0.825779
0.0586093 0.7089343 0.6254996 0.7976032 0.03430404
0.1517134 0.1669711 0.1066099 0.6273074 0.05761943
0.5413017 0.2408162 0.383288 0.2664799 0.4095627
0.07581715 0.2050171 0.8785127 0.5760459 0.5036808
0.3930183 0.0643334 0.7632807 0.4666519 0.6472617
0.2924784 0.5501775 0.183337 0.6244554 0.8291534
0.1140333 0.5222 0.8664258 0.09412375 0.4779857
0.5959797 0.1478527 0.844171 0.8118927 0.5294342
0.5579856 0.3573239 0.9207472 0.9031728 0.8173089
0.658555 0.7989313 0.08102282 0.3532004 0.8653131
0.3999204 0.06925676 0.4624658 0.7779297 0.8481589
0.125493 0.9755836 0.8208098 0.4683131 0.5719695
0.2112009 0.7351276 0.6059228 0.236913 0.8241878
0.8520295 0.6267302 0.07898592 0.4718599 0.8764361
0.9697027 0.05089729 0.3171742 0.171457 0.3514882
0.527499 0.9826495 0.00566193 0.217231 0.07693767
0.613865 0.7948608 0.3828297 0.734259 0.2972985
0.0009911259 0.8010823 0.01250123 0.9868965 0.01097086
0.4460576 0.2668302 0.7163026 0.770575 0.1704132
0.8438617 0.8696649 0.6663043 0.9568117 0.004603213
0.7603511 0.09634156 0.6217771 0.9403683 0.9315651
0.4864242 0.275678 0.9324908 0.2969972 0.5324027
0.8100017 0.9434991 0.09321911 0.3477822 0.150932
0.02141204 0.640696 0.6592294 0.6165589 0.4183192
0.4400842 0.05277232 0.7101217 0.9752905 0.3321081
0.7958833 0.9731468 0.7933364 0.5367651 0.4514933
0.4789139 0.561986 0.3833837 0.1137399 0.307305
0.01354577 0.5700389 0.4751754 0.393971 0.9252974
0.06156168 0.5916592 0.6060502 0.1820478 0.7650415
0.04642575 0.09221763 0.1095935 0.255832 0.513128
0.5469803 0.5686782 0.3248149 0.05551069 0.1370983
0.950365 0.4898403 0.8471018 0.9960762 0.9782665
0.3778847 0.7830515 0.02876082 0.9920809 0.8382982
0.6753997 0.4725573 0.1474237 0.4291657 0.6076809
0.6477046 0.278855 0.3842653 0.2860839 0.9432325
0.7125367 0.5777817 0.4179975 0.2609158 0.7809661
0.8468969 0.786809 0.1543253 0.9725671 0.2971516
0.0751897 0.2177666 0.1482646 0.1689821 0.655022
0.3153589 0.3331763 0.3920214 0.648279 0.5341074
0.8396244 0.1500486 0.6438253 0.1239571 0.70813
0.4576637 0.9367532 0.4635319 0.1650041 0.4461956
0.2197766 0.9264123 0.378652 0.9354897 0.05949777
0.5424961 0.8311183 0.3784259 0.4682707 0.3315555
0.3157999 0.4747091 0.2904993 0.696311 0.07582279
0.2249393 0.8404467 0.2942639 0.3460945 0.7570781
0.5202367 0.03718401 0.2528994 0.863091 0.3124649
0.4528541 0.3168914 0.1066216 0.6981164 0.6127337
0.5740944 0.8758062 0.1205128 0.248052 0.09110187
0.143395 0.1039098 0.4864049 0.1553753 0.03218942
0.427697 0.9654751 0.4081535 0.7533828 0.7726729
0.7085217 0.3715031 0.5860033 0.8793578 0.9606973
0.1983726 0.05750731 0.03064851 0.1275721 0.2732408
0.5441354 0.8902117 0.9960383 0.7053351 0.9344594
0.1197072 0.3858042 0.5978268 0.8191162 0.8353685
0.7400619 0.303237 0.6315235 0.9112547 0.9674187
0.3347392 0.2785397 0.3471885 0.1348281 0.7115758
0.4240715 0.03378821 0.2472416 0.9232851 0.4815252
0.1260109 0.05253423 0.6001997 0.9393795 0.3967333
0.4490305 0.452313 0.4016063 0.8093134 0.206067
0.7711951 0.9753995 0.8822465 0.3824309 0.6847239
0.507028 0.1549668 0.7800193 0.9381851 0.7780627
0.4900596 0.9195504 0.8578258 0.6059852 0.528987
0.7508293 0.08574354 0.7467793 0.5048967 0.5609152
0.3964325 0.9307573 0.3607795 0.36379 0.2046156
0.1403859 0.4856844 0.8011916 0.7893076 0.8998038
0.6985082 0.6334306 0.8000439 0.7689658 0.3249533
0.4205511 0.2388972 0.539944 0.1153946 0.2469352
