0.6868217 0.6536821 0.9588464 0.412782 0.6974379
0.3214684 0.7727813 0.5699896 0.7552352 0.05429355
0.6131773 0.6209876 0.2871183 0.2554977 0.8683988
0.6572981 0.3513649 0.5714822 0.2971961 0.8889582
0.006903516 0.6493353 0.4530577 0.6892998 0.9587446
0.3167977 0.009075948 0.2530049 0.7028993 0.567211
0.690995 0.03673086 0.3470931 0.9074623 0.0606824
0.4568871 0.3920073 0.821221 0.3511281 0.8724358
0.4890615 0.2211814 0.7173693 0.6817534 0.4698707
0.6337754 0.6147255 0.3209894 0.0132892 0.8694273
0.7667714 0.7024346 0.117172 0.9410314 0.5451602
0.7632862 0.9545598 0.8648007 0.3472463 0.5161783
0.3404167 0.9523784 0.7502121 0.5515059 0.5251514
0.9994645 0.7024799 0.389255 0.8348932 0.5874801
0.5173556 0.2270986 0.1846886 0.9376086 0.7006223
0.9872328 0.05424592 0.3089056 0.9237498 0.9055689
0.8263177 0.6966858 0.9083929 0.08614885 0.6131349
0.3127964 0.5412875 0.7474744 0.01633363 0.4308571
0.1416031 0.203343 0.7602143 0.7169846 0.3731143
0.6045218 0.9277504 0.249535 0.2724064 0.5898591
0.7855102 0.4855262 0.7070152 0.1136846 0.1328827
0.950044 0.1058073 0.04093274 0.9927551 0.1502594
0.251719 0.01477474 0.5227448 0.931518 0.27335
0.06250253 0.8829149 0.3254451 0.6774678 0.2235896
0.9200282 0.8119065 0.7207084 0.4409821 0.9432668
0.5329006 0.8171689 0.2635048 0.7479154 0.701722
0.2412984 0.9014476 0.3973641 0.3276077 0.487163
0.2971743 0.8882582 0.5639922 0.794138 0.08889637
0.8586535 0.1323555 0.9087119 0.3414304 0.9388782
0.8011174 0.3444686 0.1841641 0.6927606 0.7116614
0.6579521 0.780233 0.8779059 0.9356936 0.408163
0.9224183 0.7980968 0.7965588 0.9222073 0.1791193
0.8481779 0.1503684 0.07485073 0.4707729 0.1841304
0.7934322 0.111963 0.1117931 0.5789122 0.73873
0.4862258 0.9242542 0.4051211 0.3083474 0.6711984
0.7636812 0.2406868 0.9044705 0.5167084 0.7522074
0.9177259 0.4904829 0.5195757 0.1760786 0.3984621
0.6458344 0.8343054 0.1727568 0.7221776 0.4179203
0.2537493 0.5070722 0.5849264 0.2253694 0.6332377
0.6317638 0.275151 0.1838114 0.1549034 0.5506017
0.1956243 0.4243729 0.5741026 0.4491884 0.5887071
0.2291791 0.1031402 0.2258278 0.8046114 0.3066822
0.4475758 0.4912109 0.7011179 0.8948212 0.9718039
0.1655712 0.5347777 0.5301966 0.3808603 0.8939209
0.8449121 0.02804232 0.09052459 0.47219 0.6754715
0.115387 0.7416116 0.1815587 0.223972 0.3535511
0.8489779 0.2762796 0.7440076 0.8029111 0.1601032
0.5664867 0.06127517 0.9575037 0.6819248 0.653285
0.3858672 0.1973184 0.2862833 0.2049458 0.016059
0.3177973 0.8957166 0.7352679 0.7836611 0.06704097
0.1469174 0.2355061 0.9241568 0.5582009 0.5723988
0.4933231 0.5194985 0.7811799 0.9566017 0.1121177
0.8035649 0.2186563 0.7347166 0.03185372 0.2226125
0.9754792 0.6316752 0.5867214 0.731623 0.144557
0.1928002 0.5940629 0.1238501 0.4600287 0.9694769
0.9475469 0.7267913 0.9922603 0.3579307 0.002520356
0.8543023 0.05137435 0.3344279 0.7263029 0.5220561
0.54257 0.94443 0.4021558 0.5876222 0.8258083
0.850074 0.4720962 0.07139735 0.7879341 0.8475313
0.08184829 0.09466577 0.3331286 0.7522198 0.3126069
0.6910859 0.8560047 0.616197 0.2287911 0.3797832
0.6392629 0.1440929 0.7953963 0.477369 0.5149737
0.08869015 0.8962289 0.3928163 0.08659928 0.6523524
0.1604377 0.7013878 0.1735298 0.9968221 0.5885118
0.2384264 0.484865 0.8178969 0.1372546 0.7808119
0.9737724 0.04471187 0.3853457 0.07347611 0.8101782
0.8524649 0.818155 0.9494495 0.3337817 0.9880907
0.7589653 0.2850559 0.5949344 0.5381958 0.7808043
0.8815059 0.2909743 0.6244212 0.1467716 0.1931328
0.8703894 0.05941827 0.168422 0.1300183 0.6524721
0.6902588 0.3773546 0.4043394 0.8170571 0.5763652
0.4726035 0.4319619 0.4557294 0.8139272 0.3479854
0.1091498 0.6369371 0.4252926 0.1446385 0.04773612
0.6469114 0.6739757 0.04162966 0.5936315 0.1650125
0.6587936 0.5566402 0.7048372 0.6236497 0.3105715
0.04595381 0.195261 0.1997394 0.04506411 0.03098053
0.4389118 0.8825074 0.2081973 0.4615695 0.7215493
0.6200377 0.8951227 0.7793915 0.506852 0.7576096
0.6337475 0.864311 0.1311609 0.8662484 0.4781373
0.2312561 0.7653908 0.5269594 0.8201927 0.9607883
0.6537986 0.5769346 0.86222 0.195736 0.09227099
0.468283 0.1500792 0.7897457 0.2409068 0.791588
0.6724983 0.2624224 0.5405809 0.5832378 0.3697045
0.03790764 0.1682268 0.6243468 0.9689589 0.4409176
0.1491074 0.3571654 0.579354 0.846739 0.3123896
0.5407712 0.1751036 0.6297628 0.1702305 0.5175235
0.8058861 0.5782367 0.6710007 0.5174223 0.9373269
0.166453 0.538146 0.9037168 0.3020514 0.2062276
0.2507689 0.1357251 0.6501053 0.4165924 0.08608886
0.3478762 0.1774436 0.6320933 0.3480188 0.940016
0.2049086 0.3719277 0.04403496 0.877608 0.2454564
0.4702963 0.8212583 0.5265377 0.04927985 0.105993
0.9821882 0.7071312 0.5683649 0.9642756 0.9677035
0.4522532 0.4535449 0.8821239 0.5656225 0.7651956
0.0712245 0.662564 0.4486629 0.684223 0.4471736
0.9594976 0.6927082 0.7577637 0.08582529 0.384138
0.3006937 0.3890286 0.2838049 0.8695222 0.546293
0.7697191 0.7678305 0.5534756 0.326845 0.7043706
0.5484569 0.6704948 0.2718403 0.9963543 0.3690243
0.3875855 0.1674796 0.353127 0.4240074 0.8358998
0.2240293 0.4808757 0.3431223 0.1799918 0.4471926
0.5124081 0.8851699 0.3997214 0.4580616 0.4418448
0.1380634 0.6617866 0.7165729 0.3251769 0.2484097
0.5452702 0.8817497 0.7224412 0.717011 0.1435974
0.6801608 0.2178255 0.997177 0.9891515 0.3049754
0.6516013 0.1083902 0.117948 0.0924345 0.02184038
0.9108515 0.6803894 0.1721972 0.08571896 0.1493919
0.7655055 0.6762882 0.8819204 0.543157 0.5597445
0.6687004 0.9152219 0.6396772 0.5577814 0.1992292
0.08898954 0.2508215 0.3890439 0.5380229 0.2611239
0.1390211 0.002788225 0.1603308 0.7164431 0.9485493
0.7306564 0.661274 0.3518937 0.5618132 0.3560029
0.579191 0.9294817 0.6870049 0.5500168 0.7721326
0.5342338 0.440813 0.959515 0.9693328 0.8361547
0.6399997 0.179059 0.9430871 0.0722949 0.1225433
0.3807264 0.5324925 0.6711004 0.5528191 0.6711201
0.4177802 0.2714512 0.8690478 0.9784861 0.5499428
0.8498333 0.3698287 0.6406124 0.4607254 0.5990597
0.2424973 0.3343197 0.2801379 0.9648235 0.9839703
0.6094974 0.6544263 0.4070495 0.2739881 0.4058525
0.137756 0.003429912 0.6184807 0.3477606 0.4248778
0.9936442 0.07228913 0.5220695 0.7910529 0.4611281
0.4733232 0.9702967 0.7196152 0.6055144 0.871781
0.8539059 0.9305212 0.5562237 0.6230985 0.04090584
0.8990597 0.4644025 0.666878 0.8589499 0.7963898
0.3345388 0.7309271 0.1062112 0.7932929 0.02197046
0.9328315 0.2649194 0.8490387 0.1798885 0.4777382
0.4061811 0.5370849 0.3008107 0.3241188 0.1751302
0.008319767 0.7192179 0.9076344 0.8250791 0.5545338
0.7069759 0.734382 0.04767864 0.03524686 0.9518609
0.6959044 0.9651275 0.9557666 0.1548497 0.1094419
0.5758572 0.9294286 0.9651735 0.6850286 0.3587052
0.7658481 0.1818804 0.6964539 0.6057707 0.9823753
0.5854496 0.6150983 0.515836 0.1816057 0.6585399
0.1454542 0.07358149 0.8624516 0.5773486 0.1906616
0.872175 0.01231424 0.6031955 0.3988831 0.61996
0.8867902 0.09814952 0.2346953 0.1648178 0.848427
0.1214742 0.7586735 0.6200027 0.3112996 0.9484578
0.2741442 0.2851638 0.7433092 0.4011936 0.9020672
0.6565753 0.5949823 0.4905287 0.3729219 0.4696163
0.5090177 0.7143515 0.3919817 0.3733123 0.7867445
0.9666284 0.6602962 0.06327352 0.4991794 0.05269613
0.4529638 0.1988084 0.2451972 0.1150267 0.6131505
0.1767075 0.485027 0.6961231 0.6129261 0.8246581
0.5148344 0.8872085 0.3053513 0.7289691 0.2606247
0.6463588 0.6409352 0.7304598 0.7011375 0.6766501
0.6052565 0.1671171 0.4741805 0.1541749 0.1940793
0.6653427 0.8367799 0.9381559 0.3041414 0.02751568
0.4979744 0.4991963 0.1167927 0.4135637 0.2015423
0.592088 0.277883 0.7462067 0.1510781 0.9496625
0.1473033 0.3174663 0.1674996 0.8600236 0.5648146
0.5444669 0.7728466 0.3068408 0.8739829 0.8257619
0.9621625 0.9395638 0.2482627 0.6551344 0.8020078
0.6177929 0.7331715 0.07260939 0.598289 0.5435623
0.9244632 0.7756337 0.2513195 0.3321756 0.7492328
0.1964827 0.1822823 0.6233918 0.6453855 0.7412431
0.8296211 0.9660944 0.5022316 0.2506372 0.4801099
0.585471 0.1885228 0.945438 0.5947059 0.309644
0.05240918 0.9168128 0.01720756 0.8195541 0.8761259
0.9985862 0.8530996 0.06511783 0.4100941 0.948703
0.6014933 0.1545775 0.2337417 0.3874591 0.8841562
0.8728014 0.3961865 0.7074016 0.8207918 0.5065828
0.6046103 0.6488424 0.2131786 0.6099493 0.9645874
0.9437507 0.973419 0.4719924 0.2783034 0.8388689
0.7230334 0.181586 0.5751937 0.4430769 0.6499325
0.5086056 0.1911502 0.9464464 0.3441308 0.150702
0.5201993 0.3678585 0.3985253 0.7301207 0.2777523
0.1737354 0.333688 0.851692 0.3739024 0.9296057
0.1088549 0.1239686 0.001976182 0.7271259 0.9193391
0.009119711 0.9832455 0.001871408 0.2797679 0.8118955
0.0536015 0.8717865 0.1205053 0.2302212 0.719253
0.9267419 0.6394399 0.6820842 0.2492442 0.9473983
0.8117906 0.958892 0.5911329 0.7051455 0.720978
0.1084015 0.2187481 0.9759166 0.8000829 0.4332961
0.2626997 0.9353544 0.3165385 0.9559438 0.2160607
0.9894597 0.5884522 0.1027079 0.3063861 0.1785364
0.8255283 0.4607172 0.7537382 0.2584114 0.08445307
0.984071 0.1459833 0.139821 0.7412245 0.6962084
0.8934087 0.1036389 0.3238826 0.5602114 0.2296487
0.1765284 0.5413973 0.8551125 0.3241797 0.6592612
0.8541417 0.8826348 0.9845745 0.3296876 0.3503714
0.4339227 0.2289675 0.1940046 0.8221604 0.2153956
0.6709761 0.4513651 0.3389547 0.6227892 0.2382606
0.9213742 0.9054002 0.4496074 0.414043 0.8700069
0.01282888 0.7608101 0.5244619 0.9066165 0.1919706
0.8657458 0.7758578 0.6351079 0.1161154 0.8974595
0.4302696 0.8288717 0.6140254 0.5803195 0.1966024
0.4330467 0.7503105 0.5330875 0.1480622 0.2431992
0.05061636 0.9233594 0.8485175 0.1233407 0.9114372
0.0233297 0.04888044 0.1087448 0.7889657 0.7606435
0.7227758 0.6550707 0.9974442 0.590586 0.2618431
0.870062 0.06997638 0.3387733 0.5238068 0.4908693
0.5025274 0.7136066 0.9500027 0.1937449 0.1875476
0.2271792 0.2596683 0.6177292 0.355642 0.1144552
0.4293804 0.7475912 0.9711929 0.5731997 0.7981938
0.8314798 0.8753527 0.7905641 0.5738198 0.6503617
0.6041743 0.7184859 0.86897 0.005725515 0.5642632
0.1652421 0.4484526 0.2109397 0.7424314 0.2922142
0.3941196 0.4300822 0.9961482 0.3942135 0.1146799
0.2014533 0.2400737 0.2656916 0.1921452 1
0 0.1565124 0.8198332 0.7254347 0.5746256
0.1612872 0.0729944 0.4586194 0.1168363 0.6851593
0.0119655 0.08946827 0.2730739 0.5992202 0.6680989
0.9838994 0.3247956 0.7794682 0.2827969 0.2795206
0.6726265 0.7723768 0.4356858 0.764446 0.8423286
0.0388034 0.1369928 0.07187163 0.1014141 0.7500351
0.3507018 0.6280778 0.7923069 0.3482746 0.5176154
0.4596739 0.3159675 0.9323153 0.6551831 0.6691136
0.7748438 0.9648535 0.504693 0.6644144 0.8127164
0.3499472 0.04590861 0.4934826 0.2111954 0.1992733
0.9323861 0.714095 0.8094555 0.6514628 0.4606517
0.1621797 0.3252504 0.3006065 0.07239588 0.2235435
0.5175428 0.351702 0.4468194 0.5993475 0.8852955
0.8422778 0.071973 0.6355353 0.1210639 0.36512
0.01832386 0.3877015 0.3667008 0.5024187 0.3295931
0.7194602 0.3487139 0.9697191 0.9436965 0.2856023
0.2130723 0.408684 0.4643084 0.8062639 0.4556958
0.7649021 0.6052204 0.7909166 0.1726089 0.1050601
0.2185314 0.58494 0.4222621 0.7271261 0.8758203
0.4426464 0.7254225 0.9398169 0.4890607 0.3134187
0.2523769 0.7809579 0.4854649 0.6167585 0.4469255
0.5662983 0.7260318 0.2931008 0.1900936 0.9357221
0.7507514 0.5677334 0.1840236 0.3667854 0.1167605
0.6617069 0.1165444 0.6297795 0.4601621 0.3104054
0.6170004 0.9154663 0.9994663 0.5113619 0.4071358
0.5626095 0.5416873 0.355712 0.7034032 0.5556593
0.6947064 0.5369157 0.9736848 0.6700922 0.4023698
0.8264522 0.7819486 0.5047524 0.3538295 0.5207038
0.02464107 0.7951922 0.4841977 0.478794 0.2556294
0.3466849 0.7230578 0.7905258 0.05334913 0.497627
0.8481394 0.6500706 0.6319021 0.4792943 0.8050557
0.2075355 0.5995048 0.1076052 0.1684917 0.8485705
0.1896604 0.7711272 0.8927884 0.6482665 0.228761
0.09985364 0.09894091 0.1863855 0.1807994 0.3025708
0.7274838 0.5994138 0.631239 0.960824 0.689065
0.761476 0.6473959 0.5088018 0.03215272 0.3493085
0.5829942 0.9895155 0.1415159 0.2877734 0.245968
0.9015085 0.9227837 0.1585038 0.5125865 0.9983751
0.2135916 0.936703 0.9917163 0.1884595 0.6176505
0.1131292 0.1710796 0.9344435 0.6406094 0.4143759
0.01745593 0.8352081 0.5449308 0.8220508 0.1133083
0.1055298 0.2665575 0.4652241 0.2615194 0.1951281
0.3375991 0.4659749 0.1811939 0.4919988 0.5942952
0.5109822 0.4864505 0.7718389 0.7318072 0.2155669
0.01276262 0.938859 0.1557112 0.479005 0.2059709
0.1882939 0.3649416 0.8210543 0.4681014 0.03523757
0.6471762 0.1916563 0.3476191 0.9457402 0.4021273
0.3402462 0.7522237 0.6069438 0.8483273 0.07512287
0.8187008 0.984956 0.3565335 0.5752047 0.5036817
0.9535185 0.8270977 0.862672 0.6889665 0.2409349
