0.4890879 0.4730931 0.2785358 0.334613 0.6297521
0.8486684 0.5611046 0.7746274 0.8823221 0.2255623
0.4766462 0.4872167 0.8837681 0.7852673 0.9217877
0.9298797 0.8716121 0.1579478 0.2539299 0.8164025
0.9712275 0.834907 0.2841454 0.8645247 0.2616463
0.954406 0.7846306 0.241198 0.8375076 0.3561684
0.7525464 0.08725681 0.6852245 0.6999485 0.3511776
0.6629795 0.9364194 0.9444325 0.3718863 0.9596038
0.8946243 0.6701441 0.2579878 0.962574 0
0.4153623 0.1369832 0.4477339 0.2456541 0.003356491
0.0952425 0.8359084 0.6899251 0.1050078 0.4042019
0.6681368 0.823834 0.2072641 0.2749735 0.6081041
0.8396823 0.05850802 0.5724133 0.686273 0.5849809
0.5082443 0.1725062 0.3906652 0.2498038 0.1546998
0.9673821 0.8068724 0.7697293 0.03789452 0.6110901
0.5689544 0.5677629 0.714036 0.3517002 0.3987366
0.3401564 0.1144302 0.1895482 0.2387514 0.3764841
0.4026916 0.645405 0.9347835 0.9726559 0.4177969
0.456523 0.02583095 0.6617024 0.6766841 0.995917
0.4143481 0.221314 0.1857062 0.1203956 0.8342656
0.3958677 0.3678247 0.8971893 0.3122804 0.069974
0.4400018 0.2030673 0.5385305 0.4564615 0.795214
0.6049614 0.9871582 0.4688757 0.2492517 0.007894279
0.9120833 0.01974941 0.528844 0.9722707 0.2929309
0.9585534 0.7957949 0.8645846 0.6220395 0.5469419
0.1604151 0.3441712 0.2854601 0.4308784 0.5174236
0.9137942 0.2940833 0.8397946 0.2432137 0.9111101
0.571007 0.100445 0.2719357 0.8365035 0.1594536
0.2453643 0.2452407 0.4556923 0.0398464 0.7737079
0.1607452 0.774001 0.6739718 0.7344335 0.7000283
0.5783156 0.3731655 0.7780703 0.5338004 0.7718413
0.1040154 0.3337751 0.8687809 0.3642052 0.1164428
0.3799668 0.7442782 0.8452103 0.08559644 0.0343735
0.1605989 0.3911607 0.3836993 0.1075605 0.9063066
0.5453327 0.333279 0.2787398 0.2494148 0.07341388
0.7510694 0.214841 0.7728076 0.691002 0.5822119
0.006181661 0.4244859 0.7611389 0.9310508 0.342156
0.8023825 0.9955803 0.8218677 0.221911 0.3734451
0.3577174 0.9084478 0.51402 0.6719457 0.578791
0.7861775 0.3662471 0.9438126 0.8151444 0.6633479
0.153225 0.339385 0.9987035 0.5104421 0.6160371
0.7892758 0.2871854 0.3557077 0.8732349 0.7049649
0.4531036 0.8415978 0.4217962 0.7018814 0.4522666
0.9932862 0.3681175 0.3798927 0.1074778 0.3260313
0.8635783 0.4388587 0.5665945 0.3754136 0.9460583
0.4708353 0.5850547 0.04087065 0.1200209 0.832394
0.2962734 0.09643092 0.2831101 0.9211014 0.07969098
0.6020059 0.03646735 0.5587014 0.8083125 0.3016868
0.93618 0.1685031 0.3763537 0.1823361 0.4602721
0.3998743 0.6569146 0.1994945 0.5822806 0.04590477
0.6985548 0.6934793 0.006325193 0.08221883 0.9499343
0.2342326 0.5110078 0.9427706 0.8793121 0.03726961
0.05588438 0.4563689 0.1910473 0.8878817 0.5588502
0.1885141 0.5649154 0.4564177 0.7682396 0.1537849
0.8048631 0.6705515 0.05514591 0.499527 0.6713578
0.6995997 0.3126856 0.5025727 0.5179847 0.8887934
0.2992955 0.3399674 0.711074 0.4002711 0.7045953
0.9678765 0.9328202 0.8422418 0.5513623 0.8081016
0.2890448 0.7938551 0.3123592 0.473984 0.7635951
0.470558 0.05658887 0.2655122 0.08784751 0.2831004
0.8075957 0.1308039 0.5909513 0.02472672 0.1558586
0.4113855 0.746411 0.09061 0.2891044 0.04954778
0.7893303 0.8824694 0.5848168 0.7407562 0.2359747
0.2086774 0.07074769 0.6588817 0.8915023 0.4017079
0.9122859 0.04808308 0.2033703 0.491517 0.8223911
0.2661977 0.6981628 0.7955405 0.8284701 0.4140889
0.4407183 0.8548475 0.1633639 0.997471 0.1159783
0.4477583 0.9608331 0.6592198 0.9111024 0.6226088
0.6036756 0.3097533 0.6199806 0.2475403 0.6800678
0.3498159 0.5312994 0.8662851 0.234857 0.9511596
0.8630493 0.8782045 0.4171789 0.9367672 0.521035
0.7668258 0.7491621 0.3122502 0.01884882 0.7798064
0.9015221 0.9644534 0.797862 0.9515244 0.1232512
0.4810788 0.9360056 0.2959198 0.07786796 0.3461731
0.3196637 0.592807 0.2481767 0.7638633 0.5570121
0.08215007 0.08716641 0.2008808 0.4145357 0.878476
0.5715976 0.9026887 0.1244263 0.7776298 0.1691162
0.7856 0.1233122 0.1015433 0.6641383 0.9000041
0.2031544 0.3889079 0.887042 0.6041353 0.3176872
0.04888628 0.3607805 0.4204019 0.1584218 0.8677235
0.5904208 0.9313183 0.5003387 0.7005882 0.3427473
0.9702039 0.08500267 0.4201004 0.1309144 0.4661771
0.9024695 0.2328447 0.95379 0.7394524 0.5062884
0.5047653 0.8034016 0.4576204 0.5359767 0.1433879
0.4100765 0.1186973 0.6197944 0.2559048 0.4543878
0.8868838 0.329342 0.9663639 0.7104237 0.3502248
0.1340078 0.4032458 0.2411192 0.1444241 0.2374849
0.3045115 0.8734997 0.4554718 0.2893554 0.15505
0.02497391 0.218086 0.3700029 0.3576595 0.9959134
0.2257309 0.192993 0.03345884 0.972935 0.6266351
0.3959633 0.4434695 0.284004 0.9055421 0.6636192
0.8981458 0.741656 0.3622782 0.2116417 0.09761574
0.06406439 0.3720672 0.2872568 0.6151023 0.0504432
0.3545044 0.4646408 0.2229289 0.418408 0.3068769
0.4116513 0.2199231 0.09920577 0.3778255 0.06522533
0.9549591 0.273549 0.8667519 0.3080163 0.8227007
0.03733304 0.1877341 0.7319106 0.4502969 0.9181783
0.6086566 0.5920122 0.3262751 0.06220078 0.2347861
0.8523245 0.9719052 0.9372907 0.308991 0.7570381
0.9564161 0.3092204 0.7239918 0.1261924 0.8321829
0.1382274 0.5310561 0.8569199 0.4858209 0.2052588
0.5175332 0.1682642 0.9736681 0.445965 0.1511052
0.4722232 0.9054086 0.3886638 0.7536301 0.8450846
0.6654179 0.5919324 0.6643599 0.7933261 0.2406031
0.4351961 0.6984493 0.1634384 0.1541464 0.8990658
0.8299976 0.6870717 0.6257677 0.8316872 0.1155875
0.9639678 0.7091555 0.2674331 0.822595 0.6746223
0.825748 0.02189083 0.682263 0.06503801 0.4704761
0.6509026 0.04889508 0.101753 0.9521162 0.3315205
0.9706344 0.6782954 0.4576203 0.941719 0.7832731
0.3298997 0.344468 0.1956157 0.704117 0.9699828
0.08513328 0.1217083 0.8338409 0.1780091 0.6612471
0.6304666 0.9685986 0.9939417 0.3848029 0.2386791
0.1444512 0.8238705 0.3214771 0.3957358 0.906202
0.02543114 0.3102511 0.9452471 0.7476557 0.6669724
0.434258 0.007977838 0.9281959 0.3732331 0.2523691
0.5702864 0.4319279 0.06341754 0.4405606 0.7782127
0.4711617 0.09754244 0.3278933 0.2419124 0.2352346
0.01272386 0.9009366 0.4697794 0.7491583 0.9787294
0.2070429 0.7407609 0.7360002 0.1826246 0.2366597
0.06227088 0.1012353 0.5418117 0.07376083 0.02957369
0.1058144 0.2752009 0.2510217 0.05304625 0.4480489
0.2132795 0.9916308 0.107409 0.1140991 0.9348402
0.2615495 0.2781266 0.8595577 0.2974197 0.3580411
0.006116484 0.8482438 0.7203906 0.5604842 0.5070993
0.7732026 0.9438271 0.2528424 0.7256844 0.3957007
0.9058306 0.2464214 0.5111831 0.0840684 0.4322123
0.3090587 0.03229923 0.517924 0.6493957 0.07916764
0.5791593 0.9226462 0.9481571 0.9044535 0.8767917
0.006881715 0.4676155 0.8081556 0.3987197 0.2680061
0.7785997 0.08992868 0.5376337 0.3423534 0.3473043
0.9131295 0.225515 0.3005488 0.7032052 0.7852417
0.8498965 0.3265421 0.2060963 0.4921471 0.3459394
0.9556142 0.611112 0.7067958 0.2375338 0.8914177
0.477053 0.01196802 0.5113565 0.7191618 0.01635327
0.7057468 0.2365852 0.615195 0.8425572 0.06364615
0.8821305 0.723067 0.9436793 0.9231289 0.5903662
0.3978878 0.5162744 0.1632057 0.4614824 0.4810636
0.3819761 0.8467736 0.6574325 0.6829804 0.152278
0.2210933 0.9294685 0.6120806 0.3587827 0.5131712
0.9968914 0.02019451 0.2030996 0.1968206 0.8413493
0.9267495 0.214723 0.3407887 0.6344999 0.1103244
0.4814972 0.3899353 0.2869032 0.9969752 0.5512016
0.9938492 0.630503 0.1574738 0.1491062 0.264962
0.660244 0.538902 0.09284885 0.07884715 0.9491958
0.6691158 0.6270492 0.8511929 0.1475432 0.9806631
0.9042273 0.2391181 0.3287645 0.7922001 0.7091805
0.7173302 0.4717554 0.7193026 0.02946924 0.3992186
0.3787759 0.4746856 0.4218071 0.2172974 0.09485043
0.6675526 0.05825715 0.0816051 0.4646827 0.06955431
0.5401857 1 0.06718146 0.4800282 0.4476814
0.8833916 0.82761 0.003867398 0.1018746 0.2431232
0.1137215 0.7179854 0.96295 0.2267756 0.203412
0.8819334 0.1192599 0.5512643 0.2341916 0.4212567
0.3439294 0.1163406 0.7738488 0.2584818 0.8121805
0.3054161 0.7745234 0.8071461 0.2628715 0.4554721
0.1652055 0.6860819 0.1565867 0.2653749 0.9108544
0.6646697 0.6749704 0.8819845 0.1036284 0.1958564
0.6247515 0.7785631 0.04096175 0.00196686 0.301858
0.3483153 0.2627997 0.7573223 0.6312473 0.05373488
0.9998186 0.9415251 0.418361 0.110263 0.6982238
0.9105477 0.9133921 0.4664873 0.5432978 0.0492545
0.8303112 0.9644087 0.4437083 0.9586027 0.8343487
0.1315261 0.6579609 0.146818 0.4479432 0.1469789
0.1083828 0.9939388 0.0243963 0.3935802 0.1955787
0.5659718 0.587314 0.6974628 0.6643556 0.9943621
0.3226269 0.7782587 0.6284665 0.2434343 0.805653
0.6318663 0.8895942 0.9311917 0.1440419 0.719023
0.8655667 0.9282042 0.7011149 0.7938116 0.8486995
0.8120272 0.9207486 0.9109831 0.1115422 0.4413344
0.9926811 0.2039513 0.8750339 0.8465179 0.1141181
0.7978786 0.7510338 0.8558862 0.056689 0.912205
0.7684163 0.7306584 0.1439763 0.01088615 0.6467058
0.9877275 0.5305188 0.8045335 0.9806888 0.8801131
0.2470769 0.9788498 0.06117048 0.6077543 0.6539481
0.5562177 0.3720208 0.8568668 0.4177589 0.6295438
0.5569419 0.4575937 0.9142969 0.2761105 0.2186832
0.2595919 0.6885922 0.5419623 0.09668575 0.8837611
0.393248 0.02477042 0.4332227 0.7140079 0.5955407
0.4419926 0.9997874 0.3427454 0.08990277 0.8331414
0.1567067 0.3833665 0.44897 0.792744 0.616249
0.9443739 0.8730446 0.414511 0.5303866 0.4718289
0.3170779 0.02112604 0.7149776 0.5195882 0.1637136
0.8565992 0.2216811 0.09786632 0.236976 0.6453709
0.2804307 0.3521112 0.0631637 0.6881022 0.1414417
0.30148 0.727616 0.05900843 0.08153142 0.8010695
0.06396216 0.3839286 0.6069978 0.9496013 0.9082349
0.3051696 0.5304656 0.7966533 0.5418326 0.4763482
0.7651613 0.3734175 0.8201681 0.2486097 0.4850159
0.03773269 0.1182676 0.7930866 0.6211246 0.6340333
0.3529259 0.1920211 0.5909927 0.8104811 0.5274796
0.918579 0.7824336 0.372677 0.7262722 0.9259162
0.8129531 0.8504831 0.6521852 0.4364245 0.525995
0.09057863 0.08605908 0.09686162 0.8651633 0.9576754
0.9971238 0.1331826 0.6861871 0.687229 0.2028702
0.104485 0.6086335 0.7071322 0.05542966 0.785038
0.6915138 0.6390414 0.8917879 0.9452721 0.6473452
0.3999984 0.4716818 0.6085115 0.2583053 0.1183201
0.286706 0.0858288 0.2039219 0.6374231 0.7549479
0.9899456 0.6475507 0.4634726 0.2527704 0.7830642
0.1952047 0.4686305 0.6598129 0.6081034 0.3936769
0.457288 0.786996 0.6018654 0.1839702 0.2182643
0.5716897 0.7097062 0.5466605 0.9637952 0.4018826
0.8945072 0.6687654 0.3795763 0.8448213 0.4064414
0.6295861 0.6171854 0.8344075 0.7326027 0.4569372
0.6438269 0.7770035 0.6684452 0.4906441 0.2183815
0.8082221 0.7266609 0.5418656 0.937895 0.7706452
0.6904702 0.9222561 0.9586894 0.3600539 0.6990103
0.6311503 0.6251408 0.7687373 0.5540013 0.6167754
0.41046 0.4808934 0.6637166 0.6293284 0.337769
0.8993383 0.417126 0.4633045 0.5451904 0.09683236
0.7249207 0.6243113 0.07832229 0.886979 0.4549
0.5511449 0.7758185 0.5575197 0.3318791 0.6715971
0.01340136 0.475241 0.2579782 0.4580341 0.8390206
0.8512018 0.7331822 0.6632995 0.9691188 0.4008512
0.7110897 0.2885283 0.1373814 0.9529165 0.5756137
0.9912147 0.9103758 0.6657663 0.4739233 0.9202737
0.3325308 0.9165485 0.3808146 0.3915872 0.4374327
0.4457538 0.5748445 0.5163142 0.4841263 0.7560363
0.8220845 0.8923509 0.1380404 0.03792602 0.8566833
0.5187732 0.04555012 0.1385006 0.1800858 0.7178288
0.2669433 0.2668442 0.2731629 0.4267243 0.8095534
0.9251304 0.4416633 0.9347001 0.7766818 0.05152674
0.02774555 0.6286377 0.8327701 0.6044139 0.6301575
0.003695532 0.7418462 0.4917186 0.9320482 0.0492997
0.559412 0.4277894 0.4791813 0.1670811 0.8969656
0.8232654 0.3355109 0.850751 0.008073574 0.4802914
0.7299283 0.6670122 0.8828271 0.03027333 0.07317574
0.4054072 0.7652092 0.09245692 0.9643941 0.6931958
0.1803636 0.9362452 0.7281712 0.9043412 0.4530259
0.4127564 0.3395175 0.3182488 0.3915963 0.7869743
0.4570185 0.7939686 0.1419411 0.6005803 0.7655311
0.881247 0.09439434 0.04483112 0.6940181 0.1319591
0.3676027 0.3604394 0.5483946 0.8685484 0.6952399
0.8310165 0.8891213 0.1133239 0.5476824 0.3845329
0.2491991 0.4493866 0.9911675 0.2467879 0.9349963
0.4121054 0.2369945 0.5640122 0.439571 0.03817319
0.8996071 0.09449796 0.4237007 0.01276381 0.1939462
0.2773499 0.5946385 0.872475 0.505172 0.4292775
0.7994209 0.9011993 0.1969157 0.33791 0.0752342
0.8632093 2.573468e-05 0.9722759 0.6061109 0.2137755
0.7708983 0.9902799 0.5187095 0.6758075 0.03588657
0.9910857 0.7952003 0.1364459 0.3059628 0.07801607
0.5701897 0.1809344 0.05397205 0.03013404 0.2358448
0.7774346 0.4741763 0.7308075 0.3354078 0.3325846
0.6705831 0.00151898 0.1602225 0.6521775 0.9144851
0.6012543 0.6878714 0.75837 0.983854 0.6493684
0.3042487 0.3246708 0.01196513 0.2013285 0.3324312
0.8461357 0.3241108 0.1971935 0.3989339 0.08363042
0.6192317 0.06608051 0.49266 0.2412757 0.5425638
