0.428354 0.7999022 0.05313444 0.1091943 0.1251095
0.1585778 0.887741 0.3833706 0.1396891 0.08240119
0.6701923 0.8242886 0.7476696 0.9422145 0.4851529
0.05320905 0.4160875 0.9385995 0.9804471 0.06276357
0.5279716 0.8275512 0.4536988 0.6849197 0.9850765
0.9109401 0.9028548 0.05912521 0.01733502 0.9345619
0.6094635 0.1391524 0.429344 0.1900019 0.5744575
0.8938508 0.3933291 0.7906217 0.03385385 0.721672
0.8725291 0.7871918 0.687258 0.4580424 0.4972842
0.9748188 0.7508662 0.8642132 0.5846312 0.8875906
0.1865116 0.907317 0.750669 0.8996686 0.3475517
0.8048843 0.1942423 0.2005034 0.6194251 0.866906
0.1640343 0.2011949 0.5749706 0.9662502 0.009053745
0.3317769 0.779427 0.07279067 0.7594054 0.1528672
0.887225 0.07889906 0.1583806 0.6961203 0.2062788
0.3603418 0.6060275 0.8874186 0.8640938 0.9886068
0.8258269 0.3294336 0.06363027 0.1342937 0.3864324
0.7464796 0.7121903 0.6437179 0.08902392 0.3120896
0.2124627 0.2293997 0.7545719 0.5151874 0.5000413
0.358971 0.05943885 0.1194041 0.6798652 0.9273203
0.5283404 0.9277482 0.6613598 0.798886 0.1985177
0.8748766 0.9210895 0.2967355 0.5512701 0.7528277
0.008838591 0.4320216 0.8512204 0.8973366 0.5446318
0.8406217 0.4264739 0.5125082 0.6983175 0.7887351
0.7587191 0.09923583 0.1544099 0.1758765 0.4251602
0.8568306 0.4469519 0.6636122 0.5757006 0.7231073
0.1127041 0.4407708 0.07418901 0.759175 0.2329018
0.851923 0.1236086 0.7427623 0.06248764 0.8987084
0.2753423 0.7711648 0.1508429 0.6243219 0.5744269
0.2883564 0.7411962 0.5261499 0.5192175 0.567969
0.04725053 0.1209112 0.7052478 0.8421381 0.1100972
0.07753756 0.4671025 0.8288517 0.7590954 0.691369
0.6460412 0.03900357 0.2428032 0.3712982 0.8880706
0.3446551 0.1999089 0.2390355 0.9711741 0.2293459
0.5505133 0.6444046 0.5669479 0.8230832 0.5926078
0.3608157 0.5807987 0.7239124 0.7331885 0.1761933
0.2506213 0.2178138 0.8355082 0.8389753 0.7737318
0.1840173 0.7665075 0.699743 0.4696229 0.2000958
0.08180927 0.5372841 0.4403198 0.1798671 0.5394107
0.5153612 0.9276879 0.8872038 0.9952887 0.7212001
0.8157084 0.4913479 0.9072303 0.1299566 0.3224415
0.3969646 0.5990835 0.4313069 0.8068393 0.2176831
0.1456572 0.3145323 0.5265554 0.6056166 0.7846278
0.9646703 0.004723235 0.4599622 0.2065155 0.08805739
0.2212233 0.9044143 0.5843322 0.2360228 0.9275925
0.9020459 0.9491406 0.9274478 0.3176923 0.6894788
0.9096141 0.8697424 0.00766396 0.8307697 0.4572032
0.3448103 0.07770124 0.3265933 0.2130512 0.5452769
0.141066 0.2850709 0.4874524 0.1002067 0.4317551
0.8114834 0.9547189 0.4823889 0.1758198 0.5270095
0.4609645 0.4378102 0.8044401 0.7150112 0.315565
0.8554034 0.4914679 0.9843721 0.8608585 0.1357586
0.1388844 0.5113239 0.3771603 0.1513266 0.6163541
0.6451918 0.6843031 0.8521008 0.3340434 0.8842646
0.2432443 0.266933 0.7711313 0.5597381 0.9880951
0.003077643 0.2274807 0.0605577 0.3554461 0.3174904
0.7583863 0.4659142 0.7147871 0.6097949 0.08873321
0.747298 0.08015652 0.4783991 0.4857496 0.1025687
0.8013606 0.1475298 0.9133604 0.7232779 0.9382559
0.06284968 0.02476197 0.007703684 0.7024338 0.2657944
0.9673125 0.9049745 0.7581422 0.2809726 0.956501
0.1432296 0.2313269 0.8017474 0.897741 0.8256094
0.4282398 0.9089689 0.05902929 0.23545 0.4711829
0.3834332 0.969586 0.8460305 0.7731567 0.6661545
0.5871322 0.4499481 0.5822505 0.6261259 0.4655325
0.919648 0.4913107 0.2384011 0.1151237 0.701697
0.4829729 0.1160311 0.2149842 0.4490647 0.4477153
0.159435 0.3631801 0.1738043 0.9293422 0.5827573
0.7155966 0.4910183 0.4325305 0.3284955 0.9892876
0.7166498 0.5280012 0.4052479 0.2187941 0.3544133
0.4165251 0.9891484 0.9232298 0.1207916 0.459264
0.7884554 0.6510085 0.3613062 0.4685932 0.2988953
0.7988388 0.4334111 0.7705369 0.9261315 0.03549741
0.7498785 0.3026795 0.3071291 0.01656739 0.2437945
0.4943627 0.7642369 0.9241638 0.778589 0.2930992
0.8577456 0.8393394 0.7199138 0.3700468 0.4405049
0.2551419 0.1476129 0.9168281 0.7885733 0.1649647
0.1009097 0.9914477 0.6594637 0.125035 0.5252287
0.2888969 0.6086485 0.8293238 0.5768509 0.150688
0.4362887 0.146441 0.2823002 0.8053074 0.6486778
0.5849314 0.1723871 0.8846126 0.9782768 0.8422855
0.4596859 0.8458431 0.03833642 0.6976085 0.5634306
0.05943685 0.3961674 0.2145744 0.04587385 0.8184066
0.9273311 0.5709238 0.0133653 0.6454721 0.1093088
0.7363493 0.1819786 0.845172 1 0.8596807
0.2573715 0.4033151 0.1704269 0.8973152 0.6600574
0.8673369 0.4991256 0.5077181 0.3923562 0.327469
0.9030115 0.3451498 0.6637804 0 0.6125921
0.3471518 0.9405244 0.2122031 0.2050057 0.584192
0.3133752 0.9907906 0.8240241 0.5613834 0.163377
0.433821 0.3098637 0.7765387 0.5392651 0.4845164
0.9222364 0.9971684 0.1138795 0.5255189 0.3714461
0.895981 0.375487 0.06158259 0.5294269 0.476224
0.1291407 0.5442641 0.1770845 0.8157587 0.31337
0.7755701 0.1677145 0.03510647 0.619697 0.3565194
0.697733 0.7661475 0.5004191 0.4863274 0.2776848
0.4968193 0.5082771 0.0638898 0.2130751 0.6675736
0.74826 0.3056468 0.2558205 0.0754338 0.1768868
0.9116533 0.74338 0.9191941 0.4366057 0.6099069
0.701242 0.2428239 0.7043169 0.4335139 0.3199229
0.03727287 0.8167634 0.9562562 0.5424376 0.1047343
0.1803414 0.005547592 0.009939123 0.9402443 0.9394572
0.858606 0.3450085 0.9230077 0.2723403 0.8362658
0.9229181 0.2546535 0.400591 0.7445245 0.7509647
0.2353602 0.1735065 0.8945495 0.1813714 0.5239668
0.3671075 0.6786966 0.2290623 0.4878527 0.852424
0.6885418 0.3623015 0.585503 0.8499142 0.5326687
0.8006702 0.4267406 0.1840941 0.2703099 0.1467534
0.02405269 0.0438486 0.4651002 0.6230797 0.04191439
0.886001 0.1812088 0.7423574 0.5270782 0.5711527
0.1827875 0.02827558 0.2324518 0.2578852 0.4494688
0.3501788 0.7109505 0.00948431 0.2951927 0.4817634
0.6591329 0.3994929 0.2750907 0.3851465 0.3937718
0.1675818 0.6525161 0.1818181 0.4112247 0.1451905
0.09924507 0.9208443 0.05192286 0.8492674 0.5112369
0.7792813 0.5118418 0.05833082 0.4742719 0.6021478
0.9435529 0.3175823 0.7246955 0.2293881 0.5448363
0.8133123 0.04845148 0.3130432 0.5140062 0.4265328
0.05284633 0.09999898 0.9709383 0.6074922 0.05188069
0.3435413 0.4661554 0.2962455 0.7238443 0.4232037
0.670635 0.3719876 0.03200842 0.6932286 0.3973079
0.6810245 0.9401542 0.1302449 0.3822446 0.09894653
0.4207964 0.5267329 0.2349118 0.7538855 0.7240491
0.8585573 0.213786 0.7186029 0.738438 0.001232884
0.8044379 0.5756933 0.3108934 0.3179773 0.7043945
0.2701748 0.2930086 0.6974682 0.3624945 0.3902747
0.5482804 0.7746787 0.9059417 0.7515324 0.01387205
0.5221711 0.1496329 0.6766897 0.817368 0.9407317
0.6297435 0.9310631 0.6504983 0.3917002 0.1346679
0.6366002 0.2486782 0.8510994 0.7012329 0.7382087
0.02403508 0.7746093 0.9289063 0.378307 0.4131268
0.4924902 0.4286992 0.668421 0.8130442 0.8190073
0.1053927 0.6094298 0.5093239 0.9698151 0.8904014
0.2102239 0.9418564 0.06916143 0.2898018 0.3439073
0.1004974 0.185364 0.06987804 0.9347317 0.8471899
0.4075642 0.3406242 0.8894726 0.2212801 0.3612498
0.1018586 0.4657665 0.4455095 0.7296421 0.7215735
0.2852271 0.2119327 0.3777315 0.9144226 0.5263826
0.1188811 0.878082 0.06476254 0.1244792 0.3637933
0.7411653 0.5434812 0.5632333 0.7572653 0.9359523
0.4949319 0.7295758 0.6478529 0.1313348 0.5196101
0.01335028 0.7304446 0.8663666 0.01186058 0.5326462
0.8566492 0.505443 0.8482042 0.9031903 0.8855379
0.7848822 0.1779921 0.1571149 0.2943588 0.5784158
0.2559661 0.1631223 0.8715886 0.7145668 0.6117335
0.5699615 0.1216453 0.5309022 0.8083889 0.9767297
0.229659 0.1827696 0.2176371 0.4374172 0.9390449
0.08487737 0.860285 0.8797808 0.9546072 0.7199389
0.2927823 0.9077656 0.3781664 0.2185419 0.8902024
0.2367653 0.1106085 0.05063911 0.9840317 0.04593895
0.4868471 0.9243791 0.003658042 0.7578319 0.1179799
0.09346928 0.9436778 0.3222545 0.511481 0.5180834
0.8301176 0.6479775 0.2831111 0.5877825 0.008006132
0.5710464 0.8298565 0.1049751 0.07183324 0.1377387
0.5116964 0.4374398 0.9179522 0.1851073 0.6201658
0.8981795 0.5926747 0.985552 0.4135056 0.6039998
0.361834 0.1202755 0.4193493 0.1835268 0.02030168
0.5695365 0.0959693 0.06124839 0.1340416 0.07828885
0.9849083 0.0377558 0.1560008 0.9399336 0.9300919
0.2707084 0.4656138 0.9281012 0.9759613 0.6980881
0.3071994 0.7345935 0.9858207 0.3622051 0.7460882
0.6826573 0.7183603 0.2028912 0.5026122 0.3575941
0.2017939 0.01163594 0.724342 0.630163 0.6018512
0.2726242 0.8385691 0.7327031 0.9275109 0.5043331
0.3554905 0.2629237 0.4218664 0.2810175 0.4973624
0.2977151 0.1108957 0.1831233 0.7887052 0.2005452
0.9498396 0.8987663 0.2167118 0.3663009 0.4383922
0.2834477 0.4706132 0.3297388 0.002197315 0.6015208
0.5032781 0.9537352 0.8482186 0.3662361 0.9255487
0.9538942 0.6866225 0.159727 0.2355954 0.3941817
0.02378826 0.8329207 0.4777232 0.944758 0.1502505
0.4326979 0.8352318 0.3136311 0.1036284 0.4250946
0.03716182 0.2790549 0.8854459 0.3317505 0.3035289
0.8031208 0.08109214 0.588378 0.7159639 0.3018765
0.8387288 0.6174096 0.7560574 0.7212269 0.1961768
0.03012919 0.8553716 0.9607018 0.9914145 0.02071315
0.9750536 0.8319214 0.7761893 0.3931231 0.1636815
0.3272921 0.1720826 0.9369236 0.643453 0.6501596
0.3879161 0.009914523 0.8303776 0.4973507 0.9572654
0.216356 0.3979155 0.7722344 0.06306602 0.9324774
0.6199926 0.04989884 0.4870647 0.3505707 0.1363597
0.8015773 0.7671571 0.4273264 0.8892298 0.5299823
0.8547885 0.3915447 0.9196812 0.3822002 0.5814467
0.173173 0.01013188 0.3882618 0.4011545 0.6022316
0.8950211 0.5265965 0.4287925 0.4536467 0.5873907
0.3945796 0.9700932 0.05195086 0.1065898 0.9600056
0.3952585 0.8694107 0.4127859 0.07314952 0.1960627
0.7775609 0.1910644 0.5031973 0.2636851 0.325989
0.9945387 0.3687654 0.06167652 0.42586 0.4963208
0.5493964 0.472075 0.4871533 0.4261691 0.168091
0.7247226 0.04532951 0.174586 0.01718114 0.3537222
0.5916324 0.4565611 0.4158402 0.6959779 0.134936
0.8163636 0.7211797 0.3036056 0.05510285 0.9973249
0.5574786 0.2399067 0.8205043 0.2480642 0.1823583
0.2782555 0.707862 0.5218956 0.4221266 0.2443887
0.5114907 0.4005522 0.1535213 0.4896681 0.3307962
0.2560105 0.7342944 0.04333318 0.3474388 0.1787072
0.2316226 0.8070038 0.3400268 0.5889126 0.008264223
0.7532799 0.3992118 0.2558486 0.754737 0.8175963
0.6341751 0.532585 0.3168524 0.9823407 0.3272302
0.915125 0.4697069 0.778362 0.561294 0.6432776
0.4843148 0.8637416 0.06154426 0.8650187 0.2203654
0.9552181 0.7874214 0.5352057 0.1631762 0.428858
0.8425317 0.1935287 0.9380292 0.5378765 0.470245
0.3658294 0.5943061 0.985881 0.5608231 0.4421158
0.6473165 0.8291013 0.4265907 0.5016838 0.7169672
0.03894464 0.3880263 0.4173308 0.6321559 0.7828108
0.6635385 0.5683306 0.8430734 0.4912961 0.07822511
0.906991 0.4114996 0.478393 0.6860141 0.4402107
0.08038579 0.2926144 0.6597286 0.5347516 0.3041254
0.1787394 0.2441769 0.3155382 0.6603832 0.02866984
0.2966227 0.4103535 0.1003184 0.7215188 0.2766707
0.1352436 0.708044 0.8492077 0.03374745 0.7136007
0.136106 0.8433359 0.850118 0.4710405 0.9524204
0.2862264 0.01368111 0.1878353 0.5911876 0.3114864
0.6387883 0.5780846 0.4429843 0.4967751 0.7617978
0.3595254 0.7360475 0.9831743 0.6228895 0.3988292
0.7360848 0.471688 0.9639895 0.24866 0.1989446
0.3846535 0.5410021 0.385796 0.7492252 0.2755176
0.04802322 0.5836624 0.5104617 0.9994285 0.779526
0.6946815 0.2717658 0.07978794 0.948668 0.0002051939
0.999173 0.6704119 0.2046995 0.04245848 0.4504742
0.3954613 0.1113513 0.5831181 0.07402745 0.4902286
0.9478738 0.2003406 0.002792858 0.04666363 0.4037807
0.06005869 0.6084001 0.8395171 0.2726875 0.9894133
0.5835418 0.9155564 0.06018014 0.8942335 0.9340252
0.360387 0.7629884 0.8594637 0.7889658 0.7278255
0.1595822 0.7376736 0.0815066 0.4455712 0.2351965
0.4318859 0.03560306 0.5637701 0.5020323 0.07878827
0.07094291 0.2562596 0.8522655 0.886403 0.2027892
0.1340001 0.05074134 0.993408 0.6654532 0.9168058
0.6787638 0.7499315 0.462673 0.4128303 0.1745735
0.8746634 0.2254943 0.4281853 0.3626915 0.3054144
0.2220992 0.7202024 0.1298863 0.6181021 0.7659728
0.2130543 0.3841405 0.2734721 0.1611653 0.4471469
0.8425211 0.27301 0.6428371 0.3769363 0.2698583
0.06099497 0.8553589 0.186544 0.8046377 0.1956022
0.7098707 0.4315105 0.3725483 0.1195259 0.06954925
0.1771024 0.02393188 0.4706642 0.1909524 0.1595121
0.9352278 0.1406732 0.9959839 0.3787447 0.2140905
0.606315 0.2072148 0.7541673 0.960629 0.5855222
0.7244162 0.4510311 0.2473784 0.9344217 0.08874694
0.9638858 0.05839638 0.4164649 0.08300985 0.3438629
0.4948172 0.7556489 0.1774172 0.1949792 0.2426942
0.08426322 0.2375228 0.7510069 0.1290573 0.05518568
0.7846867 0.6775226 0.6875515 0.7773337 0.3536436
0.8398991 0.7633441 0.7567572 0.1377301 0.2435785
0.7580442 0.6234554 0.5539234 0.2097309 0.119412
0.5180903 0.4690186 0.9803223 0.1643984 0.1887259
0.7562565 0.5066343 0.9055328 0.3026302 0.128239
