0.4366346 0.2684882 0.6660062 0.7407685 0.7135644
0.919557 0.6690499 0.9385457 0.3525765 0.9226728
0.8719083 0.9973849 0.009098732 0.9854551 0.2524783
0.8165292 0.6121452 0.7698123 0.004738579 0.08913572
0.9904831 0.3315256 0.2050057 0.5143006 0.8459666
0.5427544 0.5870072 0.8028331 0.797905 0.6990502
0.007615676 0.08844904 0.709792 0.8917766 0.4954226
0.9542402 0.2952473 0.6015624 0.5965413 0.5213867
0.1455774 0.5418893 0.6144331 0.9922631 0.8908804
0.3632353 0.3907152 0.5466251 0.0172039 0.4119217
0.05236613 0.6488156 0.2591709 0.2346406 0.2160873
0.5140977 0.4921896 0.07174662 0.8333237 0.9606359
0.4988212 0.0696285 0.7653769 0.8459228 0.5884354
0.3743204 0.1372658 0.8757189 0.2522051 0.9176832
0.3076941 0.4923621 0.3095937 0.1501716 0.7831977
0.08401547 0.8553534 0.2413397 0.149533 0.1011497
0.9544687 0.1679948 0.1369485 0.7097783 0.2386854
0.9617378 0.5877251 0.1459999 0.06100273 0.9733784
0.8049467 0.9618664 0.4481585 0.4093527 0.8768349
0.3965782 0.9508854 0.8007973 0.3489564 0.5518075
0.01547564 0.4312341 0.3034364 0.6561674 0.2459996
0.9834442 0.3610276 0.06284411 0.3633842 0.2398421
0.4114031 0.9989743 0.1510184 0.9338766 0.003786023
0.1953629 0.1994876 0.8665578 0.4663608 0.9285711
0.2260824 0.396055 0.2812948 0.7353753 0.1804178
0.6657945 0.821447 0.610721 0.2384502 0.08654102
0.512462 0.6015656 0.4619754 0.6401206 0.8925634
0.8534361 0.2104518 0.3025227 0.9413233 0.7662736
0.8516967 0.1351608 0.8990288 0.08790449 0.4431191
0.4154329 0.5794337 0.6854196 0.4269634 0.9332625
0.3847058 0.3639992 0.405441 0.9774613 0.8380038
0.04788139 0.05324319 0.872937 0.7977541 0.3502414
0.2317803 0.398678 0.005342234 0.8943858 0.5631677
0.9470872 0.5718623 0.6341815 0.7192877 0.1395566
0.6931908 0.5811146 0.4905367 0.6363498 0.2286246
0.4241539 0.5724004 0.2765491 0.3436438 0.6251736
0.07517284 0.4104171 0.6516248 0.2693288 0.322264
0.8432421 0.294859 0.5675346 0.7340863 0.00748096
0.6334556 0.7231137 0.8157921 0.07310904 0.7554148
0.8597994 0.1100339 0.4508541 0.6985483 0.8338493
0.8236133 0.6719837 0.04796857 0.03419701 0.1771882
0.7906569 0.3071262 0.1967697 0.9970791 0.9602542
0.9367453 0.1567364 0.1081261 0.4985666 0.5669543
0.563932 0.08149207 0.01955391 0.2853053 0.8144579
0.2757193 0.5982543 0.9604916 0.462486 0.4781438
0.7181009 0.7868603 0.2560578 0.2179269 0.9423321
0.1383855 0.7187077 0.181024 0.7471579 0.8303159
0.2214828 0.05156642 0.6455681 0.4725145 0.794621
0.01477541 0.5780243 0.08513536 0.0232124 0.5617314
0.330148 0.2545147 0.3139039 0.2753615 0.7722384
0.1329128 0.8199038 0.714079 0.07570591 0.4614238
0.9298455 0.2122786 0.4602905 0.8096147 0.2914496
0.2543902 0.8679641 0.4085625 0.07709679 0.5990562
0.5028256 0.5270492 0.4722685 0.2267164 0.6865379
0.9636826 0.5238677 0.858632 0.06576907 0.2581347
0.6205839 0.4839177 0.6530813 0.884612 0.4164229
0.8050479 0.9768869 0.6342402 0.7128829 0.9359058
0.09617967 0.871421 0.4014542 0.6138649 0.07388894
0.3025552 0.9423998 0.5552521 0.06123909 0.3592385
0.4362911 0.1139297 0.8010307 0.426658 0.6229289
0.01229819 0.9894108 0.7704137 0.04129416 0.9069597
0.6756299 0.1632903 0.3852152 0.765442 0.8348805
0.6694811 0.5726605 0.6287772 0.5357493 0.7426495
0.6208398 0.6378072 0.4427339 0.03008871 0.5551949
0.3442277 0.5284951 0.9658138 0.7588719 0.06171518
0.6768973 0.8095573 0.5416855 0.1247512 0.7544728
0.2395103 0.5664444 0.7052428 0.8566303 0.4566046
0.0959179 0.4794247 0.1364629 0.5590828 0.5910345
0.4062784 0.6777564 0.7465811 0.8698684 0.4156927
0.5668551 0.9187706 0.4663069 0.501917 0.2934884
0.8318382 0.9567083 0.7264388 0.9214957 0.4847198
0.8679915 0.8057951 0.9224059 0.4955752 0.1632643
0.5557559 0.8735334 0.6512309 0.4813206 0.8180488
0.8479586 0.005519049 0.4351071 0.9158739 0.002215007
0.8603719 0.4872345 0.2770926 1 0.6817491
0.5794595 0.8939929 0.3853517 0.8471107 0.2090226
0.04692414 0.1578264 0.8658501 0.2444176 0.3598861
0.7119539 0.206999 0.9853184 0.81531 0.4186192
0.2217713 0.9299399 0.6911217 0.3634665 0.3632931
0.8299109 0.6605819 0.6237095 0.886913 0.8548569
0.8620379 0.4214755 0.8918986 0.5502401 0.1807333
0.1110134 0.4586399 0.3661257 0.901641 0.7064738
0.1181387 0.2711007 0.02494263 0.617465 0.1062779
0.6751732 0.580823 0.5396441 0.4198542 0.818128
0.3336032 0.7259608 0.7702996 0.3937276 0.5123268
0.6939671 0.2961156 0.3463941 0.03670978 0.6430413
0.5270929 0.05464145 0.6354098 0.1109087 0.7081432
0.02779722 0.76911 0.3705491 0.1821329 0.5322049
0.34752 0.1233986 0.4864823 0.228476 0.475669
0.9290496 0.02813045 0.7274873 0.803693 0.05792108
0.07396354 0.8616399 0.6533776 0.1965304 0.3827596
0.4219697 0.4201102 0.182482 0.5768809 0.3107788
0.8745268 0.9787523 0.1498764 0.4348176 0.2983596
0.7491801 0.1670122 0.3885085 0.3186483 0.6125351
0.7235648 0.5950679 0.3869871 0.08305113 0.6131165
0.4373852 0.2779776 0.3704019 0.8166659 0.4642274
0.2090804 0.5177499 0.03740324 0.4888634 0.9285237
0.1477761 0.2864485 0.2154403 0.1137447 0.3915472
0.9511787 0.9918426 0.3297052 0.1769002 0.7856563
0.3842532 0.6869557 0.7822052 0.6672547 0.9971002
0.6253576 0.4588197 0.3615519 0.4282021 0.6435239
0.5943302 0.5573943 0.6899831 0.8663932 0.6459258
0.6489303 0.1682666 0.02159924 0.9584386 0.4096172
0.6469503 0.4551736 0.9427197 0.9026049 0.7370066
0.184251 0.475619 0.05173711 0.3619314 0.1963894
0.8024317 0.7075113 0.5578085 0.2016629 0.1015109
0.07476538 0.06944627 0.3366951 0.16895 0.7426405
0.05352429 0.1499025 0.1840461 0.06894745 0.993439
0.3408053 0.05093968 0.5106575 0.7660557 0.6799808
0.6788228 0.4881215 0.4446666 0.5308643 0.7378651
0.5496404 0.5157125 0.4021093 0.498316 0.1699114
0.4592339 0.240623 0.5128334 0.9545082 0.05253753
0.2115247 0.4163157 0.3386687 0.6097094 0.1539901
0.903196 0.3980702 0.7148121 0.9364132 0.1800505
0.4771941 0.4171935 0.8761165 0.4572309 0.5629329
0.4808482 0.9535196 0.3083212 0.4542886 0.5792294
0.2900306 0.921939 0.629186 0.9650152 0.6217261
0.05148366 0.06373199 0.1166373 0.884036 0.8415172
0.3592224 0.4824062 0.4337562 0.4790669 0.6188829
0.4190435 0.9234183 0.4270189 0.2150926 0.9828977
0.4194588 0.4426521 0.8600628 0.6289194 0.1922142
0.3377058 0.6010707 0.3751819 0.6026327 0.8039613
0.9725308 0.4170079 0.4509382 0.2180607 0.2529316
0.4307125 0.6973872 0.4642016 0.02826695 0.6850988
0.9952748 0.8706835 0.8877475 0.8377957 0.1396949
0.988098 0.356747 0.3794597 0.1228165 0.3762514
0.5944936 0.8090748 0.7186582 0.3187953 0.6556974
0.499017 0.5024764 0.9339917 0.7903829 0.1118793
0.05048204 0.08112796 0.00808425 0.8636009 0.1493994
0.822804 0.6362407 0.578925 0.9346554 0.1547647
0.1374304 0.4806117 0.6167246 0.9274863 0.7542917
0.5208515 0.0189157 0.7734287 0.2340493 0.07856383
0.1380873 0.07120824 0.9238951 0.399444 0.9400426
0.365459 0.3330766 0.187745 0.04382724 0.9900373
0.1600425 0.3083171 0.5590355 0.8293326 0.07172403
0.3306584 0.4433115 0.9379154 0.6857188 0.03544624
0.1169935 0.221584 0.1904176 0.88099 0.3096014
0.2317488 0.9577633 0.6743169 0.2953659 0.4343
0.6354984 0.6477151 0.6080396 0.2389659 0.8598825
0.5260672 0.802211 0.3753123 0.2794687 0.331087
0.6463269 0.3309584 0.04835013 0.5286798 0.7294007
0.2854081 0.8905694 0.08822281 0.4398883 0.5830678
0.608985 0.8618506 0.1614074 0.6255969 0.409635
0.220666 0.9845271 0.8166368 0.07304578 0.8326498
0.5678786 0.459104 0.8156084 0.3283068 0.4875936
0.2061679 0.7445714 0.09658893 0.3356185 0.9559639
0.9104295 0.2842215 0.9176712 0.08592333 0.3051576
0.3646276 0.7470476 0.3762974 0.08016321 0.1654379
0.3744787 0.9255816 0.3213578 0.7759522 0.3974862
0.1953285 0.7928522 0.2221225 0.8263074 0.2419807
0.9704044 0.9470113 0.5167369 0.06715002 0.4682368
0.2108662 0.009354745 0.4826892 0.4486055 0.6594964
0.1256349 0.5550834 0.6916427 0.3379673 0.3791815
0.5400818 0.6399848 0.8501331 0.5726292 0.3657016
0.6957922 0.539858 0.09309951 0.4796818 0.5998898
0.7264599 0.2683002 0.5000741 0.4441686 0.5245035
0.5467662 0.3351972 0.05208644 0 0.5788255
0.4925671 0.4792478 8.759385e-06 0.7896932 0.2013449
0.4829698 0.02275401 0.4828108 0.6242289 0.4913378
0.4869301 0.3076783 0.7451112 0.3538385 0.4105459
0.04598284 0.5389449 0.768482 0.7160234 0.1294415
0.5750124 0.1347093 0.8499932 0.6598414 0.6828861
0.3863788 0.8127707 0.9961235 0.6272186 0.8022583
0.8096542 0.5866655 0.2107312 0.374599 0.600614
0.3178975 0.05575362 0.9671699 0.1754122 0.9447159
0.2957973 0.1885129 0.7687813 0.03302827 0.4014507
0.7912399 0.6317393 0.5086201 0.9831364 0.8838092
0.4647104 0.85307 0.4658071 0.6295176 0.1333291
0.2878342 0.8386114 0.1842416 0.2490633 0.5765416
0.9846331 0.1700857 0.8580179 0.148441 0.2197915
0.8219931 0.9731039 0.6423446 0.3515042 0.2602857
0.2399281 0.9222015 0.7120693 0.09371164 0.3401684
0.1328904 0.2525131 0.892866 0.4144076 0.5833615
0.965297 0.2676299 0.1099608 0.03441116 0.6665726
0.9197246 0.9329708 0.521079 0.2485953 0.7374018
0.5798059 0.2362306 0.1315249 0.8924563 0.5155518
0.7981298 0.5441147 0.3616671 0.3827062 0.5770812
0.4976263 0.2747645 0.1642404 0.9938751 0.6695956
0.7008647 0.3589456 0.8324824 0.4341706 0.7842051
0.05543425 0.2936705 0.1990389 0.2751014 0.1459559
0.2324399 0.6733651 0.1202924 0.09989985 0.6355522
0.1961215 0.6353996 0.6460354 0.4559531 0.7956528
0.1673725 0.1324742 0.09250863 0.1134215 0.6118347
0.9332187 0.5195052 0.1187075 0.5961917 0.4146551
0.5370786 0.5622336 0.09433687 0.9826774 0.05396499
0.3244939 0.1847645 0.2621201 0.807989 0.4721487
0.9609524 0.8577819 0.9249169 0.3759917 0.6219421
0.8675753 0.4363185 0.2152427 0.4291298 0.300874
0.713594 0.8847994 0.7089536 0.364055 0.1008204
0.432834 0.2595349 0.7586205 0.7528273 0.289137
0.8697882 0.2448538 0.283324 0.9323377 0.2106211
0.5061956 0.6834959 0.1737646 0.2835549 0.3372602
0.4682185 0.7651238 0.5349483 0.4967197 0.2592498
0.27186 0.04753523 0.05969025 0.7226398 0.9494901
0.2757011 0.3596256 0.603623 0.9444271 0.09561843
0.4516372 0.8923684 0.3885784 0.3048055 0.2789812
0.1546951 0.02293063 0.6646554 0.9702313 0.1052348
0.06234265 0.7034968 0.5595578 0.8168282 0.5706898
0.06596949 0.1323692 0.2039742 0.09901246 0.5016861
0.404738 0.7668543 0.3271648 0.1424209 0.5213371
0.5138864 0.4314499 0.9518141 0.8108098 0.4260184
0.7911168 0.2811003 0.6418173 0.692084 0.8472237
0.3571799 0.8640703 0.9584328 0.5967665 0.9062465
0.5961577 0.8852317 0.7959562 0.186339 0.4224119
0.2294803 0.1166085 0.8388098 0.8435762 0.7934435
0.907061 0.4621677 0.09097699 0.6773252 0.02924398
0.1927587 0.04876228 0.804676 0.4132154 0.4559735
0.9334286 0.01491438 0.5185446 0.7114219 0.4792346
0.8103418 0.318847 0.6649007 0.1637283 0.8479797
0.3773771 0.9659046 0.07100047 0.8576018 0.9573654
0.3360133 0.9110015 0.1923897 0.9374813 0.9915198
0.433308 0.01248666 0.1995502 0.9313255 0.0625157
0.2206291 0.3076514 0.4161589 0.05581129 0.8765828
0.9742164 0.2929502 0.6330872 0.4263182 0.1001775
0.3039044 0.4400741 0.252274 0.1458835 0.4544685
0.7354467 0.9017862 0.3382615 0.5153163 0.4899574
0.9621352 0.6386865 0.3657702 0.4894141 0.5758675
0.4099003 0.4810363 0.2147448 0.3277089 0.1389243
0.7480809 0.8646092 0.8191782 0.264317 0.9069226
0.8977831 0.9067554 0.2055606 0.09680835 0.6902512
0.9953483 0.419044 0.6072475 0.7303146 0.9363276
0.7088352 0.6931598 0.517482 0.3968196 0.7797787
0.9381222 0.4844393 0.8183743 0.7350844 0.9074193
0.6230725 0.1608504 0.3040274 0.2603699 0.1384657
0.4437452 0.1836448 0.6066254 0.9964079 0.5443866
0.9064271 0.04538538 0.9130181 0.6824295 0.6464237
0.189354 0.09463302 0.07736803 0.05608196 0.5138916
0.7750448 0.9123139 0.6437498 0.8919027 0.2897564
0.2796834 0.2363676 0.3655745 0.5289705 0.6091272
0.5748428 0.3438762 0.2917807 0.1679289 0.3067903
0.3840413 0.9097539 0.4806168 0.4000898 0.8642647
0.7710528 0.6766036 0.4575314 0.08439325 0.1319351
0.60909 0.1225486 0.1905504 0.8946242 0.7356952
0.00906497 0.7445199 0.4474747 0.4106591 0.505481
0.8095004 0.4809596 0.8770542 0.2372687 0.3539328
0.4312827 0.6448626 0.7864225 0.6042942 0.3721722
0.141062 0.2480476 0.9579828 0.2604727 0.4547524
0.01624337 0.9690966 0.2604785 0.01170709 0.2498445
0.4888869 0.9114788 0.7615825 0.6219121 0.230589
0.178151 0.825943 0.496927 0.9386388 0.1734243
0.2735674 0.4871371 0.6284653 0.6137039 0.4892135
0.8663977 0.2136844 0.3545356 0.1752567 0.818082
0.6802722 0.8721258 0.7761343 0.3028244 0.6984453
0.755007 0.2132794 0.229629 0.7380641 0.7849059
0.6571841 0.8620598 0.4080579 0.2958904 0.775553
0.5392645 0.3250372 0.07044042 0.9127472 0.1907695
0.9283028 0.9791379 0.9234665 0.01054333 0.9979596
0.9513496 0.1143261 0.1182171 0.08362385 0.4149434
0.1032009 0.7284059 0.9606158 0.7411813 0.02140978
0.6113858 0.6137947 0.3014524 0.2684749 0.4132699
