0.9901031 0.2660002 0.2065479 0.3636723 0.5475037
0.4172667 0.6471208 0.7490595 0.1503359 0.8848164
0.1148337 0.8050392 0.2273821 0.9874817 0.3083918
0.8156157 0.7392387 0.9690244 0.09676223 0.2168541
0.8831424 0.5181873 0.7771352 0.01426458 0.5094887
0.1685702 0.6469162 0.1911162 0.6194318 0.5626404
0.2895402 0.9900583 0.3397436 0.7476773 0.499079
0.402878 0.2638315 0.2183835 0.8500838 0.8279787
0.6917974 0.1536484 0.5077343 0.4289377 0.02427417
0.7470783 0.1327989 0.9201331 0.6295597 0.5434633
0.1347245 0.3807373 0.7650091 0.9499633 0.2876062
0.6923686 0.7426653 0.313932 0.5283022 0.6653295
0.1415088 0.4137539 1 0.4044857 0.1262336
0.9506548 0.9827959 0.1466381 0.1348795 0.7200228
0.6555226 0.5071851 0.8639344 0.3528419 0.6217694
0.9486859 0.3854178 0.8530349 0.7367408 0.8591336
0.6227357 0.8703806 0.05224257 0.2065748 0.3726029
0.9650507 0.2000652 0.6563615 0.5821947 0.2222529
0.1111661 0.691218 0.8509183 0.1459296 0.7980634
0.6283339 0.8491665 0.3692152 0.2585544 0.1502782
0.8549648 0.9116093 0.01257638 0.5078989 0.3142534
0.6391416 0.9656292 0.7664506 0.4352081 0.6172361
0.4828882 0.02412348 0.8790455 0.9963264 0.4857791
0.09590087 0.003636634 0.2168996 0.3140603 0.5983054
0.666681 0.2578634 0.4899598 0.2133862 0.8239186
0.7100704 0.7296251 0.06186054 0.01695015 0.4386682
0.08987297 0.2942141 0.714404 0.9261045 0.9656986
0.4806084 0.1206053 0.719458 0.1975973 0.9110408
0.7630126 0.6620235 0.1651155 0.7639171 0.2465396
0.2024093 0.4304069 0.8449829 0.5377578 0.1962073
0.6840511 0.9577391 0.213556 0.9550002 0.6267835
0.1089141 0.02023622 0.6711274 0.2820385 0.4020908
0.9276394 0.4416253 0.248772 0.5924584 0.8253918
0.8060491 0.04408079 0.7600735 0.6123854 0.5873238
0.1698818 0.7274004 0.6884795 0.9964824 0.1749128
0.763398 0.6649517 0.2518607 0.6100357 0.5264727
0.2906072 0.007835347 0.5469515 0.5444593 0.3420014
0.147611 0.8754297 0.3218313 0.7988003 0.739797
0.7067772 0.1781064 0.6760302 0.5346332 0.1223975
0.09811074 0.07838857 0.7491587 0.9089566 0.7858844
0.8770018 0.1951474 0.5333796 0.1201782 0.430065
0.3783186 0.05564208 0.3125413 0.3698075 0.9419228
0.8792188 0.2330699 0.8949937 0.3626469 0.07507162
0.8172041 0.1637256 0.8268394 0.175849 0.8092714
0.0944391 0.9438788 0.2543282 0.3039511 0.3507803
0.3468265 0.539913 0.8369561 0.8632287 0.1151969
0.5509484 0.8419168 0.2321026 0.5192229 0.800321
0.9630317 0.6886429 0.6632851 0.4285497 0.4757033
0.6383138 0.5018872 0.7119618 0.8171571 0.0864292
0.6445786 0.123202 0.6780414 0.438792 0.3045252
0.7888971 0.985022 0.7533883 0.6565648 0.9332179
0.7172075 0.1203714 0.4741947 0.3077451 0.9564289
0.5211287 0.1925872 0.1649854 0.3910126 0.9344523
0.2670008 0.3454209 0.8744097 0.8447936 0.02093201
0.6790895 0.6967924 0.9805495 0.4468127 0.9666297
0.2770281 0.2706656 0.3722462 0.3919329 0.1849029
0.8512534 0.3002496 0.6322006 0.3849547 0.1305933
0.3406485 0.6638311 0.7506162 0.5151037 0.02379843
0.9251191 0.852947 0.9288296 0.05974849 0.1794637
0.9669518 0.1381378 0.2683737 0.1102358 0.5771288
0.561341 0.03317331 0.3038446 0.1996336 0.5895376
0.4769025 0.5283954 0.22904 0.3597098 0.8425002
0.5700633 0.9112178 0.9376056 0.4108116 0.7122806
0.0913568 0.5833722 0.2287114 0.9012249 0.6478403
0.6037736 0.01888296 0.4614579 0.6664157 0.561115
0.8572542 0.2205311 0.4033514 0.4382922 0.9718027
0.6389673 0.5117848 0.1034868 0.8338271 0.5060536
0.9687442 0.3092495 0.3096191 0.1079318 0.6709635
0.4937376 0.8471451 0.5102842 0.01180457 0.418939
0.03786396 0.7424942 0.5399081 0.3424224 0.9126792
0.9969389 0.5288318 0.6796969 0.8958624 0.4403791
0.05290732 0.5556287 0.3460162 0.2661629 0.009405975
0.7616332 0.7535382 0.4002382 0.1502145 0.9709807
0.2319135 0.6854799 0.422136 0.7394055 0.389801
0.8577813 0.8652533 0.3579663 0.4065505 0.1319915
0.07134587 0.3750584 0.1865388 0.9107914 0.3994397
0.7739919 0.7747231 0.4437789 0.2635951 0.5198427
0.6378239 0.7447163 0.4958109 0.5761419 0.2670983
0.1522521 0.775072 0.4335776 0.4492942 0.2691946
0.3586539 0.6584721 0.3394056 0.8115705 0.1597233
0.2550041 0.2802701 0.5662231 0.3955891 0.2460298
0.7979535 0.978682 0.4552342 0.1644753 0.1006727
0.1758207 0.2459064 0.3193937 0.8497826 0.6756174
0.8354249 0.6467586 0.2130421 0.9801402 0.6901151
0.4636928 0.8483953 0.4470094 0.2756132 0.3927007
0.2644922 0.1486683 0.9486001 0.7595362 0.617206
0.3360484 0.3787518 0.9186993 0.5987821 0.8986338
0.6523479 0.8761346 0.7868874 0.6099588 0.4429207
0.3729276 0.609153 0.5192256 0.438282 0.1287931
0.3161972 0.05563577 0.427552 0.1984472 0.1740017
0.1227162 0.7067919 0.6156632 0.9859915 0.843516
0.8036818 0.535247 0.5274018 0.2283564 0.01738593
0.003908744 0.7516347 0.9730912 0.3631604 0.8021637
0.306155 0.9310368 0.6288264 0.6550552 0.7894755
0.7663704 0.813041 0.2392682 0.7332283 0.681385
0.1371369 0.3961483 0.7375433 0.9586621 0.9552429
0.9671565 0.5090172 0.395384 0.7500669 0.005504361
0.8722433 0.6715397 0.551641 0.2338765 0.0462591
0.3881885 0.7920318 0.2073884 0.7769281 0.06512122
0.3084879 0.3238301 0.6473928 0.04508066 0.8884863
0.9769439 0.6369057 0.4523629 0.1844084 0.6144113
0.932444 0.3897377 0.110406 0.4024426 0.5640067
0.2798656 0.3700376 0.2848498 0.9650777 0.9717295
0.6376439 0 0.1571468 0.2839603 0.565135
0.6291529 0.867027 0.4277191 0.001871412 0.564935
0.4985954 0.6082938 0.713923 0.09836244 0.1806035
0.4659644 0.708519 0.6289208 0.8029229 0.09314579
0.2714596 0.1404133 0.5273446 0.513275 0.4577003
0.1217088 0.06464516 0.6063782 0.6765203 0.05259089
0.6823723 0.4252525 0.5372282 0.8288109 0.6574967
0.8168564 0.1002764 0.3153119 0.9096135 0.60905
0.4007407 0.9189778 0.2684594 0.9793703 0.5551184
0.9793035 0.9679162 0.363631 0.7460532 0.1679914
0.7495321 0.5319442 0.1782563 0.01477141 0.8794878
0.7402171 0.6645992 0.5789881 0.901331 0.9889769
0.8882054 0.8529174 0.275753 0.9672059 0.8548668
0.8399362 0.242939 0.2683395 0.4904032 0.1027365
0.2956731 0.2452604 0.6552431 0.05357809 0.5651147
0.8184114 0.7551578 0.212724 0.5686303 0.3194961
0.7915411 0.2959538 0.5411955 0.3093113 0.08910233
0.8797408 0.2052247 0.1975536 0.5566821 0.5255137
0.2978562 0.5134209 0.276076 0.12203 0.3587925
0.9582984 0.8925757 0.4213453 0.4756259 0.3855653
0.4900542 0.6799727 0.5755367 0.2732939 0.5732637
0.6910094 0.6676381 0.7636219 0.1089325 0.7794964
0.07278611 0.6344012 0.4734149 0.1341628 0.2569076
0.4174164 0.8830978 0.7248052 0.5070696 0.08659334
0.2918154 0.7512681 0.5615978 0.5943815 0.4812185
0.3679229 0.09824464 0.2893322 0.1962579 0.9421785
0.01268195 0.4780532 0.1261332 0.6579553 0.5408375
0.7309228 0.3264193 0.6465772 0.6779834 0.5809492
0.2455398 0.2303044 0.8380092 0.5195217 0.677672
0.7165356 0.4205012 0.5043771 0.3665986 0.2208213
0.4390166 0.7334891 0.4260137 0.413119 0.7202641
0.2115849 0.8709378 0.2247633 0.752619 0.9381392
0.1481366 0.0196966 0.006414147 0.4847441 0.8256484
0.5162289 0.8310338 0.7069642 0.6674702 0.4895337
0.5143766 0.07412642 0.1585347 0.3772405 0.6268201
0.2423075 0.7763999 0.03977163 0.1951091 0.6429169
0.9190636 0.304577 0.04924216 0.3949602 0.1944569
0.9446777 0.3130542 0.9842272 0.827089 0.7422925
0.286573 0.1287034 0.1587515 0.733327 0.2256109
0.7580091 0.5666585 0.802208 0.4944098 0.2918981
0.8879578 0.2150207 0.8882181 0.8552739 0.02189827
0.5429899 0.669702 0.7904296 0.03449148 0.6628222
0.05734919 0.3177607 0.8936441 0.7861604 0.5771691
0.3854053 0.2118952 0.07217656 0.6395201 0.8160686
0.07490567 0.06254527 0.4724557 0.6496996 0.4570007
0.3830944 0.6749252 0.9144374 0.8913566 0.9112791
0.6622162 0.8646535 0.3540172 0.8505446 0.3229922
0.3638889 0.8460494 0.2328621 0.5586358 0.2547673
0.5386476 0.7463884 0.1774135 0.4111471 0.1178056
0.6224918 0.01669815 0.8693261 0.2136409 0.6296395
0.4394672 0.8864253 0.5781351 0.3452516 0.5107645
0.1390511 0.9728579 0.5520665 0.2309792 0.5770426
0.8826752 0.7693376 0.4608395 0.4700278 0.7684618
0.1041885 0.1425509 0.08714374 0.1379246 0.7389573
0.462776 0.6484771 0.9604129 0.5659355 0.1093065
0.4381963 0.3201981 0.9577466 0.9166028 0.6192311
0.3478048 0.03908578 0.8940287 0.936019 0.7429631
0.3318425 0.9111425 0.7548765 0.4555152 0.3643657
0.6584208 0.9010575 0.3552552 0.8149514 0.8913049
0.8436722 0.3914407 0.1235535 0.9629851 0.4844207
0.385541 0.4548347 0.8452203 0.01641421 0.294176
0.5740071 0.274128 0.9024997 0.1681517 0.6315708
0.7278008 0.7369453 0.2977925 0.644278 0.3123038
0.06605114 0.2059495 0.884071 0.4591772 0.1540302
0.965991 0.8138637 0.398266 0.3947071 0.4771042
0.5227647 0.2875559 0.3429144 0.2579165 0.758465
0.08503217 0.1214031 0.3218765 0.7112031 0.6855
0.08309519 0.03276103 0.7187785 0.3000527 0.8341038
0.7674322 0.9846186 0.4363288 0.5913606 0.4030182
0.4306758 0.5646963 0.001265193 0.1393556 0.7875664
0.4550806 0.243221 0.5090212 0.3968265 0.9987628
0.2870179 0.3641119 0.01790507 0.7286128 0.1565153
0.7006312 0.06784693 0.9224232 0.1249352 0.6168355
0.6880826 0.5650626 0.673304 0.7935488 0.223028
0.566367 0.5420145 0.6942092 0.5224357 0.5781397
0.08912408 0.05939504 0.1163417 0.8989952 0.5653666
0.4419628 0.8302217 0.9289485 0.7954459 0.06903747
0.7622193 0.1769521 0.5289913 0.4947417 0.5875564
0.907556 0.464143 0.9287572 0.4229618 0.1148196
0.2947624 0.7107995 0.8128982 0.7458571 0.7731907
0.7311941 0.7712636 0.2472117 0.5394663 0.2851422
0.9739157 0.1145182 0.4717096 0.5915438 0.5929993
0.4336411 0.2653658 0.05166479 0.330926 0.7227754
0.6093302 0.05211444 0.4895461 0.4854928 0.9872999
0.1390183 0.747897 0.3714663 0.3251781 0.4007174
0.3930985 0.3106159 0.818381 0.3874429 0.8697514
0.6505798 0.1692661 0.2893879 0.7700228 0.9539121
0.345118 0.04362222 0.1416015 0.9244483 0.2963715
0.842244 0.2567119 0.2296604 0.4179799 0.884984
0.6858896 0.3026007 0.9223475 0.9786192 0.009207602
0.9692554 0.6816067 0.5000313 0.3248649 0.5620164
0.6832018 0.7449391 0.8762048 0.6783636 0.3786218
0.3300274 0.3843436 0.5264232 0.1193949 0.1020416
0.3782686 0.312174 0.7585256 0.752998 0.9651164
0.03205882 0.4214464 0.2684341 0.4338253 0.651199
0.262902 0.1340836 0.3001783 0.9107198 0.6959483
0.2865397 0.5581817 0.412891 0.4877638 0.135275
0.968344 0.4718299 0.9230308 0.2605929 0.593181
0.4250637 0.05884644 0.5835273 0.9331072 0.8750023
0.7126413 0.5252653 0.8571168 0.4453616 0.7459012
0.2343005 0.191806 0.0965063 0.004055961 0.2853506
0.2502244 0.3402636 0.9679665 0.3664422 0.8869395
0.6590235 0.2557787 0.878552 0.8383091 0.6515302
0.06262982 0.1326308 0.07512196 0.2866796 0.05600736
0.08543508 0.2773937 0.1030233 0.4887974 0.2667051
0.1917854 0.5922413 0.3125401 0.70943 0.1523303
0.2884354 0.1096925 0.6431676 0.9028034 0.2611657
0.03790858 0.7196858 0.7912959 0.3054049 0.2050119
0.6825411 0.4738137 0.7871855 0.01797076 0.1210918
0.7282429 0.5738725 0.7214096 0.7475729 0.3298995
0.7467263 0.8153302 0.2454517 0.2016313 0.03989655
0.6886991 0.6131817 0.09980384 0.4205177 0.1431497
0.5096371 0.02629988 0.7015476 0.4181864 0.06756219
0.9329388 0.5177206 0.4265219 0.9591666 0.5356723
0.4883371 0.481409 0.09204234 0.9818951 0.04227714
0.4043021 0.6593075 0.02567022 0.01745978 0.2322259
0.4591613 0.9669552 0.9632836 0.8812768 0.491667
0.7219083 0.6204845 0.6155509 0.2221997 0.6555861
0.08906559 0.8869532 0.4357764 0.6006231 0.7980397
0.8664988 0.1848646 0.3860495 0.6675655 0.6171526
0.2317157 0.8572452 0.2516434 0.1263113 0.5986168
0.3200035 0.3412864 0.2002348 0.1250997 0.9024399
0.7872359 0.8443143 0.6201519 0.7348587 0.3041623
0.722849 0.4941367 0.8611752 0.813899 0.8386625
0.7218446 0.1419769 0.01359608 0.9844859 0.1733202
0.0675811 0.9772518 0.1066518 0.05730161 0.9094773
0.2256526 0.9161776 0.6945608 0.8471995 0.4744446
0.004890233 0.4838223 0.1037581 0.604025 0.2957794
0.4336553 0.8289398 0.9786588 0.0672304 0.6171324
0.5849667 0.4659235 0.01082945 0.01697436 0.8867781
0.6566743 0.305802 0.3310143 0.5924627 0.990941
0.2332081 0.3559175 0.1718853 0.5058482 0.122631
0.4403298 0.5936978 0.1056902 0.4782853 0.9941547
0.1293187 0.2299915 0.738322 0.6234075 0.2967249
0.9108719 0.02258164 0.2400131 0.5927081 0.5559938
0.1878269 0.1389027 0.09676286 0.5452666 0.7120766
0.4568895 0.1331939 0.2319857 0.4626865 0.7666948
0.1130553 0.5833473 0.7945747 0.9515672 0.0787074
0.5645979 0.2561041 0.1243512 0.6155655 0.4209247
0.9016938 0.2316579 0.5099879 0.7858156 0.3322164
0.2071482 0.1106266 0.09533327 0.9469766 0.7745134
0.8960907 0.9917342 0.6444372 0.1491075 0.3467777
0.9279179 0.6131414 0.9958803 0.07651612 0.149866
0.7238141 0.4826721 0.3049107 0.8520766 0.9606323
0.6056871 0.1676335 0.02073945 0.6312441 0.5444928
0.6569492 0.4766836 0.2679085 0.7216261 0.7710787
0.6625525 0.9780795 0.8310948 0.6391998 0.6631367
