0.3649103 0.7032456 0.4609663 0.4962452 0.3206463
0.5383442 0.02020374 0.9266435 0.9122759 0.01607854
0.1852209 0.45197 0.4027832 0.9164366 0.8639164
0.8784689 0.9178524 0.9850861 0.4674555 0.6119866
0.7654282 0.8624411 0.2571048 0.6253611 0.494341
0.503812 0.426414 0.09736636 0.7917011 0.2986881
0.6086996 0.5092561 0.6091983 0.2392206 0.3770005
0.3987695 0.9379518 0.8809293 0.3201009 0.5845893
0.2594339 0.9496802 0.7052095 0.3182246 0.4787618
0.190478 0.6072601 0.4373702 0.5702211 0.1850704
0.5452998 0.2254895 0.8245444 0.2495275 0.8003577
0.1415279 0.367107 0.001737456 0.2134053 0.9231681
0.8308868 0.7661815 0.09246591 0.2761777 0.6839564
0.9279124 0.6559074 0.4760647 0.1002292 0.5289325
0.7987715 0.2317638 0.1677775 0.656771 0.8842386
0.6485361 0.1030492 0.697529 0.9872551 0.311593
0.0008884312 0.2426002 0.2123567 0.1295835 0.09531445
0.2759208 0.4989787 0.5053463 0.667135 0.7971422
0.02643761 0.06203614 0.1420023 0.5272038 0.9131614
0.03866985 0.5878739 0.1732561 0.1057642 0.5686021
0.5505357 0.8324913 0.6485153 0.1836179 0.8552317
0.897456 0.8594551 0.06541147 0.915647 0.9532114
0.6870454 0.5843795 0.6151522 0.6729163 0.6657692
0.01102627 0.9140581 0.415349 0.4098815 0.9752484
0.249079 0.1718301 0.07640559 0.8504267 0.7516791
0.05703892 0.4878185 0.1507826 0.8964988 0.8926438
0.4842684 0.7749927 0.09802319 0.3663839 0.9773264
0.7392675 0.4299117 0.6650912 0.6095007 0.980846
0.08442256 0.9079476 0.2307642 0.01749445 0.8241535
0.4501438 0.2076818 0.7552362 0.5120057 0.8331896
0.4245854 0.5275606 0.2443109 0.660244 0.5637927
0.1065671 0.9073836 0.06338822 0.94598 0.761133
0.2191637 0.3080287 0.9593373 0.671817 0.1815271
0.9511484 0.2391805 0.9178795 0.4856055 0.2362653
0.4815374 0.9039497 0.3540421 0.5850328 0.01006104
0.492106 0.829492 0.5162426 0.637772 0.7635082
0.293295 0.7962116 0.7414773 0.204465 0.9170468
0.337739 0.3704994 0.2722365 0.04180399 0.03602694
0.900036 0.935815 0.2187138 0.873865 0.1436414
0.5898461 0.2313873 0.2832527 0.9170708 0.5658008
0.8101191 0.4091633 0.6570696 0.1689177 0.7267687
0.2977258 0.5599776 0.139148 0.6473484 0.04028184
0.3379138 0.6701945 0.02935865 0.2998181 0.4733658
0.3967216 0.617218 0.9224602 0.921528 0.3465091
0.2065383 0.6799613 0.4953847 0.02046797 0.07995798
0.6532266 0.9949409 0.9787541 0.2457098 0.4142933
0.3375408 0.1286614 0.003542789 0.8837214 0.5570998
0.8383692 0.04147054 0.5933727 0.3385333 0.3514131
0.9994163 0.6670845 0.9708951 0.905249 0.5004332
0.5040198 0.6074696 0.5172055 0.2196345 0.3503686
0.584914 0.5304957 0.8179583 0.7271146 0.9923681
0.9070099 0.2185957 0.9613412 0.9647474 0.211023
0.8122659 0.0841379 0.538463 0.463762 0.2010598
0.3932828 0.2421198 0.4662711 0.7077098 0.8242566
0.1625389 0.5968012 0.9995743 0.5820082 0.1032726
0.452209 0.832653 0.03924302 0.4474229 0.08378523
0.7194177 0.7218635 0.7048347 0.115718 0.05438166
0.3779846 0.1176331 0.432329 0.8081467 0.5329021
0.7115001 0.4129632 0.3568916 0.1398402 0.09048663
0.3243574 0.1541108 0.9583658 0.9536135 0.2377301
0.690359 0.5227216 0.1129042 0.3329127 0.2242776
0.3739591 0.4402801 0.3369511 0.7464794 0.7377781
0.9033793 0.5927988 0.1857065 0.1743071 0.7582049
0.320953 0.5803359 0.05498506 0.6749216 0.8856054
0.9083443 0.2096649 0.1715444 0.8509923 0.7289598
0.8952708 0.2193825 0.5630494 0.07077158 0.1588596
0.5020913 0.7342331 0.391252 0.4377246 0.7950605
0.2095685 0.8104722 0.8999945 0.9039862 0.8142834
0.3560322 0.2363109 0.1781121 0.6443752 0.6237922
0.1275147 0.75715 0.02485422 0.9590271 0.6507635
0.8856648 0.07575846 0.7162497 0.45968 0.5569839
0.385914 0.3841756 0.1253971 0.9713702 0.4138102
0.2241137 0.2535784 0.829775 0.9897509 0.4415196
0.5710762 0.7215449 0.04935232 0.381254 0.6649685
0.6352914 0.07473756 0.2728448 0.3800737 0.9974653
0.6844254 0.1220071 0.8576059 0.0469837 0.7420016
0.3918443 0.3439131 0.4190507 0.6830501 0.7322432
0.3609111 0.1736385 0.6625607 0.5219979 0.01887047
0.4503301 0.5521536 1 0.250643 0.08607432
0.6930113 0.613245 0.3044302 0.5359147 0.7523991
0.2484705 0.6624748 0.1703269 0.5654978 0.7422138
0.4618152 0.7175328 0.5823592 0.01788514 0.01347866
0.3731455 0.3592863 0.1595804 0.501406 0.1782474
0.2053367 0.2806243 0.3131007 0.6190259 0.4936989
0.2147197 0.1402868 0.6776225 0.5914668 0.4033497
0.5695764 0.1223548 0.9186014 0.7571156 0.8296625
0.5904455 0.5010715 0.5488792 0.7641055 0.1117416
0.9233143 0.7715533 0.1831588 0.4630126 0.6432111
0.181627 0.4843741 0.8524174 0.1346946 0.2277878
0.9387322 0.4186515 0.5606487 0.6786489 0.5160457
0.4153919 0.4182852 0.1693452 0.982683 0.4785342
0.3503895 0.2173832 0.2401271 0.5779351 0.5082478
0.2300842 0.4010935 0.6183392 0.614891 0.958964
0.9366434 0.2164834 0.9116906 0.3295343 0.4831492
0.3216398 0.4412203 0.6199905 0.5195731 0.8511108
0.3439309 0.4857403 0.5323069 0.4792951 0.732104
0.9802776 0.8043785 0.1276675 0.9870123 0.8619055
0.5251768 0.9700958 0.9276005 0.4926916 0.3946384
0.3668749 0.6261825 0.1152958 0.3924463 0.4859973
0.9431628 0.9593642 0.235294 0.2492775 0.5355553
0.7114959 0.7189502 0.6173344 0.162925 0.9467409
0.4913992 0.3374416 0.0328834 0.4720119 0.1985559
0.9950459 0.08722647 0.9320514 0.07828791 0.6251652
0.0153372 0.7786894 0.6562583 0.5144349 0.5249261
0.05518148 0.2816361 0.2131236 0.2222663 0.06889106
0.7669423 0.622141 0.001550548 0.04226763 0.5436574
0.864553 0.4998297 0.1824011 0.4509038 0.9412961
0.9324603 0.869221 0.440451 0.1585905 0.1360321
0.3400456 0.8973634 0.8400208 0.12893 0.4246766
0.5884849 0.6099549 0.8868079 0.6212361 0.1060471
0.3299782 0.8327019 0.2631189 0.8925852 0.5839187
0.716515 0.1569058 0.1547522 0.6620737 0.6232503
0.08037437 0.3963606 0.1723895 0.4335361 0.9564432
0.2113063 0.7025572 0.9182551 0.130408 0.8893706
0.614728 0.8567759 0.6192192 0.8664128 0.7016842
0.9363823 0.6872578 0.132676 0.03941537 0.9247156
0.8339762 0.6643796 0.2316314 0.8147666 0.7063521
0.94378 0.013288 0.7651116 0.1006714 0.3466702
0.01104501 0.9519715 0.04042701 0.9777064 0.7691962
0.3194409 0.8120128 0.8350202 0.7747631 0.8271804
0.6163448 0.1306408 0.2941468 0.937623 0.4482216
0.2948971 0.8924588 0.6800424 0.357441 0.2134248
0.1798204 0.4964489 0.9169378 0.7755078 0.4370143
0.7106734 0.1834461 0.9860016 0.7526011 0.8282513
0.4211587 0.2251668 0.4598297 0.6981815 0.804701
0.4169656 0.3879707 0.8417438 0.06461072 0.1190982
0.1426055 0.9019944 0.1824096 0.2848316 0.2237298
0.2400137 0.8588626 0.9237947 0.1952287 0.05142366
0.5425262 0.5939785 0.297609 0.2698187 0.6204781
0.4288868 0.3177023 0.4202007 0.07760258 0.3633822
0.7935742 0.8860305 0.899645 0.5338614 0.2052825
0.4145368 0.08869189 0.8869618 0.7743894 0.8829593
0.811806 0.3344708 0.5785386 0.4928557 0.06666388
0.5105567 0.6769679 0.05506972 0.5415321 0.2256662
0.1650649 0.7315047 0.1080132 0.4004621 0.167144
0.5901075 0.5501816 0.8794111 0.4356882 0.1478415
0.02718792 0.6530881 0.830449 0.1285655 0.6838177
0.8703016 0.3508899 0.2561859 0.7128638 0.5230259
0.6713328 0.396023 0.5667673 0.5702036 0.3541844
0.4939121 0.06102099 0.1569083 0.3518045 0.670924
0.1262791 0.7851531 0.405276 0.4366918 0.9657656
0.1171653 0.271637 0.4735427 0.08330667 0.1235567
0.6360917 0.6981586 0.4350807 0.4432073 0.1463325
0.7359512 0.4443711 0.6587136 0.4941491 0.2680347
0.4014241 0.7578582 0.07761819 0.5599216 0.955609
0.5290777 0.341884 0.1612109 0.5301031 0.999691
0.7133756 0.6881868 0.2795696 0.1368602 0.6052724
0.5006506 0.5368638 0.4750696 0.3850606 0.8136173
0.3870011 0.5670837 0.5674993 0.1090889 0.8461542
0.02147066 0.9222806 0.6867967 0.1138226 0.5265892
0.2194339 0.2438179 0.539912 0.8522104 0.8313488
0.1942559 0.4964016 0.1087532 0.3621451 0.8727034
0.7486337 0.4307931 0.4574176 0.01185364 0.6393538
0.6384091 0.8270893 0.2897467 0.9972294 0.4394186
0.597537 0.06703545 0.4345451 0.8222508 0.604914
0.6857484 0.7748477 0.04825848 0.9963931 0.8165805
0.8895416 0.8964963 0.2337559 0.6342508 0.08054046
0.991406 0.5160783 0.0002488998 0.227214 0.8022082
0.2183635 0.3892417 0.8968322 0.6421248 0.3602274
0.8539744 0.9611012 0.2154241 0.0007141566 0.1825416
0.526384 0.8697865 0.6128496 0.8808919 0.1394115
0.0160796 0.1300248 0.7793364 0.6206653 0.7220978
0.1343141 0.2486881 0.1779925 0.08190232 0.2445666
0.6917173 0.05905186 0.3484706 0.6226236 0.377061
0.4689993 0.1453812 0.6494957 0.4060882 0.05762982
0.2226645 0.4092301 0.9550989 0.591966 0.3580666
0.2624256 0.1748211 0.423229 0.7704311 0.4129811
0.8095476 0.4461433 0.8236235 0.8551312 0.9756725
0.4845985 0.2416909 0.03920037 0.9702061 0.9568736
0.4136237 0.2176893 0.7192734 0.6080257 0.2149186
0.9155837 0.841764 0.8264517 0.6509813 0.09056459
0.857178 0.5187852 0.2745699 0.4119365 0.1238318
0.1497314 0.8518246 0.01580539 0.450105 0.5865972
0.8616012 0.6119592 0.2094426 0.2816979 0.2465661
0.2517503 0.7771938 0.5131932 0.1265191 0.008874101
0.97456 0.1972672 0.5546086 0.7313277 0.8590184
0.2788706 0.2531474 0.982692 0.4347214 0.1166664
0.799354 0.4003746 0.3771852 0.3564631 0.8316404
0.7113021 0.4392512 0.722162 0.596448 0.4626252
0.99014 0.3739256 0.5271009 0.3218803 0.6706975
0.7511057 0.5122281 0.5942208 0.5853824 0.09212342
0.3024975 0.1327423 0.5035316 0.5042606 0.3912383
0.6459105 0.3845675 0.1017309 0.8225958 0.3489969
0.5446526 0.4338399 0.5620515 0.5397673 0.1638342
0.7280103 0.1643891 0.05341115 0.9291974 0.6366909
0.9647783 0.2646591 0.4266228 0.9265704 0.220521
0.05944505 0.8280972 0.659063 0.452509 0.04264348
0.6722423 0.9497862 0.5884402 0.682583 0.3123518
0.4908382 0.3026578 0.4422671 0.772161 0.01970852
0.3261922 0.2030416 0.7371863 0.4707505 0.4712216
0.9929183 0.3067324 0.7461034 0.5034065 0.3452097
0.386387 0.5641529 0.6528228 0.5040947 0.9584939
0.1228331 0.1906251 0.1635422 0.203831 0.2313172
0.9831956 0.2442443 0.9825515 0.8884316 0.8530599
0.5667477 0.1606353 0.1490469 0.8304785 0.2911646
0.5183247 0.1895768 0.7127555 0.1251504 0.6874975
0.03230705 0.5410699 0.6256028 0.9661465 0.9637164
0.3359425 0.1884091 0.8592042 0.333548 0.3881968
0.3353369 0.1857494 0.5651092 0.2026329 0.4427079
0.7796306 0.8214938 0.481223 0.5562855 0.6203035
0.420922 0.4599859 0.05304072 0.8423138 0.4017461
0.937877 0.008385938 0.004872754 0.593825 0.9993821
0.694522 0.6952486 0.09915103 0.2251186 0.1422614
0.09983435 0.2021026 0.09153608 0.1616339 0.846767
0.8049571 0.7468208 0.8579306 0.2220581 0.3614062
0.1628456 0.2400645 0.2231546 0.4316484 0.1858555
0.06855343 0.1112669 0.5310762 0.2442907 0.6462405
0.03997925 0.7769691 0.785525 0.8189128 0.9251774
0.8096048 0.3465587 0.344209 0.02894331 0.08953053
0.6679386 0.7723055 0.4478785 0.1124064 0.07623236
0.4785897 0.2072662 0.8646139 0.2798056 0.6417469
0.4863391 0.2582904 0.1332554 0.7751469 0.7852086
0.04721862 0.09157188 0.4081007 0.4861111 0.8081728
0.2010166 0.5959196 0.8894028 0.07004315 0.842767
0.5751024 0.9561467 0.8126753 0.7641783 0.1987013
0.3867911 0.363587 0.166936 0.8349694 0.4036513
0.168745 0.7660012 0.5381818 0.6235227 0.08159399
0.2264022 0.3477295 0.2465432 0.2935209 0.6088758
0.2551279 0.942066 0.4586765 0.1647432 0.8079237
0.7771758 0.5623149 0.4959863 0.5446332 0.9473243
0.5083205 0.4314811 0.3964206 0.06817948 0.08289689
0.5950551 0.5073347 0.7511921 0.04049638 0.4150112
0.8511935 0.3421747 0.06590294 0.7078785 0.1638731
0.4365977 0.7284461 0.3745759 0.8459788 0.1245909
0.2881104 0.2036242 0.6909813 0.7146718 0.2631334
0.3705278 0.4500306 0.4149277 0.8701116 0.9195133
0.3547828 0.6540674 0.2278358 0.09573927 0.2269916
0.1861416 0.07658575 0.6551896 0.9473936 0.5812156
0.462541 0.2125143 0.6824761 0.3107565 0.5406681
0.9359471 0.6645285 0.5569506 0.306105 0.2926948
0.9998039 0.7995698 0.9474108 0.568961 0.6646001
0.007806533 0.1074767 0.132397 0.4824992 0.7967069
0.385617 0.7794599 0.1128632 0.695697 0.7136913
0.1740793 0.536038 0.4864591 0.3886664 0.2038192
0.6549995 0.1663105 0.2644104 0.9633817 0.5948372
0.3973373 0.5426375 0.3460257 0.6325544 0.1072566
0.06202767 0.9438958 0.476446 0.07676097 0.5872687
0.684902 0.6273543 0.6357612 0.4653959 0.6293129
0.01008068 0.09231702 0.04451722 0.002115727 0.296558
0.3793799 0.261709 0.4630448 0.2776491 0.7606766
0 0.4755548 0.6559038 0.9171882 0.8233125
0.6740495 0.05882871 0.1897973 0.155906 0.4726079
0.4945319 0.9889482 0.4365554 0.1927868 0.512358
0.7266737 0.9575154 0.8107169 0.1939094 0.9546681
0.5669037 0.2576985 0.3718982 0.9656099 0.2053909
0.3895856 0.6455764 0.6547199 0.6671223 0.5477367
0.6702168 0.1446444 0.4461891 0.7816766 0.4481132
0.3056732 0.9166947 0.9457587 0.9838087 0.2048029
0.0080284 0.105815 0.2664428 0.4207453 0.8042197
0.1773452 0.00448412 0.4934353 0.9802336 0.9726422
