0.7307874 0.9862618 0.6019564 0.9645431 0.8147487
0.3702673 0.8427078 0.07935494 0.5342175 0.6820589
0.3176596 0.8701414 0.8189231 0.8827642 0.2835604
0.5231849 0.0917184 0.2205847 0.7217172 0.8665827
0.2167088 0.03267909 0.794577 0.02460874 0.04135871
0.4698624 0.4229674 0.2351387 0.5980396 0.2003297
0.6566367 0.5604681 0.7886054 0.01228064 0.554888
0.1161908 0.344777 0.8863087 0.6431913 0.9458837
0.01158515 0.7446814 0.3976078 0.32471 0.7458468
0.2481775 0.4547777 0.008944773 0.393604 0.7341516
0.4409387 0.7881574 0.3839986 0.3025061 0.1842096
0.54371 0.006403386 0.7840217 0.8260393 0.5794753
0.5696922 0.470664 0.9022256 0.5975658 0.130056
0.2805419 0.3662462 0.2501346 0.1051061 0.851978
0.03143626 0.6303886 0.9771738 0.2207512 0.3024418
0.8763441 0.8163986 0.1304083 0.5753896 0.6107355
0.9879718 0.3739464 0.7245912 0.4964592 0.1879146
0.7301974 0.2543542 0.6231148 0.5331812 0.459407
0.02331081 0.08268001 0.09822598 0.8615474 0.230965
0.4662444 0.4508741 0.9826004 0.8834542 0.04006705
0.766125 0.1414432 0.7377007 0.6589068 0.8332732
0.04247655 0.9094212 0.7491321 0.6869536 0.8345525
0.4836281 0.9468913 0.1475557 0.942819 0.6947176
0.8476452 0.4329031 0.9743775 0.3297322 0.5376466
0.08791792 0.4013035 0.4263552 0.6899714 0.4751591
0.2578551 0.4218065 0.3921815 0.7785638 0.5786157
0.09278913 0.2177947 0.7006915 0.70216 0.7573102
0.7361979 0.6558928 0.8491937 0.02951502 0.1264506
0.369747 0.7401384 0.8117827 0.2440657 0.3309798
0.06708079 0.2005091 0.2033505 0.5594609 0.187672
0.5994479 0.2072792 0.7701596 0.6007202 0.1229098
0.8568688 0.6905814 0.6321726 0.2325432 0.8935372
0.5835321 0.5672481 0.5334776 0.7064366 0.8519947
0.9550917 0.5002013 0.7058939 0.4595746 0.03354303
0.8158705 0.3610583 0.6656256 0.05046921 0.8601384
0.7655191 0.6588827 0.3170537 0.8231574 0.1420175
0.0167557 0.4206488 0.9912631 0.09111537 0.8461944
0.6362055 0.6764618 0.2131236 0.07581591 0.1149969
0.803253 0.2309047 0.9813325 0.8512097 0.2076931
0.9569332 0.2594365 0.7890039 0.4507505 0.4586719
0.1338698 0.6025402 0.8356501 0.7307134 0.1200158
0.7975605 0.4178693 0.9196817 0.7864528 0.9693655
0.933084 0.9852288 0.7360228 0.5088669 0.5395946
0.7677818 0.5402107 0.2352479 0.001154606 0.7362563
0.8414724 0.2458205 0.8918937 0.4795036 0.04776326
0.6781267 0.1884408 0.1409944 0.1898081 0.4472983
0.6897392 0.6106929 0.7078293 0.06503031 0.4426117
0.1856064 0.3355055 0.6047083 0.6800401 0.2305202
0.1721633 0.74648 0.3675156 0.5787806 0.999608
0.329219 0.3284811 0.2569223 0.4945713 0.1860863
0.2913209 0.7600938 0.03956432 0.07540949 0.1826027
0.6942851 0.5519568 0.05218068 0.5412908 0.3814934
0.3335305 0.8406941 0.5832172 0.7889873 0.8004351
0.09045705 0.2470484 0.7163444 0.5498454 0.03528155
0.4184577 0.0958673 0.7835319 0.6192707 0.5876172
0.7051417 0.8489973 0.8650538 0.8564515 0.5855904
0.9885373 0.5399952 0.5757985 0.4616194 0.5746048
0.9332035 0.4375971 0 0.6750597 0.2012032
0.0364297 0.7056305 0.4570354 0.2562902 0.3016568
0.08149553 0.9077 0.8607106 0.7971311 0.465627
0.1678023 0.2835743 0.6372413 0.4565802 0.4258186
0.7356091 0.5154462 0.6428835 0.3533568 0.5123201
0.5697734 0.4545201 0.2972398 0.2399397 0.6614733
0.6139537 0.2005474 0.5663234 0.6756726 0.9967719
0.923199 0.7279144 0.8764873 0.1182195 0.9485423
0.7974184 0.1340324 0.4260513 0.7013738 0.214594
0.9573091 0.715071 0.7312981 0.6734719 0.4041953
0.8556857 0.7541016 0.5668981 0.02660249 0.8656861
0.7024533 0.7171677 0.9458142 0.6855704 0.05784996
0.7047089 0.8708243 0.8692074 0.5506283 0.7395641
0.4731783 0.1151644 0.3087096 0.1335351 0.7259554
0.8719683 0.7921785 0.5545657 0.8446465 0.67943
0.6558528 0.5209536 0.4434062 0.861141 0.2309552
0.5641628 0.779193 0.8428308 0.06876474 0.3523456
0.3704966 0.463895 0.2605628 0.4950744 0.6280267
0.6876547 0.3489309 0.6225435 0.4277355 0.5563414
0.9478227 0.02266482 0.0001814376 0.7617015 0.1192384
0.5739596 0.5580417 0.08012808 0.6943448 0.9122775
0.7939726 0.5522756 0.1929933 0.6090085 0.1673303
0.4073642 0.7587164 0.6852076 0.6603596 0.916943
0.3188764 0.02505809 0.1776045 0.9752425 0.3523891
0.2852334 0.2813933 0.5577828 0.3330653 0.02117212
0.9792409 0.03556613 0.2323444 0.6437884 0.1253391
0.6682701 0.424611 0.8868837 0.6187694 0.7360926
0.324359 0.1969758 0.8296736 0.3658585 0.6936974
0.881452 0.5696546 0.06419132 0.6681942 0.8519516
0.7482263 0.04009462 0.6843868 0.6428544 0.1943022
0.00841933 0.6300377 0.4421715 0.7752542 0.5242339
0.1620339 0.6525535 0.867011 0.007491163 0.7015043
0.5746884 0.04752198 0.2776923 0.8228858 0.6730375
0.07710841 0.557209 0.3724399 0.09418184 0.06902308
0.7027497 0.5864443 0.05217637 0.6997247 0.8891632
0.835086 0.5393404 0.1487116 0.8768727 0.1957884
0.8314898 0.1507499 0.3841 0.9208698 0.4516619
0.5918995 0.5012149 0.4095841 0.03022404 0.9984925
0.2737934 0.3631724 0.4608164 0.04290155 0.9692274
0.1303029 0.04644321 0.199214 0.00446644 0.07200553
0.5209163 0.1561449 0.6823011 0.0775888 0.8600732
0.2347619 0.701028 0.02742759 0.8634746 0.3498403
0.5478097 0.6865538 0.8812313 0.5311033 0.3575342
0.8641461 0.9354101 0.9638244 0.08662188 0.9228904
0.6392518 0.07217156 0.2248045 0.5782093 1
0.1853603 0.8918029 0.774803 0.01765848 0.1409603
0.463752 0.05582788 0.3794062 0.09633657 0.2770774
0.4625708 0.1475012 0.7206481 0.06881615 0.1089632
0.2875098 0.1228476 0.06547686 0.5650409 0.9843511
0.1993376 0.3732638 0.6119439 0.02342737 0.1496451
0.3806629 0.6071779 0.1016855 0.03089197 0.0625701
0.319717 0.1782915 0.1551321 0.4634742 0.8931017
0.5925737 0.541356 0.3473138 0.5941661 0.5726739
0.05182084 0.7454139 0.2719765 0.01827768 0.2265409
0.7020618 0.007926802 0.3947732 0.4643175 0.4228307
0.1108475 0.9029995 0.8272077 0.4952192 0.5968547
0.6060454 0.4645088 0.2918664 0.1930752 0.6573466
0.868303 0.9388494 0.4435883 0.1878337 0.5711713
0.03551507 0.4924406 0.3731935 0.08992188 0.2210742
0.9576868 0.4639572 0.4926485 0.7087073 0.9767427
0.7854751 0.5593393 0.4994466 0.4499998 0.7148427
0.847534 0.05339186 0.9049558 0.3697826 0.6919079
0.1681439 0.7254337 0.2975181 0.4693202 0.1368733
0.05608177 0.9121768 0.25738 0.2143226 0.9743541
0.2641961 0.6204935 0.09692826 0.07719823 0.226442
0.42167 0.2040861 0.4108447 0.2483518 0.1388245
0.1246683 0.7232316 0.04348877 0.3478273 0.8125775
0.0558348 0.5966193 0.07085689 0.4709211 0.5699934
0.773428 0.4120811 0.1848072 0.4590344 0.6126489
0.1922739 0.2267224 0.7038869 0.7080085 0.6681311
0.4820081 0.01913067 0.1923956 0.6004773 0.2510947
0.5312602 0.4922313 0.3761638 0.09181062 0.6297106
0.1303522 0.597525 0.3224928 0.6598568 0.9173764
0.1736066 0.3191868 0.555408 0.5698526 0.3150748
0.4630112 0.6524857 0.03880643 0.2936992 0.2623799
0.9739797 0.4859531 0.7302232 0.6512106 0.750991
0.9770164 0.3739459 0.8840258 0.6621558 0.8349026
0.2850254 0.5646089 0.7696565 0.8959314 0.07888096
0.2899154 0.7091876 0.9631122 0.107431 0.8942211
0.6608198 0.9012575 0.6156119 0.9691571 0.6077332
0.8117164 0.1863921 0.8835923 0.7758959 0.7125625
0.6608894 0.9596582 0.611821 0.9367922 0.9659073
0.08943476 0.6999885 0.9091529 0.7107947 0.6009204
0.4532179 0.2289859 0.5964013 0.3834612 0.4028958
0.8626392 0.7951934 0.8585042 0.7366361 0.7211627
0.177465 0.5731204 0.8268796 0.6453083 0.7828357
0.8247243 0.552882 0.09843879 0.5975266 0.7154419
0.2175974 0.2447967 0.1803043 0.847627 0.8086835
0.6360313 0.07656988 0.6072814 0.7551837 0.5255952
0.6524193 0.7828154 0.08351429 0.057228 0.5994981
0.9354677 0.4914641 0.6754045 0.8246598 0.6562993
0.4595048 0.05990889 0.9035542 0.4227841 0.02514336
0.06125576 0.886199 0.4638663 0.04479134 0.1320439
0.914167 0.1474098 0.3028023 0.3784391 0.08293823
0.6137917 0.8927786 0.4254369 0.3772627 0.861178
0.7100876 0.3778033 0.2793928 0.6470044 0.1398958
0.3587954 0.07607007 0.3508316 0.2454175 0.7991014
0.7279128 0.4228032 0.4318991 0.1400025 0.06325215
0.7712593 0.1430821 0.6672402 0.0117624 0.2418562
0.0713136 0.333081 0.2436493 0.1008836 0.4335287
0.8967271 0.8379931 0.0942349 0.2353421 0.7313592
0.270106 0.329932 0.05242236 0.06429791 0.5887713
0.2603804 0.6091341 0.7655757 0.4188676 0.7486737
0.9415887 0.867433 0.4372663 0.5464148 0.01703456
0.2663132 0.5264571 0.3774548 0.9198992 0.1693919
0.03310419 0.7211123 0.1243248 0.08493375 0.05437083
0.4601396 0.9945739 0.2520155 0.9153492 0.1745841
0.1323754 0.2877781 0.2116887 0.4714863 0.7221872
0.5447061 0.289535 0.5671425 0.7599002 0.3341395
0.4579593 0.5865166 0.4762398 0.3245306 0.5551071
0.9601145 0.4476921 0.3679929 0.3979064 0.7116801
0.6244864 0.3251154 0.04784616 0.1037157 0.3495621
0.9907165 0.08810492 0.2876933 0.1844204 0.1894354
0.2841362 0.1860129 0.9619776 0.6985846 0.07427445
0.159897 0.05740605 0.5556696 0.07673793 0.8232625
0.41587 0.5324623 0.2366428 0.4875759 0.5909661
0.01884371 0.4306015 0.9448278 0.9605795 0.8456561
0.8167411 0.4077724 0.2461648 0.1487815 0.5725958
0.2776486 0.657396 0.3363552 0.04738414 0.7397801
0.2828663 0.2755984 0.02544034 0.3371252 0.4836145
0.1746944 0.7824631 0.2912792 0.7121559 0.9043984
0.9874202 0.8675588 0.2126933 0.09365679 0.2110708
0.1711022 0.8460677 0.6950394 0.817872 0.9013308
0.5037879 0.4837332 0.2620493 0.1265697 0.645345
0.5281493 0.09351038 0.6238013 0.4502663 0.2715495
0.9744205 0.9231863 0.2971304 0.2728239 0.8081477
0.2907027 0.3493722 0.3873348 0.2281225 0.5164395
0.4695462 0.755376 0.6669713 0.4283489 0.04638351
0.1942641 0.281132 0.2633972 0.7624196 0.08299917
0.9160695 0.9653424 0.6404789 0.4452177 0.7660841
0.4197342 0.779607 0.6739541 0.271495 0.4837905
0.285746 0.3612058 0.7109296 0.8962447 0.7455729
0.7242177 0.5873754 0.1360381 0.6895375 0.9644252
0.2946746 0.1435473 0.3575163 0.1763356 0.9607195
0.1995115 0.5354296 0.7335439 0.622563 0.2606289
0.008665713 0.9423425 0.744639 0.6132916 0.9638515
0.8340623 0.825298 0.7606397 0.03571891 0.2365246
0.2186055 0.7550366 0.9865786 0.7772619 0.7110004
0.2144555 0.8606529 0.2235748 0.6252941 0.5462832
0.976555 0.7432576 0.7166789 0.588151 0.6428683
0.5330309 0.4541895 0.04264002 0.03001978 0.4038626
0.9090788 0.2274446 0.297379 0.6342783 0.23483
0.5056687 0.9879003 0.2398836 0.2286537 0.1594798
0.8189071 0.3995131 0.007133897 0.6996296 0.183137
0.7151103 0.9573412 0.2475538 0.460382 0.6434765
0.7699064 0.5063943 0.4938201 0.9749214 0.725357
0.5979216 0.1717402 0.3582496 0.09708524 0.9842515
0.0536744 0.8874509 0.2316877 0.6181275 0.3396342
0.8779305 0.3280656 0.7025051 0.7250265 0.03253717
0.6276362 0.6496976 0.3404833 0.007287434 0.3514657
0.5644527 0.9851304 0.6377861 0.02403908 0.5617212
0.1891865 0.2073206 0.03563673 0.7415221 0.2992975
0.2069183 0.8823932 0.9048721 0.4743446 0.8514607
0.4936355 0.3853572 0.2139759 0.3955541 0.7125685
0.1703128 0.3322553 0.474667 0.2892913 0.05367381
0.2763395 0.3164788 0.8656371 0.7571732 0.319423
0.5563514 0.8090178 0.1753566 0.4920725 0.8197131
0.1150355 0.2471396 0.00907632 0.829242 0.1478375
0.7601414 0.6774663 0.6426173 0.6481132 0.0752917
0.473583 0.7144074 0.4364084 0.1553784 0.9967947
0.9973011 0.5515006 0.8613648 0.8752178 0.4311235
0.510682 0.3351145 0.707023 0.5277038 0.7351762
0.686292 0.7423583 0.718492 0.1303098 0.2616092
0.2128006 0.1353512 0.9559277 0.8231113 0.4015635
0.4297197 0.7059001 0.7100919 0.6806401 0.3695276
0.2114989 0.9035855 0.7336774 0.9415819 0.5242186
0.7241201 0.5204146 0.5865746 0.4688912 0.05370775
0.2160696 0.254177 0.4975123 0.3532878 0.5331293
0.5074649 0.1740889 0.9997562 0.8234478 0.2110072
0.1472287 0.8096436 0.2532487 0.1452621 0.03195498
0.4868714 0.1776932 0.6399324 0.5677565 0.2098237
0.564094 0.7643816 0.2205363 0.8805787 0.5408511
0.6820592 0.8544076 0.08964703 0.5332658 0.2260246
0.7107943 0.847702 0.5765965 0.3491644 0.581388
0.2067337 0.08799104 0.754641 0.9888709 0.2642498
0.2697139 0.5858856 0.2113858 0.7604712 0.6907786
0.2141484 0.283596 0.1300691 0.9392409 0.5596395
0.6224345 0.8254478 0.8449429 0.007610264 0.7953834
0.8876555 0.8933706 0.5763705 0.5653938 0.4575364
0.3991846 0.4192686 0.9616738 0.7917602 0.8617687
0.8505247 0.8654303 0.4199229 0.7747927 0.05092655
0.1108017 0.9379194 0.4294484 0.7825498 0.204764
0.1670679 0.5234228 0.8530562 0.5512017 0.781129
0.09552377 0.1404687 0.1405363 0.9720852 0.6861061
0.1209172 0.8961084 0.08225834 0.002015515 0.5689784
0.6691892 0.5609571 0.6168897 0.9912414 0.5255211
0.7409122 0.1657124 0.06330744 0.1262248 0.5239011
0.7263878 0.3751845 0.05961674 0.1179484 0.8539873
0.1321676 0.4317472 0.514254 0.07632472 0.02400268
0.2648507 0.6863715 0.7099987 0.8074194 0.1286001
0.6166576 0.8112893 0.3633646 0.01503145 0.8983224
0.8933385 0.8700781 0.767446 0.7656607 0.3416687
0.2776381 0.1075323 0.5767079 0.2242937 0.5637702
