0.834104 0.8340076 0.3528524 0.9595283 0.4874806
0.9899334 0.2527223 0.4106506 0.7060735 0.565664
0.5804904 0.05721771 0.1107569 0.06007119 0.6714031
0.4212703 0.4450191 0.3541304 0.6471744 0.6528528
0.640306 0.2740861 0.6303023 0.3603154 0.5043434
0.3287963 0.1545008 0.06071522 0.4789337 0.6720466
0.9594716 0.474845 0.0321862 0.4051819 0.1700063
0.1239059 0.3172652 0.2989656 0.4077151 0.2911972
0.9702368 0.6906392 0.6120153 0.4661968 0.3491752
0.1378158 0.07435849 0.329888 0.6580697 0.3007359
0.4717572 0.3839504 0.7148976 0.3813212 0.8029896
0.4530342 0.3029384 0.1829575 0.1285486 0.7581916
0.7236354 0.6030493 0.894407 0.6484028 0.651538
0.6617397 0.6087202 0.5441245 0.06300261 0.1069129
0.3736862 0.8443446 0.5416136 0.4296995 0.9568252
0.6843184 0.4678232 0.1180809 0.145097 0.006306222
0.7333179 0.9718395 0.202962 0.3301738 0.6356912
0.3938038 0.5791362 0.1031365 0.4704477 0.7955101
0.1597985 0.1867397 0.402629 0.4894233 0.4078494
0.2262523 0.9193294 0.920339 0.7114516 0.6308118
0.5604071 0.1630932 0.1826638 0.4057372 0.8978392
0.7431962 0.4231955 0.9898554 0.1212408 0.1150242
0.4952305 0.523278 0.3804818 0.3249991 0.9917755
0.2013733 0.07925267 0.04714907 0.8167521 0.6954722
0.6870774 0.1011737 0.5779089 0.5966423 0.4495185
0.8815894 0.1999843 0.3068276 0.2486879 0.739152
0.8842231 0.3076617 0.8514854 0.7636114 0.9720484
0.5537543 0.4598399 0.6075098 0.8158236 0.8924622
0.4916634 0.6025676 0.557749 0.03206921 0.03201245
0.618565 0.5675225 0.2926337 0.3531782 0.6427659
0.2934525 0.2613913 0.3471089 0.9806261 0.326305
0.6769204 0.2402284 0.7066656 0.920707 0.294944
0.6416185 0.2523013 0.749571 0.8360739 0.5762269
0.8700043 0.1284857 0.2206377 0.250569 0.1903987
0.4109824 0.1278961 0.400168 0.932321 0.7075349
0.6917723 0.120475 0.968104 0.2413476 0.4178762
0.252673 0.6760872 0.2514323 0.5266937 0.1225879
0.3004197 0.7203665 0.7252603 0.4063025 0.9756062
0.9173217 0.6926101 0.5910139 0.08656778 0.5277315
0.2323474 0.9984353 0.2177066 0.5758291 0.2284169
0.4454103 0.8036488 0.3385054 0.3942546 0.848191
0.6226532 0.5902352 0.3053038 0.866005 0.4525044
0.08114515 0.956848 0.8574829 0.4649746 0.3759083
0.8993451 0.4234254 0.913863 0.7421144 0.9899445
0.7117311 0.785226 0.08711453 0.3157794 0.9826248
0.6557091 0.9159462 0.2579773 0.7649517 0.1504095
0.92929 0.9099886 0.0740469 0.3007377 0.4008339
0.6282865 0.2371786 0.8798755 0.6977275 0.9673451
0.506553 0.9160908 0.6485998 0.8117466 0.9503566
0.8441199 0.3431257 0.1564689 0.8063202 0.3300218
0.1618296 0.7179293 0.7094142 0.2824317 0.1720951
0.7024387 0.7273135 0.07178407 0.9290642 0.7414677
0.8964111 0.14557 0.4559273 0.5484433 0.3726376
0.530502 0.1121501 0.7620693 0.6036061 0.4086274
0.6696916 0.8004057 0.9525176 0.0997104 0.8781518
0.1484074 0.2893901 0.08451229 0.250545 0.5274619
0.8013024 0.6453319 0.6322883 0.07069105 0.4442522
0.2491302 0.4219121 0.1368512 0.9499969 0.5468139
0.4731226 0.9681272 0.9957769 0.9586074 0.9154399
0.02950573 0.9937484 0.9593553 0.9052105 0.6981688
0.5680128 0.4419846 0.7661385 0.03580238 0.3290192
0.05576325 0.9437665 0.2285019 0.362235 0.9284322
0.4293194 0.4669999 0.7494748 0.01665036 0.6359252
0.2478389 0.4479454 0.6043652 0.5379899 0.3423943
0.6905837 0.3923204 0.5941891 0.1250261 0.8818199
0.6353639 0.4684423 0.4420762 0.5841824 0.7359344
0.5970442 0.8648055 0.8880379 0.8158627 0.5753971
0.1791153 0.3661096 0.1873892 0.1442519 0.7934228
0.7071455 0.2087374 0.2392579 0.06087798 0.1683456
0.1218434 0.3939456 0.07191579 0.03808611 0.5617426
0.6904182 0.2877161 0.3343818 0.1821283 0.03435073
0.03764369 0.3507539 0.8135428 0.2930076 0.01664944
0.7463726 0.103124 0.9152428 0.3583346 0.5572393
0.6499594 0.8370358 0.7805267 0.7731502 0.2221857
0.9779489 0.365168 0.8281109 0.3434019 0.4487231
0.9215 0.3685386 0.6560663 0.4356645 0.8495406
0.2229057 0.3384562 0.02406855 0.1591214 0.5444233
0.7097768 0.7444158 0.6044733 0.5096298 0.3119767
0.8003273 0.9771026 0.5056968 0.03049589 0.4034931
0.5714113 0.7088074 0.397646 0.2757725 0.7544862
0.8683782 0.8505567 0.5767972 0.4449377 0.3148507
0.4063709 0.4149643 0.3886576 0.2773338 0.9504503
0.5327291 0.7943598 0.6134881 0.7493635 0.5140755
0.6753222 0.01600889 0.9392103 0.8140496 0.3123568
0.8195452 0.3557678 0.7921994 0.1884852 0.1578838
0.1865582 0.1796282 0.1716364 0.5916001 0.4388602
0.6748252 0.8973163 0.2863342 0.7105179 0.9884016
0.09560938 0.9205117 0.6711923 0.6974747 0.4480761
0.6498015 0.1072141 0.3705556 0.697078 0.6494619
0.04211088 0.2326053 1 0.3228933 0.7497045
0.489306 0.01759891 0.8745953 0.8170012 0.2004432
0.3458496 0.1859791 0.8676866 0.3340366 0.7000167
0.3455146 0.4134039 0.2037704 0.2571801 0.8246314
0.4826858 0.1055516 0.7492918 0.3502749 0.430658
0.2279377 0.8484205 0.7063334 0.1391009 0.3833414
0.8225932 0.3323975 0.5976286 0.8804855 0.3342547
0.992894 0.8996357 0.6279939 0.1336609 0.9270552
0.7974741 0.8666795 0.2908239 0.9373274 0.9913544
0.2586439 0.7378393 0.5164324 0.2106265 0.4213441
0 0.1154924 0.03582221 0.5446639 0.05918848
0.1810997 0.1675889 0.1509922 0.4890987 0.6411546
0.2529047 0.5017646 0.4022545 0.841176 0.1974095
0.1982704 0.4741386 0.7515387 0.5597427 0.9280087
0.9915555 0.7322288 0.3851898 0.9558063 0.62004
0.2796192 0.9562651 0.408681 0.605524 0.003449635
0.5926066 0.9343166 0.1770622 0.6858056 0.2103104
0.2150624 0.2146707 0.710787 0.002654445 0.9859747
0.9939544 0.3529851 0.1152975 0.1199303 0.5190552
0.8626494 0.9719001 0.6814748 0.4966012 0.102711
0.1183522 0.3151925 0.5209068 0.7777871 0.9353133
0.1231442 0.2807478 0.05972013 0.1386978 0.9381217
0.3096739 0.2893352 0.03782928 0.7230891 0.8530805
0.1226323 0.7319531 0.09818394 0.9302506 0.992492
0.3609999 0.1054246 0.6403217 0.3150649 0.08758288
0.6569161 0.7652413 0.3618502 0.2514492 0.5787901
0.5860269 0.06317151 0.05267947 0.7274978 0.8295173
0.7386105 0.277239 0.1342815 0.1163772 0.9096665
0.1386773 0.4972023 0.8608092 0.9793774 0.1399916
0.3204052 0.6034799 0.8291423 0.7613494 0.295077
0.7522934 0.3818692 0.6089885 0.003365153 0.3583202
0.3596436 0.4577387 0.5968352 0.1699334 0.3267987
0.6517572 0.7161072 0.8614938 0.6292067 0.9588998
0.8350812 0.06327898 0.7496466 0.1791259 0.1989892
0.9186286 0.8075772 0.492582 0.9081729 0.8808992
0.3968656 0.7810234 0.6764545 0.5674761 0.4452716
0.5906012 0.6593602 0.004599365 0.5282023 0.855411
0.4528809 0.4403548 0.1604496 0.8107608 0.5988486
0.4082522 0.9536448 0.8247242 0.2291754 0.8520887
0.8108876 0.03998714 0.1215657 0.4677429 0.2982739
0.8481974 0.07000226 0.618456 0.872271 0.3128152
0.4311373 0.3338326 0.77008 0.3684558 0.3730572
0.5640497 0.5022995 0.8324204 0.803697 0.2441491
0.170217 0.3651514 0.6654087 0.9473604 0.1840147
0.9144598 0.0929813 0.0929691 0.5828472 0.5140698
0.7626889 0.5474188 0.700545 0.01623312 0.9290391
0.5784123 0.109436 0.6799125 0.4145168 0.868553
0.5776115 0.5196642 0.3939531 0.6802795 0.02362809
0.2972781 0.3803003 0.3833526 0.2047723 0.2386819
0.8007225 0.5584568 0.9327667 0.4007873 0.7167209
0.02736768 0.03970045 0.3394113 0.8525826 0.6017087
0.5712776 0.4869354 0.05862873 0.8625952 0.47381
0.06681885 0.8234836 0.1553362 0.4618767 0.5517397
0.2869168 0.3522443 0.9760564 0.4052648 0.2818449
0.8478951 0.9451507 0.324201 0.3384211 0.7957957
0.9887986 0.816216 0.9250069 0.1616545 0.6020793
0.6128936 0.5141359 0.8114002 0.2009662 0.5027082
0.7772707 0.7099537 0.5018446 0.5675719 0.5520672
0.01156412 0.5481691 0.2315969 0.04635615 0.2185156
0.1023171 0.9528048 0.3870387 0.2689687 0.4157882
0.5872818 0.9877786 0.7019126 0.6712081 0.2289155
0.365646 0.8129784 0.430855 0.3929319 0.7806651
0.4531554 0.2418161 0.9946874 0.9111397 0.3319039
0.201441 0.1429679 0.4970004 0.06016166 0.8911137
0.09682434 0.5539473 0.8614108 0.2392723 0.523871
0.8863515 0.1610576 0.9961122 0.786324 0.9195765
0.1436201 0.3176373 0.4086353 0.568107 0.9976102
0.2917049 0.6291654 0.06359723 0.6899418 0.698758
0.8278688 0.9287215 0.3192782 0.484576 0.7193194
0.8807674 0.4348923 0.1458347 0.2454447 0.865846
0.9041879 0.9227018 0.8699976 0.0513875 0.3782435
0.3193102 0.02109307 0.2929007 0.9029841 0.9157925
0.03678092 0.4766883 0.3979151 0.9636737 0.7662778
0.5976118 0.2294209 0.6669513 0.9782755 0.2103778
0.207328 0.3115283 0.0917252 0.3611452 0.9366392
0.5191226 0.3277017 0.6149531 0.6160943 0.9971693
0.9537622 0.3483616 0.7470401 0.09461159 0.07488181
0.7520543 0.06272379 0.9444349 0.0836544 0.318742
0.3925434 0.4210725 0.1692827 0.98363 0.1761075
0.7379045 0.1899993 0.5182113 0.9185967 0.9498153
0.4336492 0.9445845 0.197888 0.9969168 0.2073997
0.4921533 0.8763595 0.971742 0.485599 0.3512487
0.9802958 0.4824777 0.5260443 0.9371249 0.855378
0.9715288 0.5203484 0.5321532 0.5732508 0.02034814
0.6170822 0.1675327 0.7197755 0.6626394 0.01317339
0.880803 0.1650539 0.4465006 0.2094723 0.2570355
0.5818185 0.3274127 0.4936562 0.9790236 0.7403009
0.1817672 0.1632294 0.2069598 0.5498751 0.2483306
0.562461 0.3489442 0.4147217 0.6407141 0.8606216
0.2649407 0.9483696 0.1393621 0.7589402 0.7563254
0.7791757 0.04232935 0.7490768 0.9937427 0.7873536
0.1819504 0.2979964 0.4997399 0.5102723 0.4827126
0.5992868 0.5072652 0.1375126 0.6569833 0.4869642
0.5429519 0.6539773 0.9633745 0.751493 0.03670636
0.6061287 0.6966327 0.4385784 0.1294163 0.003583489
0.07563299 0.02837672 0.1586399 0.5707201 0.8183512
0.2318955 0.599383 0.421725 0.3708887 0.1598298
0.5771052 0.1153271 0.5247123 0.5843422 0.9940802
0.8097562 0.6902566 0.03208665 0.6388843 0.376352
0.5776894 0.08901746 0.8002681 0.2075242 0.9754062
0.03199541 0.9832707 0.3583754 0.515775 0.1280446
0.4234217 0.2761866 0.08612327 0.6970997 0.7277793
0.528499 0.6246208 0.08587695 0.4588455 0.6879674
0.6094778 0.7448754 0.6052001 0.1903234 0.007880985
0.8220708 0.3703368 0.2239998 0.09255763 0.06114127
0.1798136 0.7260014 0.9796743 0.7556676 0.9056155
0.1734915 0.6468064 0.4993852 0.7551798 0.7053695
0.1695724 0.8257076 0.724169 0.2591258 0.3386429
0.1669147 0.3165572 0.6170523 0.963161 0.8437128
0.7402616 0.5116462 0.9805764 0.9928434 0.1230996
0.8230102 0.6158459 0.3190839 0.9469589 0.4008094
0.3611793 0.07813014 0.7260338 0.02899987 0.1119645
0.2531912 0.8428268 0.3538972 0.3371976 0.2788828
0.05867159 0.3360183 0.3723232 0.5014758 0.6069061
0.3928575 0.7694428 0.7210565 0.6198641 0.9979293
0.6412225 0.3856619 0.3717131 0.6453442 0.4879841
0.1790492 0.03151376 0.6588665 0.692342 0.9826542
0.9182473 0.9519739 0.2851308 0.06327485 0.9264872
0.2911175 0.6949195 0.9688742 0.5163075 0.08342439
0.341559 0.9054247 0.2308775 0.4234008 0.1569562
0.9537709 0.9428343 0.9215939 0.3435729 0.9920466
0.7533609 0.5995604 0.5203855 0.6023547 0.4909633
0.9774655 0.07594206 0.8728139 0.3133174 0.6082859
0.189427 0.1815941 0.5111674 0.9987202 0.7590694
0.8496836 0.9002658 0.3702169 0.05767003 0.1591101
0.05895344 0.6270953 0.9032417 0.976978 0.4403145
0.7220432 0.7848312 0.9120749 0.764055 0.5097967
0.3457268 0.5570366 0.1007721 0.2296223 0.6128897
0.2111213 0.725229 0.6043333 0.6962003 0.7222335
0.1134541 0.8372732 0.2278083 0.4176565 0.04453342
0.1425991 0.5458102 0.1641889 0.18716 0.439471
0.1720682 0.9234695 0.3949511 0.3832868 0.7722575
0.5616115 0.948658 0.03810687 0.1996071 0.6602603
0.7345439 0.1123183 0.7931721 0.3386488 0.1314485
0.293523 0.3440441 0.6156211 0.4607958 0.4194685
0.9271598 0.146359 0.4043922 0.6848619 0.9852638
0.03747348 0.6532562 0.08656796 0.3006534 0.1010888
0.8656415 0.9193572 0.4679952 0.5223177 0.9056444
0.2097194 0.4219793 0.8454008 0.994304 0.2307913
0.3808896 0.695362 0.6220099 0.1559325 0.9770616
0.8474766 0.03472689 0.3295133 0.9462895 0.122258
0.9518095 0.726975 0.3394088 0.6330779 0.1803501
0.1939234 0.4154378 0.8428715 0.0467418 0.7755336
0.1233953 0.4765686 0.6068572 0.9447481 0.1665687
0.6070327 0.07770794 0.6871987 0.5096476 0.7819308
0.3512159 0.2709895 0.5753117 0.7182226 0.5969323
0.1392436 0.1998806 0.9485221 0.2440817 0.6894349
0.9959986 0.3319313 0.8388108 0.1235304 0.2665278
0.1188163 0.889889 0.7715886 0.7860978 0.1602437
0.3404425 0.7084874 0.9488841 0.5105716 0.325193
0.5661765 0.9143408 0.4314824 0.8789282 0.01543572
0.7985048 0.3878552 0.7612803 0.4372212 0.9256106
0.5354682 0.4049544 0.3590896 0.8735778 0.105771
0.6033869 0.07873819 0.5227894 0.5892948 0.6869756
0.3173896 0.3751633 0.3362716 0.343463 0.9185631
0.756117 0.1865567 0.7738489 0.6598593 0.5767856
0.8689217 0.6531052 0.1674659 0.2027711 0.2343184
0.4231681 0.6845338 0.9282725 0.2058203 0.004189363
0.007413994 0.6124067 0.8686854 0.161189 0.4190664
0.2550973 0.9896722 0.5916075 0.431242 0.5435858
0.3435059 0.8333175 0.8748459 0.9094115 0.4894633
