0.7855156 0.2425903 0.1434497 0.8644102 0.8267902
0.8766337 0.349443 0.5542339 0.8271605 0.6722004
0.2192552 0.6850838 0.4927621 0.7504275 0.3268228
0.09350432 0.8206434 0.9359806 0.7196081 0.008573041
0.3268441 0.8036346 0.6290453 0.7434646 0.3230812
0.5970973 0.5072525 0.730576 0.5466664 0.4194765
0.9301803 0.9322119 0.0697724 0.3089569 0.1109225
0.4904812 0.08621351 0.2721201 0.9360292 0.01017269
0.1805664 0.8057567 0.5398778 0.5187265 0.1686516
0.4170924 0.8378191 0.9352147 0.5735312 0.821999
0.3275574 0.2261574 0.3932499 0.6285768 0.6620954
0.6092812 0.6787056 0.1959797 0.7175313 0.3891105
0.7263473 0.305044 0.0640366 0.7005696 0.1966587
0.8278178 0.2464372 0.3676055 0.4565121 0.02290968
0.4744888 0.7300509 0.8652753 0.3764222 0.5478606
0.2677299 0.2464471 0.1562589 0.2790007 0.5913272
0.9279909 0.1409086 0.07520356 0.03650138 0.05146166
0.1123032 0.2154328 0.9459773 0.5458156 0.5856011
0.03867858 0.4687469 0.5686545 0.9577304 0.5568803
0.7665855 0.9741256 0.2281014 0.6836283 0.9269158
0.7527348 0.9749031 0.7585126 0.325596 0.4478318
0.4016398 0.2596462 0.1738237 0.1155607 0.5024131
0.6997773 0.9897945 0.4593765 0.004111028 0.8114612
0.9441803 0.5324357 0.4098605 0.9484087 0.7719113
0.724201 0.7249089 0.4398246 0.5940211 0.7105459
0.1139745 0.8105317 0.4813442 0.7551507 0.1241012
0.9050308 0.2673132 0.5556354 0.66009 0.4218332
0.273442 0.2326019 0.6626103 0.8544579 0.6908956
0.6880329 0.692849 0.6943131 0.6869868 0.6287156
0.6607954 0.7766347 0.3580675 0.3677133 0.9007077
0.4515508 0.4608729 0.9100001 0.2492512 0.73012
0.5989948 0.02490245 0.7621778 0.09367516 0.154981
0.07201539 0.5790509 0.8374833 0.7562852 0.4541651
0.6854207 0.7031615 0.2174908 0.3406833 0.4239558
0.6016771 0.1516492 0.01262809 0.5469948 0.427845
0.7741248 0.1523356 0.5468456 0.603659 0.4100977
0.3255839 0.7369444 0.1127635 0.8043114 0.04112737
0.9447275 0.4265074 0.08020529 0.7564201 0.2176228
0.03456182 0.04811868 0.5017346 0.003039077 0.9436271
0.8643572 0.3641539 0.4555332 0.2172249 0.6174924
0.1362551 0.03685041 0.9191892 0.06497301 0.4052254
0.8892459 0.7850506 0.8732929 0.5296493 0.3109386
0.2454646 0.1471954 0.09182987 0.7600014 0.2646057
0.2800854 0.1771869 0.5962804 0.6072804 0.851395
0.7903837 0.1762718 0.264204 0.2873301 0.7450993
0.866944 0.5080369 0.438823 0.06017246 0.9866586
0.2499541 0.7909779 0.04857509 0.413624 0.935112
0.8808419 0.8060448 0.1197767 0.5875842 0.4878028
0.1984996 0.08195018 0.1103854 0.6865658 0.1089986
0.3197669 0.2685444 0.6910022 0.5606343 0.6497004
0.1402956 0.1187759 0.1311807 0.08094788 0.1094531
0.1023617 0.845153 0.5900052 0.945274 0.2512873
0.494259 0.6781509 0.6123908 0.1491092 0.06813908
0.6992566 0.5679942 0.3168904 0.9809431 0.5560694
0.3080252 0.3133859 0.002680071 0.1279018 0.8878541
0.325008 0.8543795 0.4960653 0.02144442 0.3139416
0.4891076 0.6178949 0.5250128 0.3736009 0.6571673
0.5159805 0.6378506 0.4383909 0.7826357 0.3588977
0.8828814 0.8688887 0.2824327 0.002955765 0.6204243
0.3683462 0.02962549 0.9351787 0.01357191 0.709015
0.08884696 0.9893056 0.7819094 0.9083359 0.2141169
0.1747704 0.1861401 0.5935974 0.4173989 0.6985894
0.4964704 0.3846073 0.9674126 0.2444155 0.7542836
0.8487211 0.8113306 0.5151861 0.05636271 0.7714779
0.2479229 0.2929407 0.7165911 0.5968078 0.3298596
0.7772559 0.3147686 0.4200163 0.0774441 0.2909443
0.7683261 0.7952697 0.5556277 0.1112789 0.3875686
0.5370542 0.1708016 0.5050896 0.5770697 0.5498732
0.4625003 0.3561887 0.6489095 0.3623358 0.5007892
0.3611717 0.9086255 0.2277108 0.6851924 0.7942998
0.6556434 0.5798776 0.6174091 0.5790637 0.9648066
0.3840407 0.10722 0.3378609 0.7937229 0.6234465
0.6482253 0.06683873 0.5021421 0.3691201 0.948133
0.7346405 0.7691383 0.1053008 0.4315912 0.1360499
0.937593 0.3289789 0.0147423 0.6831474 0.2741619
0.05880459 0.9005174 0.3684331 0.7938333 0.7084911
0.3619313 0.8222698 0.08103456 0.2422776 0.2115187
0.718235 0.09193908 0.3896071 0.3842269 0.2474467
0.4039914 0.4547181 0.7547994 0.3184612 0.5344505
0.7924158 0.6588998 0.571058 0.9714604 0.3104704
0.1404085 0.9290067 0.5001622 0.690787 0.9318606
0.7419798 0.1507365 0.6084554 0.04629059 0.05798979
0.5073163 0.1078945 0.5654201 0.05220253 0.5456446
0.4988874 0.003856517 0.9420717 0.6907425 0.6292382
0.6198749 0.2890931 0.8314076 0.87751 0.5104021
0.8927298 0.3499197 0.1040615 0.5384096 0.1438689
0.814737 0.8039765 0.5654711 0.04246019 0.9392148
0.04365457 0.4292635 0.769219 0.4435355 0.3471277
1 0.3911404 0.2810363 0.2374661 0.8812615
0.04132692 0.9064019 0.861218 0.5397354 0.4764565
0.4954114 0.4721212 0.5665774 0.5114437 0.6643938
0.3801395 0.3470455 0.2911786 0.903481 0.4023574
0.8203883 0.8740628 0.3139467 0.4833654 0.6494231
0.8130796 0.554087 0.7391817 0.621029 0.9082265
0.4226764 0.6072393 0.2480419 0.9692321 0.02161447
0.4359135 0.689359 0.422101 0.06694448 0.3145478
0.5661905 0.2084652 0.2403057 0.2642598 0.8889389
0.8346859 0.2891058 0.2859128 0.1477416 0.03382864
0.2071821 0.06691149 0.1411743 0.2307544 0.820629
0.1559512 0.4678262 0.7140683 0.8616892 0.892613
0.3395915 0.2152582 0.9391304 0.5981655 0.7562731
0.9324076 0.8421829 0.9231484 0.05992745 0.6553077
0.7555051 0.4107038 0.5971998 0.6985254 0.9773621
0.3983465 0.07583738 0.5597292 0.3983607 0.1128096
0.4067982 0.920816 0.8800033 0.6310841 0.7730743
0.7145088 0.7991949 0.4959056 0.9093814 0.01003542
0.3564052 0.01071389 0.5731769 0.3108775 0.5739149
0.1329481 0.9077885 0.7055477 0.4743748 0.04744494
0.4702134 0.6055443 0.4228652 0.3353318 0.6215913
0.4832541 0.7827629 0.3188773 0.841951 0.9763094
0.3502653 0.7857459 0.2675293 0.0554194 0.01022294
0.8917297 0.1211747 0.9508031 0.765076 0.4813562
0.8288947 0.05831107 0.7169848 0.3785292 0.07425893
0.495272 0.3015505 0.7616907 0.1380051 0.26818
0.4211048 0.6118718 0.1870998 0.6752206 0.6321772
0.3372168 0.6897152 0.003437878 0.5330345 0.6222385
0.8293443 0.05771001 0.5977862 0.3363491 0.4695416
0.02320302 0.9290756 0.6360848 0.629067 0.2294228
0.3396702 0.5454937 0.8688918 0.1405219 0.3704733
0.8352725 0.7186351 0.8050851 0.03421972 0.4355093
0.6128256 0.06813429 0.4711753 0.3749782 0.01586697
0.286039 0.2717945 0.9263736 0.4848804 0.6491613
0.05527917 0.9651885 0.7139349 0.6323913 0.9040894
0.5329391 0.4980392 0.8754106 0.3220767 0.05139714
0.2929677 0.365075 0.0199003 0.8953265 0.3780746
0.411757 0.6017686 0.3147332 0.2798164 0.9573561
0.648123 0.8729291 0.9666996 0.9798572 0.2338279
0.141905 0.5224685 0.01249416 0.8628802 0.9973089
0.1462451 0.08480815 0.07298033 0.4267262 0.5136592
0.5357149 0.05853703 0.5611617 0.6726518 0.005692356
0.5654871 0.3833522 0.4376725 0.2967788 0.6802563
0.1891395 0.2199701 0.764896 0.6018113 0.30513
0.1313391 0.4549454 0.1762877 0.2776082 0.8454152
0.9748543 0.1319122 0.07059973 0.6662535 0.08246205
0.5809044 0.8490248 0.9741643 0.8541284 0.687615
0.1228626 0.06292994 0.1048426 0.04811237 0.6156871
0.4381483 0.1683686 0.2363733 0.8458724 0.5111398
0.2667126 0.9246384 0.7412399 0.457846 0.3829561
0.2201313 0.4830612 0.7941439 0.7007196 0.006036915
0.4250096 0.6196973 0.03691562 0.8460248 0.1731141
0.9694647 0.7145202 0.9028869 0.8960341 0.6930521
0.7786137 0.05327305 0.3426503 0.1458586 0.02050952
0.4157751 0.4840658 0.361908 0.2584088 0.5883979
0.1196348 0.3276563 0.7606358 0.2620982 0.476237
0.5934083 0.754233 0.2474745 0.4000112 0.7399987
0.6447471 0.6933529 0.2431874 0.1543699 0.9173296
0.871761 0.542333 0.2100634 0.1608228 0.931486
0.1578877 0.2398665 0.4144623 0.622236 0.3340904
0.3904428 0.2626352 0.02927754 0.09884325 0.1405631
0.828663 0.5307326 0.6125952 0.6972143 0.2258325
0.3346609 0.8862521 0.284624 0.05722493 0.4022323
0.6819673 0.8137948 0.3161585 0.05360158 0.3803131
0.1955675 0.2962537 0.8059428 0.3400634 0.3550481
0.8727049 0.479239 0.1600464 0.220351 0.4195806
0.05493798 0.3448888 0.4303072 0.7512098 0.3370021
0.9185641 0.818714 0.8928271 0.3000032 0.3313813
0.9771667 0.132046 0.2314827 0.4983644 0.9575515
0.8967189 0.1711429 0.2346775 0.2183103 0.326603
0.4455683 0.6625657 0.4580772 0.00412023 0.1396226
0.0789336 0.6243609 0.6218559 0.1614856 0.2353616
0.3287555 0.8771802 0.8754879 0.06444055 0.8915637
0.2715849 0.6594475 0.3560193 0.1041662 0.3136939
0.8120953 0.973121 0.6491671 0.7273351 0.6071876
0.1128903 0.6858001 0.5051396 0.9402768 0.3197908
0.71832 0.7335656 0.1608012 0.3191285 0.4467289
0.3733869 0.9275697 0.03417482 0.3482691 0.7306531
0.91211 0.8619793 0.541049 0.01780971 0.9463166
0.2273655 0.4639454 0.6635408 0.3878446 0.4363174
0.7798479 0.6852004 0.9787572 0.4730192 0.6876182
0.6990112 0.275141 0.2805073 0.5850714 0.5181212
0.05324615 0.1116777 0.5504926 0.2184426 0.6415428
0.3679436 0.2510896 0.5281551 0.1379703 0.8259464
0.3983176 0.1423604 0.110333 0.9627111 0.3920114
0.9425255 0.8949464 0.1022521 0.07352529 0.1040929
0.4290081 0.5668016 0.4668276 0.9608745 0.404411
0.6434509 0.9100772 0.9183087 0.02401353 0.9627167
0.5333713 0.9058682 0.6653232 0.4607424 0.6884166
0.9914783 0.0001275045 0.6332769 0.7711335 0.9206811
0.2823169 0.4594102 0.5127501 0.4486094 0.8687588
0.276843 0.8159815 0.7268276 0.9602644 0.8584444
0.8820779 0.5904084 0.8668521 0.5884167 0.6039816
0.9971329 0.8903626 0.990956 0.3666332 0.007120803
0.2372772 0.928895 0.1163332 0.1463992 0.2316036
0.9902278 0.03312581 0.6162699 0.6214891 0.2290909
0.5907897 0.4790117 0.2198073 0.2282282 0.4519233
0.9513801 0.6584907 0.1967263 0.2169693 0.8092119
0.9684623 0.3854211 0.7405805 0.3602926 0.09626195
0.2386193 0.7854666 0.1358743 0.8325484 0.4532884
0.639419 0.5849811 0.363485 0.5241745 0.9743157
0.3008279 0.9627027 0.1547131 0.5192898 0.1598583
0.3634151 0.9912965 0.2730797 0.6494098 0.4642415
0.4686898 0.6868035 0.6257135 0.855618 0.2651172
0.5377639 0.07911065 0.4932324 0.7088979 0.5825302
0.4426706 0.919144 0.8909639 0.8801445 0.2301712
0.8082628 0.7832022 0.8641933 0.2524977 0.3806352
0.7782946 0.8460716 0.3639762 0.4839114 0.1048887
0.01332238 0.6964741 0.9447513 0.2259744 0.9793997
0.8432452 0.2623678 0.4293478 0.7956504 0.01929315
0.9218912 0.2084717 0.6392985 0.05466523 0.9614902
0.6729855 0.9725137 0.3992068 0.9687036 0.5290392
0.8036373 0.6477679 0.2960241 0.5210916 0.2151645
0.2379282 0.7082469 0.5132258 0.6563704 0.1757404
0.1200711 0.09336127 0.1126448 0.7137388 0.2429198
0.5789046 0.8368279 0.3776979 0.587474 0.07277421
0.6022786 0.4818227 0.1891476 0.9463844 0.08454176
0.3835979 0.5544119 0.6576323 0.5640913 0.103787
0.167105 0.06524136 0.2713881 0.01100286 0.1024923
0.283852 0.1987723 0.3878955 0.8105183 0.5743667
0.4548758 0.4149915 0.1597505 0.2617621 0.559959
0.3410071 0.4646079 0.4652332 0.1318693 0.6949471
0.8451753 0.9785609 0.2960866 0.3565898 0.4456726
0.9751383 0.2755852 0.2501763 0.5777816 0.1867471
0.7729476 0.4677847 0.04847407 0.2725594 0.728899
0.613659 0.2965091 0.5832222 0.4307218 0.7602431
0.6973485 0.7332144 0.5140971 0.06289113 0.002221151
0.3503284 0.8338143 0.3607759 0.9675174 0.4146876
0.6241831 0.1929675 0.08697817 0.6997257 0.9209107
0.2976718 0.9166356 0.3024291 0.9613335 0.624598
0.5347753 0.2491933 0.9262834 0.1734329 0.691167
0.9945539 0.8988999 0.2933682 0.04740208 0.336254
0.8427752 0.4042284 0.6838532 0.6928794 0.8924016
0.07837687 0.6604124 0.1491451 0 0.9840072
0.8428778 0.8948118 0.2326433 0.9887883 0.88157
0.8749938 0.09002925 0.05391706 0.05680803 0.8409075
0.7878244 0.4191199 0.7788973 0.03744083 0.06487995
0.1811232 0.5889657 0.1676921 0.2217374 0.3013713
0.2876177 0.731277 0.08689373 0.5053449 0.6860117
0.648912 0.6965838 0.598773 0.5561951 0.7704736
0.8953442 0.5502969 0.1675656 0.9184859 0.4656367
0.7946654 0.8574542 0.008087686 0.1940972 0.9111627
0.6598904 0.1656672 0.1050648 0.03515215 0.2257239
0.9813499 0.5283395 0.5179914 0.2462773 0.2651505
0.3919415 0.9177103 0.6522855 0.6352548 0.002812672
0.1482764 0.8382767 0.8733863 0.8824137 0.1468802
0.1773902 0.03585868 0.02668351 0.1294691 0.06678992
0.9417059 0.7959525 0.4054296 0.6974301 0.7299556
0.1070914 0.581613 0.860323 0.4736844 0.8509898
0.6413622 0.3433948 0.9260373 0.613198 0.02620268
0.5271347 0.02926315 0.5417633 0.0862315 0.9651099
0.8003663 0.1490241 0.8966266 0.1395938 0.2994876
0.07445233 0.9834408 0.4047221 0.9318727 0.4502901
0.1729736 0.2507429 0.1208693 0.2226319 0.2829908
0.8990709 0.7436096 0.8470709 0.654062 0.08175266
0.7365031 0.06146136 0.7354123 0.7362974 0.8815829
0.3624995 0.8705088 0.1976039 0.7033093 0.438078
0.1424094 0.3662643 0.9969271 0.2002356 0.5654423
0.2891058 0.6187819 0.5766807 0.7779147 0.7642514
0.8106003 0.4401834 0.570961 0.1816574 0.9529945
0.4400079 0.3005818 0.2964552 0.7803529 0.4759135
0.1984065 0.8197313 0.8365626 0.204662 0.6075473
