0.3935027 0.4783678 0.2388681 0.4055299 0.1240209
0.9943583 0.181573 0.196131 0.3924157 0.7773488
0.2756726 0.6797586 0.4328326 0.9341906 0.8991942
0.2902616 0.7921724 0.4279913 0.6035353 0.7914111
0.2525134 0.8363639 0.2631824 0.5669034 0.0985772
0.6983172 0.6593043 0.8883989 0.6067202 0.1060863
0.2612545 0.4928622 0.2959674 0.8832717 0.05458372
0.3290052 0.581628 0.3748957 0.02848251 0.7731586
0.7648028 0.961061 0.601131 0.1753352 0.5637549
0.3158641 0.8231377 0.9214405 0.5136601 0.6785293
0.253472 0.1612048 0.7447421 0.974593 0.1486383
0.8581616 0.1840489 0.9013059 0.01998833 0.07857084
0.3820538 0.4683132 0.1713193 0.3885648 0.6550564
0.7373422 0.7795859 0.3648404 0.6302117 0.7239652
0.9214595 0.2921301 0.05367492 0.4912345 0.9070837
0.1617448 0.2948167 0.008663221 0.6936726 0.466847
0.4753454 0.6153136 0.8340822 0.5147771 0.9169489
0.2804983 0.08346569 0.4576976 0.1655274 0.1897661
0.7181442 0.261078 0.1911225 0.2904885 0.6646547
0.9372254 0.7019835 0.5618209 0.4112961 0.9378924
0.9299799 0.270669 0.1755958 0.2311548 0.7463144
0.4550699 0.0153429 0.7478634 0.9647119 0.745596
0.07279462 0.5573682 0.8076279 0.3046464 0.9038158
0.006105673 0.9266719 0.8147172 0.8471743 0.735682
0.4866306 0.8549976 0.3197824 0.1011262 0.1730122
0.3948526 0.9970986 0.6242341 0.6806639 0.1476839
0.4289996 0.0574461 0.2289155 0.1959825 0.09695134
0.8203056 0.4615703 0.1499879 0.08925272 0.3558496
0.7258101 0.530475 0.7730403 0.1061739 0.07338818
0.883728 0.4950939 0.1421415 0.115829 0.8495762
0.5923864 0.338152 0.5284966 0.8914405 0.3840133
0.05276933 0.0640039 0.2306119 0.6004234 0.2552154
0.3840666 0.8857058 0.2552543 0.1033327 0.7249677
0.1388073 0.2393356 0.720683 0.02235823 0.9083012
0.8803706 0.1371976 0.4654885 0.7267009 0.9516595
0.0359828 0.3552749 0.4628458 0.8774595 0.9654489
0.4828634 0.2784196 0.5474123 0.5587084 0.8541633
0.6475456 0.6745108 0.847658 0.5190289 0.1475925
0.2811066 0.1313034 0.880276 0.9685269 0.6977044
0.4790047 0.3017175 0.4529123 0.8356125 0.05744045
0.4941404 0.9180462 0.9619939 0.8928289 0.3154301
0.6631111 0.9787955 0.004760845 0.4824818 0.484902
0.4495141 0.5538364 0.2903243 0.4101504 0.5795489
0.8221266 0.3382547 0.1492135 0.8507613 0.6752192
0.4442344 0.9306552 0.2636075 0.1690427 0.467569
0.7291533 0.2113883 0.2868326 0.900908 0.1766926
0.0723986 0.5238237 0.6860331 0.15842 0.1676884
0.2956683 0.6143104 0.909953 0.4647259 0.1687619
0.6825542 0.06017242 0.5312617 0.8177485 0.2386021
0.5464532 0.7701704 0.1243964 0.887721 0.2134415
0.6586626 0.253336 0.3149427 0.6520407 0.742528
0.4975808 0.9903349 0.5364999 0.34431 0.1721376
0.375107 0.6233662 0.7994782 0.3559 0.09196179
0.4360498 0.1976854 0.3972623 0.5393611 0.4236982
0.5905004 0.2363278 0.8876711 0.4032528 0.9165834
0.6004696 0.1249322 0.0343263 0.7750343 0.07690489
0.8948863 0.8452985 0.2742322 0.9226329 0.3946098
0.3600792 0.8798265 0.5410211 0.1835042 0.8650379
0.1147161 0.008477097 0.6951022 0.1152878 0.6169378
0.02817669 0.1338722 0.2798808 0.403073 0.4606309
0.3775512 0.6607936 0.6001437 0.9756491 0.2179983
0.7550607 0.1440442 0.498395 0.3543008 0.02286956
0.508908 0.4858499 0.2443268 0.03668329 0.02016872
0.762395 0.436137 0.7610704 0.9480832 0.6124289
0.3624396 0.1911141 0.2111009 0.4610248 0.1290134
0.1473588 0.9507922 0.1531552 0.3569641 0.9382463
0.5946483 0.7718129 0.5482057 0.4542004 0.348059
0.3687011 0.5710845 0.5676638 0.1777909 0.5914214
0.3706347 0.8736131 0.08948531 0.02227295 0.907175
0.07814751 0.5108531 0.6434813 0.3202651 0.1339185
0.5225539 0.9043143 0.8004875 0.4666285 0.225307
0.0352928 0.7404558 0.3283239 0.9283083 0.2781609
0.5024272 0.8691563 0.1550063 0.4332363 0.9521407
0.07216619 0.05603311 0.1873189 0.5516795 0.8781839
0.4139638 0.7320734 0.2756235 0.04405386 0.7441336
0.3824143 0.1182669 0.2667755 0.6997334 0.1014088
0.9564887 0.4496137 0.835265 0.01284623 0.431242
0.3308036 0.09309247 0.199223 0.9207745 0.0657435
0.860303 0.2005251 0.5453498 0.4357142 0.5047837
0.1694094 0.6941191 0.6290462 0.510722 0.3229311
0.7065542 0.1069301 0.8827223 0.1360781 0.2397966
0.4399413 0.2356325 0.02958102 0.6818779 0.9093879
0.6736781 0.1802297 0.3550962 0.759942 0.001765328
0.4396849 0.5745221 0.4602009 0.7810174 0.314231
0.6293018 0.1205401 0.5067696 0.5449743 0.5949073
0.8757677 0.8680196 0 0.2364241 0.04930144
0.4263542 0.7558089 0.4045783 0.1559073 0.3299367
0.4956524 0.6382107 0.2194124 0.4957743 0.2826299
0.8336878 0.9655876 0.2246617 0.0315001 0.8143529
0.5479667 0.6485369 0.6358146 0.5323056 0.2093568
0.7698218 0.3130889 0.3401313 0.8698755 0.2502424
0.06327759 0.3405587 0.4962237 0.7602749 0.00292642
0.9284214 0.3368256 0.3110852 0.05354494 0.1018861
0.9760722 0.1433439 0.4663986 0.4348568 0.2532685
0.9532047 0.06183567 0.9446611 0.7828436 0.2863641
0.1514823 0.7305709 0.07446575 0.8456059 0.3848915
0.4936115 0.805121 0.9713193 0.6415418 0.5446577
0.13108 0.4110932 0.4960299 0.9597475 0.5131066
0.9896393 0.2368891 0.08168628 0.8196048 0.5420326
0.9065649 0.5446378 0.1291124 0.6120449 0.207355
0.04701076 0.9352744 0.2796496 0.5170875 0.2395186
0.1405208 0.9519349 0.4739632 0.9966674 0.1917397
0.8305186 0.3961396 0.5141663 0.5895363 0.3608698
0.66233 0.4828165 0.6713195 0.7143386 0.3850988
0.03181518 0.5788968 0.4345719 0.3049591 0.358507
0.3618648 0.767173 0.3271433 0.7614469 0.1911498
0.4872679 0.021181 0.537921 0.4942751 0.7770153
0.5237903 0.3561346 0.9820405 0.3515279 0.8794232
0.706572 0.6067429 0.8533125 1 0.2871051
0.5803772 0.1517382 0.8111641 0.814118 0.7326518
0.8705643 0.710564 0.7962505 0.4418131 0.4752369
0.7369186 0.3870682 0.01795547 0.1721099 0.6488446
0.8288328 0.8793648 0.3966675 0.1403303 0.6145111
0.8980374 0.211901 0.6738619 0.8603542 0.9278816
0.08138429 0.4997571 0.3693689 0.8557346 0.06393637
0.8132631 0.5956358 0.9780544 0.7860991 0.6157891
0.5389314 0.7951477 0.2582797 0.7592539 0.5585441
0.4281674 0.9220719 0.1364719 0.1587884 0.7582806
0.7886647 0.01975131 0.9400471 0.2819221 0.5145017
0.2117758 0.3810097 0.08487542 0.8977839 0.5319223
0.2248046 0.9161147 0.2149887 0.1944306 0.8862291
0.7728987 0.02970006 0.240233 0.2341204 0.970718
0.25616 0.3997878 0.830766 0.4783772 0.9775271
0.5021029 0.529711 0.2654513 0.06645351 0.8616832
0.5051302 0.9261738 0.1426476 0.7431841 0.9574297
0.9216963 0.6277004 0.8122627 0.09302275 0.2300582
0.01194333 0.6830201 0.05055941 0.5824801 0.08608143
0.8581925 0.9401761 0.3560798 0.7617202 0.789583
0.8448514 0.5170044 0.4109943 0.09186715 0.1264674
0.1058397 0.9613177 0.2366273 0.5407975 0.7743873
0.6285628 0.3418854 0.8658477 0.2697416 0.4911652
0.5345698 0.4859091 0.04187715 0.9507295 0.03578968
0.8484952 0.460512 0.2071521 0.1919018 0.5551754
0.5785453 0.04678494 0.2273812 0.7577984 0.7818647
0.080012 0.7879241 0.8353743 0.6242198 0.2995967
0.2741357 0.8264689 0.2891371 0.1901188 0.3515664
0.4470594 0.9708386 0.3885144 0.9901088 0.4928775
0.01018715 0.6114313 0.5198109 0.2647752 0.3477319
0.3198452 0.4088045 0.4648564 0.9094615 0.1357199
0.3132129 0.1393347 0.3928662 0.441393 0.3618091
0.3753806 0.875695 0.1438148 0.7352686 0.517281
0.6326568 0.5361339 0.05740028 0.6516269 0.6467187
0.3377718 0.7295828 0.7529863 0.4319376 0.3393457
0.5160592 0.2168765 0.5009757 0.1093248 0.6287859
0.9544522 0.659824 0.2768113 0.9731413 0.734846
0.1292286 0.9669983 0.1214065 0.4815637 0.7036891
0.9688691 0.7919588 0.928136 0.4285778 0.8834283
0.2668418 0.6623272 0.6822079 0.1975275 0.8725403
0.1020675 0.4181804 0.6824033 0.3158722 0.6941563
0.1078781 0.7133553 0.4036982 0.8426616 0.7710063
0.227933 0.8693876 0.04781098 0.6267066 0.1345261
0.355269 0.2464499 0.7540895 0.7338761 0.7696733
0.4730695 0.6862097 0.2606494 0.7822602 0.3752571
0.5691215 0.5899321 0.2333385 0.5681726 0.3049311
0.9490848 0.6562192 0.5026711 0.4344268 0.6408762
0.1297252 0.1634016 0.15346 0.8953911 0.6892889
0.4786972 0.3036935 0.5436727 0.8110412 0.9726454
0.07831697 0.9961918 0.4108474 0.7664598 0.4568411
0.6536665 0.1442929 0.1803025 0.0779895 0.3797231
0.5418336 0.4044234 0.3211219 0.8928453 0.1926365
0.1840072 0.258156 0.5796857 0.2572329 0.2083193
0.04365096 0.3460012 0.4462034 0.6526447 0.3805675
0.214173 0.5474816 0.9058472 0.6764505 0.8179149
0.3497235 0.8742711 0.8519683 0.2343049 0.5545599
0.2865741 0.8835229 0.8838934 0.4345572 0.6173011
0.5882782 0.4708864 0.8441689 0.06304764 0.6468569
0.01614285 0.02965833 0.8234562 0.5060514 0.2559216
0.8335529 0.8723921 0.7328163 0.4640193 0.3111568
0.6862914 0.007885554 0.9739678 0.5084928 0.1742112
0.785672 0.4597497 0.2727927 0.2354118 0.8379634
0.7408147 0.1450821 0.5351534 0.154538 0.3856618
0.4644754 0.938767 0.4647222 0.8694237 0.150673
0.6124444 0.3463575 0.2148556 0.169504 0.07473363
0.8776851 0.4810696 0.5662976 0.04911732 0.6885433
0.5645986 0.4308234 0.3628314 0.3498404 0.1518293
0.08600962 0.3980276 0.641836 0.5886736 0.003016325
0.1410433 0.5348929 0.4176234 0.9726781 0.861295
0.3720068 0.3216956 0.4151862 0.1470963 0.9534429
0.5335841 0.6481387 0.5070938 0.8614038 0.432611
0.6701661 0.03750598 0.8480858 0.8571997 0.9640395
0.320742 0.8311037 0.5464284 0.4901217 0.0004431739
0.2248229 0.4178862 0.3670439 0.9629794 0.07959119
0.2068638 0.2498794 0.2499839 0.8331885 0.6378428
0.8320804 0.068606 0.5517586 0.6654912 0.8042344
0.04025483 0.431336 0.5717209 0.1873655 0.450405
0.2246516 0.3116148 0.3804649 0.4410932 0.9074436
0.5628033 0.8078127 0.1409314 0.3645407 0.4536767
0.6763431 0.5555632 0.8930403 0.9039867 0.3021067
0.9787863 0.168756 0.1406318 0.2160856 0.2432792
0.1849337 0.7510472 0.5701424 0.2098126 0.3404333
0.6352599 0.1706148 0.3393585 0.585065 0.1922411
0.7933815 0.8363427 0.9926151 0.3880688 0.5414412
0.9087343 0.2800608 0.9326353 0.2477575 0.004960712
0.6294925 0.2362518 0.2885858 0.973649 0.65793
0.7068856 0.4232446 0.9319747 0.260246 0.1638161
0.6197537 0.004947683 0.1895459 0.4369688 0.4256251
0.1857538 0.7335122 0.9493595 0.8023848 0.9092117
0.3715604 0.0620854 0.6960449 0.474246 0.1018523
0.7243931 0.9286636 0.1234651 0.6772579 0.8552004
0.9556367 0.04286466 0.9559409 0.1273271 0.9218077
0.3901902 0.442951 0.646484 0.4335574 0.04988624
0.9835634 0.8881122 0.8447813 0.4872187 0.4961957
0.408685 0.7362111 0.2755017 0.08947771 0.4467298
0.3403277 0.6281113 0.7191491 0.005626478 0.6168848
0.19044 0.9137504 0.4024604 0.8842463 0.630104
0.7142916 0.597478 0.5439641 0.542347 0.6835714
0.8512223 0.2626188 0.1856884 0.203911 0.8407207
0.357892 0.6144262 0.7448302 0.8239258 0.122676
0.6722782 0.6059691 0.732783 0.005273339 0.423335
0.5652229 0.9679913 0.3716548 0.3166298 0.8858967
0.9651091 0.986151 0.5369776 0.09574212 0.110721
0.4810713 0.2793445 0.1373871 0.3157528 0.02131348
0.9408086 0.7657696 0.8298012 0.1484171 0.7046159
0.6190852 0.1811089 0.1383539 0.6459084 0.891173
0.898846 0.8513722 0.105027 0.2761519 0.8731061
0.8285309 0.4858355 0.8510328 0.6031151 0.8196166
0.6645009 0.07490947 0.4350564 0.5629842 0.1317256
0.4359231 0.1883636 0.406171 0.3756271 0.1060103
0.9745495 0.6161457 0.1388214 0.9756692 0.5030208
0.7817089 0.972126 0.2139172 0.6301653 0.8484168
0.2978585 0.7240583 0.9800667 0.1141288 0.8280783
0.08274539 0.1568979 0.9775641 0.677296 0.5894308
0.4483937 0.114295 0.1009268 0.7050217 0.0750272
0.8739187 0.09452017 0.8148629 0.8175246 0.2890077
0.4339293 0.6006928 0.1740903 0.408675 0.9712816
0.7758134 0.1710037 0.8449694 0.1134998 0.3734518
0.962235 0.8245365 0.8719769 0.1331312 0.8224115
0.2932715 0.4826686 0.2546384 0.2554202 0.03894252
0.5485488 0.9881807 0.3786633 0.1982914 0.6447172
0.4521352 0.3976995 0.8008327 0.58521 0.1169915
0.9208617 0.182331 0.6985435 0.4189774 0.7727727
0.5800754 0.4622869 0.1465894 0.557965 0.7477704
0.3849893 0.8367388 0.9154714 0.1569327 0.9117686
0.8983353 0.1212488 0.05163458 0.3179872 0.9063774
0.2775152 0.1618518 0.6515315 0.7079316 0.03957132
0.6687913 0.2529665 0.7053338 0.7286294 0.04629623
0.1535598 0.7542375 0.9094818 0.04719143 0.02095516
0.8630385 0.2136498 0.2961277 0.764832 0.8781343
0.8280086 0.1818141 0.2503856 0.8220594 0.6688866
0.4156958 0.7218145 0.7438348 0.07631731 0.9151514
0.5329931 0.346685 0.4247488 0.04879945 0.4282498
0.1494351 0.5463522 0.7508252 0.9835872 0.2636358
0.6672181 0.9807097 0.2381779 0.4301822 0.257797
0.3075111 0.2113748 0.3852621 0.9410945 0.3164753
0.05512507 0.7684199 0.8588397 0.2867621 0.4489548
0.461644 0.8137097 0.1440467 0.1406449 0.9596166
0.3128456 0.9087737 0.6355086 0.708665 0.324234
0.6908411 0.1572367 0.1949656 0.7646169 0.7197487
0.2361504 0.2437138 0.274946 0.5458453 0.8827281
0.7643368 0.8673693 0.4883029 0.4287715 0.4633797
