0.7724331 0.6118919 0.8183803 0.5573859 0.6873055
0.3656234 0.2222907 0.7452201 0.6597298 0.5598839
0.8564504 0.3928889 0.5569286 0.6801419 0.1049321
0.2982233 0.1222131 0.2048134 0.7349884 0.5161174
0.007977908 0.5245002 0.855014 0.5042405 0.7791037
0.1776761 0.7550568 0.4257939 0.3993308 0.2904495
0.3363946 0.6558089 0.8333958 0.8250565 0.299189
0.2765419 0.427304 0.01395481 0.4939054 0.1311205
0.01757733 0.7353464 0.1786428 0.381875 0.3868906
0.1376554 0.4815476 0.05882309 0.02017691 0.9863381
0.6897892 0.07516455 0.4567718 0.6585579 0.3916217
0.956004 0.4583476 0.4188432 0.2417472 0.2192537
0.4389007 0.1332824 0.9177875 0.1742809 0.1504175
0.7415345 0.9876085 0.01835586 0.4294521 0.9714821
0.5941844 0.6777713 0.4469042 0.8896566 0.914752
0.5351089 0.3870705 0.5532693 0.6754508 0.5046416
0.07609161 0.1708559 0.9492938 0.2803692 0.1212753
0.07767844 0.8723202 0.9379919 0.5846676 0.3177686
0.4884486 0.804519 0.8310173 0.03278914 0.0320892
0.9785932 0.50537 0.7716341 0.6385268 0.2004759
0.9465923 0.9676296 0.951492 0.556037 0.7802258
0.7190141 0.9802812 0.09491448 0.4506756 0.9632478
0.8290375 0.8010963 0.8251277 0.6060789 0.8275716
0.8625634 0.71439 0.903542 0.8266816 0.2291207
0.5006549 0.4486255 0.178788 0.3470259 0.01345952
0.5741094 0.917681 0.4343268 0.7588906 0.5907175
0.3701382 0.05532547 0.883904 1 0.1093972
0.1934475 0.763761 0.07411702 0.7150433 0.3343628
0.1926375 0.8341626 0.5416024 0.8630627 0.6309141
0.153407 0.9987347 0.2624789 0.3149196 0.7005404
0.5417457 0.3638781 0.370611 0.1717452 0.5668043
0.002060355 0.8888923 0.2838628 0.08212299 0.2755886
0.9652379 0.6133882 0.5956045 0.6905667 0.5390538
0.656577 0.8116474 0.98851 0.4372881 0.7576576
0.6740556 0.0678139 0.6590755 0.9679762 0.7693147
0.7745419 0.5318339 0.418133 0.9222812 0.8179533
0.5105931 0.1123735 0.3535464 0.1044503 0.7854697
0.6026136 0.5519183 0.6183131 0.7152182 0.5994455
0.8146523 0.01066971 0.8218345 0.9293153 0.1191124
0.4332015 0.8699898 0.462463 0.08967775 0.6429951
0.1975188 0.10159 0.9610837 0.4094942 0.5969671
0.7268801 0.5085718 0.9907378 0.0701859 0.6830378
0.08010566 0.7082129 0.2767012 0.1905129 0.1148022
0.1997022 0.5043966 0.4159758 0.401586 0.6231293
0.357853 0.9287445 0.8614059 0.8035337 0.5737148
0.7699568 0.4343155 0.4107343 0.2332613 0.6419432
0.1628962 0.6898954 0.2616384 0.890557 0.7862685
0.7585273 0.1479526 0.4705566 0.3548283 0.1456645
0.5528654 0.5990342 0.601471 0.9383995 0.8812297
0.09327608 0.6657305 0.02817787 0.2064093 0.8806352
0.74022 0.1630685 0.5840451 0.7268351 0.2542475
0.2879358 0.1404295 0.6969975 0.4412912 0.3629536
0.7285136 0.3742354 0.002831606 0.3507009 0.5901759
0.03281466 0.9744111 0.2251359 0.1744999 0.6849555
0.7651095 0.4857851 0.6813608 0.222734 0.2854459
0.1616649 0.7103582 0.2544089 0.235171 0.8933861
0.6526713 0.5747771 0.9015725 0.2457336 0.5108136
0.4674251 0.2516364 0.5201765 0.6588364 0.3875219
0.7806145 0.6231232 0.48264 0.3559206 0.9307855
0.9923436 0.2921619 0.1130589 0.5083441 0.5275776
0.7236181 0.954627 0.9406025 0.4955264 0.5607549
0.1635383 0.2308626 0.2826082 0.8227081 0.4490228
0.5331152 0.1353714 0.3438236 0.837109 0.7921381
0.5936147 0.923546 0.6315203 0.9367541 0.8334465
0.7489175 0.1324581 0.2806817 0.2422663 0.6226758
0.7452698 0.9523042 0.7479051 0.7990326 0.4082995
0.3114147 0.757411 0.4608307 0.8285454 0.09254374
0.377093 0.1362016 0.7927059 0.789588 0.376156
0.3891881 0.7603199 0.02874139 0.8408484 0.6863499
0.7558982 0.8141663 0.5396378 0.3649016 0.3162286
0.6287835 0.5993755 0.6277695 0.8461919 0.1767532
0.8712172 0.6617673 0.8889151 0.7657066 0.5351877
0.5910998 0.2888211 0.8413184 0.4500309 0.01513007
0.8648238 0.3178945 0.1014241 0.7885792 0.136098
0.2494789 0.922219 0.1356003 0.9766863 0.3126089
0.8626737 0.2718284 0.4627224 0.4391438 0.08063778
0.5602299 0.2765104 0.7183719 0.4717589 0.424518
0.9821317 0.3313828 0.6023234 0.4741929 0.2720612
0.6204108 0.6463909 0.869651 0.0904854 0.05443076
0.6155761 0.3042932 0.3390222 0.07215704 0.8930524
0.8687907 0.9539433 0.2990261 0.07587417 0.4799162
0.00537079 0.2125352 0.5304551 0.3012295 0.5132159
0.9941799 0.1540727 0.9027682 0.587157 0.05562131
0.3891158 0.3446958 0.7695343 0.2229103 0.7780725
0.05822842 0.7201714 0.2660266 0.3085991 0.01908315
0.06414708 0.5932596 0.6063211 0.2301189 0.9297483
0.5766466 0.1536095 0.1544393 0.2008887 0.7270091
0.3975477 0.1982217 0.6814769 0.5462561 0.1250839
0.2101707 0.4519052 0.3659645 0.4593895 0.9794991
0.1196246 0.3611469 0.05651579 0.41411 0.1239197
0.5984834 0.9930161 0.831078 0.9730417 0.8027212
0.1110989 0.860334 0.5761701 0.9619607 0.6780541
0.3697963 0.2958268 0.9340927 0.5564302 0.5483873
0.9596181 0.6063609 0.2852341 0.6582951 0.07338521
0.6447868 0.7460808 0.7101418 0.577773 0.3580936
0.4987659 0.1647654 0.9338348 0.1906704 0.7324935
0.253263 0.2511212 0.2634967 0.8063178 0.1907201
0.5517155 0.1084596 0.8450542 0.1070745 0.7295858
0.3767708 0.07299214 0.1911363 0.3659833 0.5806577
0.7475844 0.8346069 0.2386551 0.8524639 0.09755783
0.2195088 0.5061874 0.1624901 0.5075154 0.1099041
0.6202041 0.1863677 0.6719875 0.6705294 0.7471318
0.2697508 0.3531457 0.383831 0.1606638 0.7111163
0.1237953 0.256848 0.1199987 0.8918635 0.4014932
0.7171404 0.309858 0.09444526 0.1005751 0.04308582
0.3600421 0.621777 0.3092219 0.2509071 0.6196889
0.843463 0.3489922 0.274342 0.9932491 0.5778701
0.2916815 0.5132776 0.01373313 0.1163983 0.4783747
0.7205248 0.5912553 0.852979 0.9965335 0.4530462
0.3157529 0.08515932 0.241476 0.2694945 0.2568663
0.4571153 0.7259969 0.7685706 0.08724069 0.461958
0.2011464 0.7096002 0.584315 0.5946953 0.06193858
0.5117784 0.03472248 0.8427743 0.1157754 0.5542137
0.9323814 0.1866176 0.9679696 0.6974175 0.02988285
0.2758116 0.3537713 0.461582 0.6313763 0.347494
0.707329 0.2831571 0.506908 0.02054999 0.406152
0.05860699 0.8367634 0.2894022 0.008681728 0.571707
0.4308938 0.2733532 0.3390802 0.2964777 0.8748959
0.9104285 0.3948046 0.4495712 0.294175 0.8342181
0.596967 0.8769487 0.9381439 0.7038895 0.4456184
0.05606324 0.07733598 0.4324122 0.3737931 0.4200096
0.326871 0.8896408 0.225643 0.3431235 0.4191066
0.5044783 0.5081415 0.620941 0.6192546 0.1354686
0.8854697 0.3764648 0.8244536 0.8711858 0.1749368
0.5256077 0.4778428 0.5578541 0.7923594 0.673912
0.9507535 0.3559596 0.5992921 0.1544059 0.9450946
0.6250975 0.2189858 0.5665355 0.1192143 0.180535
0.4037534 0.2410763 0.4850277 0.5583299 0.6129245
0.5223754 0.6360883 0.414925 0.8425763 0.2596924
0.665642 0.1294717 0.08629458 0.1614452 0.9937177
0.4221755 0.7352255 0.9803223 0.817183 0.985278
0.4881951 0.5539153 0.9261624 0.1632156 0.05304628
0.4492021 0.4845523 0.8478969 0.03920096 0.9082588
0.4431603 0.8944696 0.3938222 0.9570391 0.3761432
0.5286552 0.7560182 0.2146431 0.05140492 0.02658379
0.809981 0.6836394 0.9765674 0.6732347 0.2115955
0.1882329 0.9171314 0.7553118 0.4509014 0.4357172
0.2237728 0.8585265 0.5792457 0.2145734 0.06147197
0.2474014 0.07685688 0.2851625 0 0.7923157
0.2691696 0.3426819 0.8766187 0.1833912 0.8933904
0.7827923 0.1058813 0.01224251 0.7037324 0.1238668
0.5605809 0.01039517 0.3997088 0.6509404 0.8956339
0.2071906 0.6827621 0.9435565 0.0008020664 0.3829679
0.2601371 2.621896e-05 0.1307162 0.6748443 0.4857964
0.006115997 0.9628713 0.08993321 0.9950559 0.1030931
0.6547209 0.8820349 0.2828697 0.7850238 0.1778015
0.3337679 0.9811049 0.1434521 0.9968159 0.6777946
0.8845892 0.8031621 0.3400776 0.9318002 0.3024221
0.9921423 0.1171231 0.1628419 0.4807872 0.8329328
0.552343 0.137465 0.5666842 0.7393449 0.8842643
0.2765364 0.9984437 0.1359072 0.6529377 0.6061467
0.1319887 0.04896968 0.1839453 0.03931925 0.2103715
0.1499103 0.7957956 0.4195088 0.3743788 0.7121955
0.9345701 0.6178146 0.07478079 0.07674627 0.9261295
0.3297044 0.3254808 0.1950959 0.9770354 0.7194091
0.05606063 0.8522789 0.9871618 0.2192781 0.6128152
0.668168 0.4764262 0.7380573 0.9572998 0.201712
0.1079885 0.6912194 0.413964 0.403177 0.9419652
0.1224508 0.3099991 0.9739968 0.1326154 0.08025136
0.03324285 0.09740938 0.567064 0.8160194 0.7270695
0.5016043 0.9466965 0.4844951 0.2988318 0.8270934
0.6101417 0.08878241 0.4491527 0.1273718 0.7146085
0.9357467 0.5565111 0.7582529 0.7492766 0.7399842
0.1045142 0.9738069 0.391818 0.8286064 0.6316322
0.5574139 0.4130898 0.4798476 0.172235 0.7243807
0.2651724 0.6383765 0.7858773 0.05656334 0.968856
0.8545184 0.7958061 0.03206186 0.3101447 0.5819708
0.4173951 0.367563 0.8433563 0.8854014 0.3714367
0.2198244 0.18265 0.3972282 0.2012259 0.9768401
0.7191814 0.9173415 0.6554473 0.05746055 0.3606848
0.8858226 0.3648545 0.4901788 0.5044937 0.7428595
0.422829 0.2342932 0.6139928 0.719941 0.5179726
0.4796506 0.2891127 0.9602034 0.04613737 0.899921
0.6657639 0.8706485 0.5914922 0.2986427 0.4114338
0.01534587 0.9995263 0.9515149 0.3926831 0.3485653
0.5859408 0.3394366 0.9271576 0.9516201 0.4443498
0.05286221 0.4321603 0.4604186 0.145716 0.4492613
0.4747216 0.6959399 0.2708391 0.1889367 0.2820863
0.800403 0.7832998 0.2752284 0.3290604 0.5149711
0.5631091 0.7633411 0.2173176 0.4439307 0.02674906
0.7189855 0.3889513 0.8889749 0.3372274 0.7141646
0.9093345 0.06012996 0.1280371 0.4232599 0.05733766
0.3771804 0.08396901 0.1189986 0.9485982 0.7674581
0.2583856 0.527513 0.166435 0.3384163 0.2301115
0.2580647 0.2318024 0.07006623 0.9609514 0.9156473
0.707525 0.1124984 0.7835149 0.6875989 0.5422482
0.2990916 0.9933655 0.9321837 0.6218031 0.9707782
0.1936679 0.7359702 0.4574617 0.8281641 0.8860138
0.0676576 0.2223815 0.331347 0.5383312 0.3173723
0.4910769 0.4988724 0.1780452 0.8809145 0.6700492
0.002917104 0.7594182 0.9082073 0.01464723 0.5511982
0.5130946 0.9279841 0.4473983 0.5397289 0.5423379
0.9364214 0.9901762 0.4579113 0.3068879 0.9657802
0.3827288 0.9387844 0.1370321 0.8944769 0.1704941
0.8195311 0.01913562 0.1795777 0.2675456 0.4567596
0.9924086 0.3601751 0.8825741 0.2437896 0.267607
0.6910865 0.009781081 0.6676604 0.3339217 0.1237268
0.05117426 0.1954983 0.2432932 0.9895892 0.355883
0.6091349 0.01912649 0.9155363 0.8738618 0.9844731
0.437775 0.2307318 0.007054834 0.801275 0.7572429
0.06161036 0.6836931 0.3125716 0.511158 0.6972319
0.9659578 0.7632453 0.9530696 0.5712464 0.3596795
0.366223 0.5923873 0.8773662 0.1329391 0.6669581
0.9622707 0.7038566 0.1655191 0.2667364 0.6620572
0.7534917 0.1109479 0.3734346 0.3463405 0.3223775
0.8586986 0.1750723 0.2608264 0.2802765 0.8498693
0.01845294 0.1325061 0.4817753 0.7263876 0.02728598
0.612967 0.1010335 0.1418752 0.5351571 0.785795
0.6262834 0.4884811 0.3720552 0.294717 0.1586124
0.2762182 0.641936 0.8485653 0.7554974 0.1216448
0.9342553 0.6838152 0.5630588 0.9848819 0.3986249
0.223987 0.5062284 0.2668823 0.4840837 0.2011403
0.1929725 0.8148931 0.4352563 0.9053483 0.05044939
0.3668686 0.5693362 0.7867458 0.4226453 0.925596
0.7034315 0.5053627 0.225751 0.09468483 0.1361787
0.05560418 0.3070429 0.2715657 0.5747987 0.6046931
0.9171732 0.9128296 0.8993159 0.4180164 0.5338765
0.9318254 0.6730502 0.3198351 0.9430278 0.8860693
0.05786857 0.2755822 0.344013 0.2551519 0.9304727
0.2063024 0.5253196 0.7725641 0.3451772 0.2513723
0.3241484 0.5591018 0.6281469 0.4346681 0.3672029
0.2612561 0.2895296 0.3788863 0.2043586 0.143708
0.3578535 0.2313794 0.7481691 0.06165694 0.7581736
0.3104063 0.6385218 0.539191 0.1404484 0.02064632
0.347329 0.6148044 0.2512336 0.158484 0.7207084
0.05686648 0.1540002 0.8012468 0.3893261 0.7838405
0.3444454 0.8249529 0.4389435 0.4277293 0.9939507
0.09594354 0.7631757 0.2394046 0.3154571 0.9681098
0.9767929 0.6338601 0.1278752 0.5460438 0.06224022
0.5864845 0.7138226 0.07490154 0.7494242 0.9414682
0.005913084 0.450088 0.707867 0.8553605 0.03718975
0.9944087 0.9453983 0.4011412 0.3506252 0.1000396
0.777091 0.4112057 0.9788431 0.9856416 0.7002154
0.04785774 0.9857776 0.805822 0.07348053 0.3237789
0.2713531 0.1125358 0.5930386 0.6797227 0.4494958
0.03193461 0.7964253 0.369385 0.9721051 0.3360815
0.7461947 0.8159284 0.6220978 0.5708655 0.6092754
0.6367841 0.352878 0.9396385 0.1715747 0.9175271
0.2290699 0.07110982 0.8530717 0.5133936 0.5230399
0.6866047 0.3110984 0.4041226 0.7670554 0.9466391
0.555735 0.6396404 0.3537283 0.327896 0.6761529
0.1785747 0.9172595 0.6934236 0.6774914 0.3180693
0.8369442 0.6817443 0.07862598 0.4913852 0.7416099
0.1322477 0.887155 0.02393584 0.007313032 0.2721595
0.04184296 0.6180408 0.9469725 0.6777859 0.1892703
0.09555173 0.9195067 0.5906306 0.9310264 0.5319616
0.0980256 0.3586868 0.1961242 0.3233517 0.6291893
0.4210436 0.6970217 0.1564818 0.5914888 0.7205347
0.00194181 0.599895 0.2045406 0.6044261 0.01928414
0.2934172 0.3648344 0.1765077 0.3582916 0.383398
