0.1114477 0.05448403 0.3047035 0.6031454 0.9207579
0.8338846 0.9871914 0.8494845 0.6806833 0.8851815
0.0935934 0.8042538 0.3561111 0.3587654 0.06264669
0.2500684 0.03855626 0.9617816 0.8545054 0.7906835
0.2046537 0.07360519 0.780242 0.05317955 0.474343
0.5015211 0.1873457 0.5741449 0.2606532 0.5374338
0.4584746 0.7218818 0.8405043 0.6395165 0.4782244
0.8612125 0.5288745 0.3669484 0.7989418 0.7229072
0.5111614 0.4037468 0.3262455 0.905943 0.06713975
0.2852385 0.81742 0.4906653 0.03642327 0.4437987
0.1976491 0.2474564 0.7511213 0.8536982 0.1947109
0.3599117 0.2434125 0.3681366 0.5904184 0.955772
0.6245363 0.260627 0.9549775 0.9888921 0.1592503
0.01211043 0.7386896 0.2966807 0.570854 0.2643239
0.5814496 0.03998557 0.4404369 0.7792522 0.8320804
0.5770595 0.731965 0.05940993 0.576015 0.6317764
0.7826159 0.4975538 0.1610343 0.1016464 0.459132
0.4656116 0.1330447 0.6927692 0.7019248 0.4280593
0.2606581 0.8021374 0.5977173 0.5437866 0.7687445
0.9139923 0.0320409 0.008018251 0.5779109 0.784899
0.1205199 0.2647509 0.6786603 0.2855995 0.5925388
0.8510944 0.08753608 0.3143441 0.1800286 0.6903071
0.6084053 0.3974976 0.02097556 0.3993613 0.6138532
0.9627681 0.6665384 0.1314181 0.08862855 0.01511717
0.291318 0.2406864 0.07997974 0.9597363 0.2502395
0.7204529 0.756027 0.9205796 0.5014026 0.8511355
0.6822845 0.3336409 0.3168482 0.5901683 0.6262114
0.8559285 0.9975393 0.3152625 0.02340497 0.1901681
0.8007109 0.3121832 0.5889649 0.107924 0.8628891
0.8111516 0.3863255 0.2818508 0.5208474 0.8016599
0.242748 0.9954686 0.8187825 0.2364648 0.06990838
0.08069986 0.2489366 0.1732397 0.9030031 0.5795599
0.1011041 0.5634786 0.8447547 0.3171525 0.04242022
0.1873603 0.298047 0.516062 0.8286325 0.09229447
0.9686007 0.9168018 0.1281392 0.5206532 0.1614759
0.4468766 0.9038091 0.9054093 0.5250353 0.3715137
0.2568088 0.3823453 0.7595649 0.8865936 0.4808105
0.1093928 0.07340498 0.4958035 0.114744 0.07691974
0.3380103 0.1564239 0.9777331 0.1170907 0.2319806
0.3127183 0.3256658 0.1370365 0.4524112 0.6441161
0.7232417 0.8272183 0.7229687 0.1648635 0.2451559
0.6277312 0.1289779 0.06678773 0.5452724 0.5812852
0.3068734 0.008746603 0.08337171 0.7151295 1
0.05605435 0.5273399 0.604224 0.2038372 0.4514207
0.2000121 0.991237 0.5876358 0.1831598 0.1835231
0.3442485 0.2999961 0.4347114 0.8358317 0.423961
0.5722663 0.2982417 0.02136869 0.7570229 0.2057958
0.7185018 0.005925986 0.5852524 0.01463666 0.7083862
0.1800116 0.1137206 0.3872981 0.6649647 0.6151532
0.5018671 0.5059577 0.4809608 0.6267915 0.8880381
0.1845121 0.7426832 0.6619109 0.934939 0.2449209
0.7171565 0.9548325 0.6209488 0.3795644 0.6281319
0.9849772 0.8796891 0.5236031 0.1415824 0.2406331
0.09508192 0.3547074 0.01744231 0.8848068 0.2179938
0.9777825 0.1994805 0.4930527 0.7458749 0.07906048
0.6981638 0.5337135 0.1056258 0.1564078 0.5340215
0.05002777 0.808778 0.7158407 0.3908662 0.3837911
0.09490025 0.03660851 0.4654656 0.06289213 0.5771474
0.7205044 0.4915741 0.3021844 0.7604463 0.4510861
0.02201889 0.3193492 0.5953779 0.8351283 0.8413836
0.1387506 0.5087197 0.04169766 0.1495382 0.8633618
0.7775757 0.7807308 0.483924 0.1505995 0.8226909
0.3248389 0.9354122 0.4705019 0.2956098 0.5921353
0.2689903 0.3658545 0.4616271 0.2943975 0.1512645
0.3895098 0.3057159 0.4834148 0.1368943 0.4732276
0.7472288 0.8354909 0.119755 0.1005572 0.3559011
0.7121162 0.01749489 0.950277 0.5229532 0.4618263
0.04230614 0.8538951 0.1113134 0.6030944 0.2605361
0.4818925 0.282619 0.08813875 0.3048709 0.4312211
0.812193 0.793446 0.6193692 0.6202656 0.7625928
0.161012 0.9551549 0.8805009 0.5061246 0.1717375
0.6348219 0.1015323 0.2796462 0.2276848 0.899337
0.009235164 0.3113159 0.7695801 0.02979894 0.09752958
0.2309986 0.6733471 0.9995227 0.3025851 0.3665422
0.397117 0.9848863 0.03244889 0.742047 0.01502339
0.6980447 0.06674673 0.437503 0.5513693 0.4785625
0.7920771 0.8578859 0.3918944 0.5898158 0.8700457
0.8548982 0.8464205 0.997525 0.8017123 0.06705372
0.1378172 0.2984639 0.4464804 0.01745657 0.2186839
0.4727793 0.5621201 0.9290525 0.9225887 0.2277426
0.5213961 0.6127958 0.5244411 0.6848089 0.1559235
0.1656841 0.3281644 0.09946288 0.1529443 0.6404381
0.08964869 0.2832547 0.7918842 0.7754614 0.7742675
0.9863692 0.2951169 0.1838993 0.7077832 0.5416745
0.2007867 0.354137 0.7914355 0.6355456 0.5789129
0.8408722 0.5688118 0.8821422 0.5728734 0.1563334
0.9692124 0.7834284 0.3584186 0.4283688 0.3302085
0.7642078 0.1018625 0.2385188 0.2702165 0.593202
0.8599444 0.8423006 0.9816003 0.7476608 0.06679139
0.2460176 0.5328456 0.7176282 0.9105148 0.5361601
0.4832909 0.3835016 0.2290897 0.7480557 0.4583468
0.2262126 0.8359171 0.06271693 0.5427499 0.659744
0.9724101 0.1744848 0.4291662 0.3014309 0.285883
0.4910889 0.955652 0.5125054 0.622713 0.7757404
0.9747423 0.4431975 0.8153925 0.5085825 0.9694112
0.5533487 0.01728102 0.4860477 0.2573287 0.09017204
0.2204541 0.08481103 0.954716 0.1883339 0.7952113
0.1716556 0.5794307 0.914465 0.9593467 0.4026469
0.5129693 0.4710338 0.8322112 0.2641971 0.6950243
0.886333 0.3174721 0.6283796 0.7725969 0.08763724
0.02863181 0.6807765 0.6706364 0.2242674 0.9530072
0.3820109 0.7099484 0.3696476 0.3609298 0.7203865
0.3381479 0.1176797 0.7465955 0.1236892 0.9671145
0.09253226 0.6216124 0.7970288 0.610774 0.6657738
0.3860834 0.7997373 0.0777454 0.2725798 0.5174297
0.7515161 0 0.8801181 0.4805619 0.4993053
0.6515613 0.5135714 0.2651575 0.1266523 0.09987644
0.0512236 0.4436641 0.4230393 0.1738953 0.5464071
0.1692241 0.7032983 0.7485737 0.7878525 0.900343
0.7164726 0.3016513 0.3525438 0.4031709 0.9741574
0.3429643 0.3424019 0.7657388 0.9809626 0.3293014
0.599546 0.9543641 0.8056359 0.2760112 0.7943443
0.2669572 0.8734591 0.2662082 0.7571663 0.6806954
0.86903 0.4241698 0.7548921 0.4180414 0.04791233
0.08917483 0.8806206 0.1823384 0.4308728 0.910646
0.4304121 0.6600642 0.7470682 0.7101239 0.7449511
0.8373955 0.06429242 0.6535699 0.6659033 0.3106107
0.9661145 0.04406913 0.5475373 0.3461174 0.02070865
0.88754 0.04936139 0.1307077 0.8239982 0.5091961
0.9671923 0.2247916 0.02913667 0.6414652 0.3983086
0.2003226 0.1703124 0.0619783 0.9066027 0.04655747
0.4749685 0.2433416 0.8000018 0.3167149 0.9743121
0.9265722 0.5939091 0.1383697 0.6678496 0.4365421
0.9214932 0.7060281 0.7129971 0.5380452 0.6347229
0.7656961 0.6355985 0.1488461 0.2922999 0.6798996
0.7324257 0.3109227 0.9159227 0.8796497 0.5207791
0.2855782 0.4194839 0.7561816 0.452285 0.6018238
0.4655932 0.9410351 0.3912902 0.7106667 0.4524719
0.2325131 0.3085605 0.1785618 0.06046665 0.2702419
0.6101973 0.05340952 0.1428533 0.7345303 0.375617
0.4998125 0.6750705 0.697398 0.6750133 0.4698098
0.5299597 0.7931998 0.09767921 0.8705946 0.5646597
0.915611 0.8034034 0.1095182 0.7543338 0.2850092
0.7328025 0.207327 0.364933 0.2880595 0.7694841
0.005899496 0.4505778 0.4873684 0.3030744 0.1318007
0.7311824 0.8206484 0.7633618 0.5200376 0.4468066
0.5758802 0.2928346 0.954878 0.9542754 0.3581399
0.06979317 0.1473712 0.6500146 0.9267765 0.5056442
0.5557103 0.3398386 0.9555236 0.6048983 0.4849609
0.2321523 0.6369734 0.9358063 0.6172994 0.3713142
0.7023761 0.8212997 0.2911142 0.235017 0.2902213
0.2048227 0.9476648 0.8296865 0.5044283 0.9058004
0.5938436 0.2091371 0.1928574 0.4320586 0.1688499
0.05456646 0.6426946 0.7938299 0.5175673 0.2868051
0.2989128 0.8419207 0.3601702 0.9283938 0.7528524
0.3737089 0.6770074 0.1726867 0.5551642 0.145915
0.6605739 0.003802477 0.9755773 0.9329591 0.6199299
0.05803795 0.9255118 0.8807356 0.3085097 0.1505429
0.9467614 0.9915339 0.574442 0.8566648 0.2803321
0.4478486 0.8937005 0.4705618 0.364879 0.7043966
0.01326723 0.4657347 0.9078366 0.9704328 0.7406563
0.8165327 0.7019056 0.7888831 0.348404 0.9945044
0.926485 0.08118849 0.3704704 0.1418034 0.1828732
0.08736628 0.1303298 0.7144646 0.8831945 0.3388214
0.09547665 0.9875867 0.4281857 0.9292001 0.2530374
0.7247436 0.3444279 0.919325 0.4552173 0.1916516
0.2441318 0.9351389 0.2495156 0.1860246 0.2897985
0.8155445 0.01669578 0.01518257 0.9122028 0.4478863
0.4904081 0.192227 0.8263257 0.5248315 0.9472229
0.5414646 0.2710321 0.1235236 0.7933154 0.5652218
0.4192178 0.7101914 0.6723852 0.441403 0.9511404
0.1370977 0.8908467 0.3332745 0.05834809 0.766139
0.5024083 0.3569674 0.949306 0.02828991 0.832875
0.3870103 0.1892639 0.2725224 0.8980154 0.307933
0.2707616 0.48148 0.6685904 0.9699318 0.07620602
0.6391352 0.4577555 0.3520459 0.5510743 0.7055781
0.07890279 0.9113727 0.6703072 0.01225911 0.2596284
0.4507332 0.3412791 0.08820478 0.2546859 0.3810307
0.411749 0.3858512 0.6978712 0.5052277 0.9875313
0.4992063 0.1391819 0.7189737 0.468055 0.8764016
0.4749252 0.04960546 0.6896205 0.2032108 0.5272374
0.8956367 0.6654214 0.953521 0.3781417 0.4470614
0.8852031 0.8659391 0.8017183 0.00064159 0.9642454
0.8756555 0.187584 0.5180724 0.3745164 0.3162206
0.6690859 0.1251686 0.5436432 0.9246464 0.2831292
0.7062071 0.89213 0.7500186 0.447972 0.01362018
0.2037437 0.3318402 0.4675916 0.3868251 0.7067304
0.5163758 0.5711217 0.09313383 0.7402982 0.5530843
0.5155577 0.8013711 0.8851852 0.5325339 0.3821792
0.8478901 0.6859881 0.6662368 0.9599074 0.711691
0.6500808 0.635593 0.787951 0.3965995 0.9796366
0.9709347 0.1453523 0.8955385 0.6618433 0.6865443
0.8661325 0.9700353 0.7746928 0.3681265 0.273635
0.5089942 0.3445344 0.03508458 0.03297098 0.7972009
0.8576254 0.2909574 0.9452638 0.4829957 0.4462142
0.4218695 0.5374301 0.7851361 0.5474522 0.4017538
0.08633505 0.6614414 0.67629 0.7934261 0.3487505
0.1414895 0.282927 0.1084422 0.9023337 0.418229
0.2072765 0.9340812 0.1124883 0.1045925 0.4483974
0.9095228 0.3023162 0.7665599 0.5307122 0.8904369
0.9315813 0.9328046 0.9336312 0.2408501 0.6145582
0.2667553 0.2652535 0.2095417 0.2587688 0.7317622
0.1151412 0.05132157 0.4378905 0.6596673 0.6511033
0.07653795 0.725532 0.7690119 0.5905017 0.7307744
0.6078045 0.2696153 0.8670261 0.1956093 0.8988476
0.8378023 0.8699508 0.4137047 0.6586517 0.2109269
0.8997357 0.7909602 0.5826434 0.02808499 0.9469336
0.4187396 0.2680827 0.3293975 0.1181274 0.6961937
0.7310784 0.07765758 0.7981683 0.6591004 0.5291937
0.3880081 0.1554787 0.7196327 0.5130674 0.8168536
0.01480288 0.8270229 0.8197327 0.9687289 0.221495
0.3865621 0.4678626 0.2911385 0.9598517 0.7321926
0.7265647 0.9573721 0.404752 0.1709906 0.705996
0.3298376 0.9258138 0.1004736 0.409879 0.7183345
0.9118664 0.2976933 0.06065267 0.9883402 0.2572773
0.2970786 0.7784454 0.571391 0.5589395 0.7924876
0.7998893 0.01792164 0.7797904 0.4701149 0.9303766
0.633669 0.8743912 0.9413422 0.4284723 0.2210432
0.1276647 0.6618061 0.9117596 0.2698899 0.3572417
0.3444433 0.3159899 0.8216736 0.05339138 0.7655898
0.3912942 0.6168402 0.7387746 0.06302595 0.3590658
0.5781594 0.2604731 0.5376999 0.3852393 0.4280606
0.3748257 0.04255472 0.009668986 0.7086078 0.3723576
0.7896606 0.7899172 0.3414897 0.1255919 0.5996998
0.2399422 0.55314 0.1580722 0.402928 0.5340246
0.3289497 0.9634717 0.7387569 0.89486 0.991994
0.578833 0.5431991 0.5088084 0.8979534 0.8777341
0.7317535 0.4949684 0.1846938 0.8929545 0.9880517
0.372751 0.08309452 0.3474573 0.6566659 0.6263297
0.7054716 0.4748694 0.5230364 0.8873274 0.6406407
0.1129175 0.2358364 0.117599 0.9217499 0.1900163
0.1106829 0.7410673 0.1078677 0.5994658 0.6219036
0.5664789 0.3512392 0.7184255 0.222658 0.9215889
0.1803802 0.3213184 0.5375003 0.2093902 0.8641346
0.1314184 0.9186571 0.7031332 0.8979537 0.195903
0.5148263 0.6737722 0.8849282 0.3785642 0.6236089
0.1282883 0.1549174 0.1772823 0.7753006 0.3410916
0.1665574 0.06666833 0.1560108 0.9984758 0.2119106
0.556653 0.1897552 0.1014557 0.2358839 0.08337511
0.2166639 0.7636573 0.4676124 0.5598078 0.6580426
0.6912513 0.9804612 0.001740081 0.995319 0.1815055
0.1103932 0.929638 0.2463011 0.147569 0.7031661
0.7207957 0.3177987 0.7198433 0.1493955 0.3508481
0.589358 0.3423931 0.3628012 0.8410225 0.6801429
0.1120348 0.7627151 0.3664214 0.434188 0.9080431
0.7968393 0.1128973 0.2303007 0.5542301 0.3613161
0.006372833 0.05886638 0.4952971 0.5838883 0.04323881
0.2224771 0.6045977 0.6381855 0.3670516 0.5781434
0.3456065 0.9113979 0.02197746 0.06053178 0.1685905
0.4775832 0.1225117 0.7485385 0.4042156 0.4944946
0.2400925 0.09044849 0.7729495 0.1015657 0.4686038
0.3075811 0.5533352 0.72461 0.9140603 0.2679231
0.5253617 0.4815609 0.6062264 0.3314083 0.9180805
0.4208881 0.2365824 0.5424774 0.3481717 0.9164035
0.586052 0.4742342 0.6665528 0.9316497 0.5710188
0.07383617 0.5765687 0.42939 0.3707352 0.1018725
0.3785693 0.5269565 0.6429395 0.5750942 0.9219446
0.4531343 0.05400933 0.9650544 0.9608565 0.6334613
0.9674799 0.09577153 0.3635555 0.595872 0.0210725
0.04720301 0.2530792 0.07229393 0.04994272 0.6331825
