0.9305438 0.6645115 0.8706994 0.9026489 0.3832491
0.5900849 0.4081809 0.4535891 0.9180306 0.1535907
0.4137709 0.6708279 0.1913728 0.01625366 0.7439671
0.7522861 0.3711112 0.8874855 0.3811889 0.8650898
0.7091715 0.441522 0.2220543 0.266123 0.4595399
0.4800243 0.8751657 0.3995902 0.8481003 0.5826524
0.4910662 0.9874213 0.2416295 0.5665388 0.1219188
0.139108 0.7996823 0.6272601 0.5484178 0.3952742
0.4591127 0.29931 0.2382711 0.4245442 0.3349269
0.6156785 0.9940094 0.7796175 0.1145051 0.1686966
0.7607795 0.6980574 0.6891321 0.947441 0.8104189
0.2111688 0.2943752 0.1995531 0.7271174 0.8588008
0.5281559 0.4480401 0.3942336 0.1250992 0.3718782
0.4897762 0.6976775 0.9492099 0.9901645 0.8602496
0.2606602 0.3602902 0.4217667 0.06413671 0.6085278
0.3618962 0.4742134 0.8678868 0.1778663 0.2009808
0.3325411 0.2212987 0.6804417 0.7171014 0.7117461
0.8455125 0.6171364 0.5295232 0.1159903 0.828612
0.8831505 0.5761978 0.3164475 0.5078591 0.1057715
0.1499741 0.2804568 0.2293522 0.8636307 0.08248814
0.5093079 0.5263645 0.9756495 0.3767484 0.3273703
0.03597142 0.6131633 0.8546852 0.6342859 0.3223993
0.3089964 0.8112244 0.1511414 0.2751356 0.6150061
0.4971916 0.7257832 0.3519697 0.8203936 0.8229773
0.2159883 0.05573502 0.9408241 0.8011146 0.4223533
0.2649578 0.555577 0.1208307 0.5510452 0.3344842
0.134458 0.4638049 0.525312 0.2930417 0.668056
0.5454317 0.5210638 0.208867 0.2022518 0.7720539
0.1421061 0.6205122 0.1965426 0.4618397 0.4120743
0.9422933 0.04463368 0.1134738 0.5303951 0.873728
0.9397066 0.9628149 0.7898226 0.4599767 0.5736825
0.714155 0.6945094 0.09316116 0.6996461 0.5341268
0.9280979 0.5289134 0.7562678 0.2184456 0.2607824
0.9328176 0.192762 0.6459292 0.1833591 0.4150942
0.9076972 0.885986 0.7757816 0.6662663 0.3696987
0.3049676 0.5327984 0.3762772 0.686527 0.1590851
0.2240672 0.3584671 0.2641907 0.8795208 0.9615569
0.4299029 0.5184152 0.1171381 0.705762 0.2589667
0.2635488 0.2140237 0.5710979 0.2187675 0.7223924
0.3232213 0.5631844 0.7601763 0.4947958 0.9082393
0.6476441 0.5196435 0.2952901 0.8539618 0.9545915
0.6881608 0.8683415 0.6039487 0.3405538 0.8839311
0.7513104 0.09567449 0.06337559 0.7214672 0.07012737
0.276941 0.2660176 0.172129 0.281572 0.753974
0.7000089 0.07312789 0.2674135 0.8730288 0.3660019
0.361053 0.5137406 0.4749671 0.6958956 0.4828122
0.08419205 0.9483443 0.2611593 0.8310887 0.5721535
0.9229527 0.8307897 0.99145 0.995648 0.8478512
0.2553918 0.697519 0.9471552 0.3085556 0.61319
0.4383143 0.05882139 0.565768 0.2251691 0.7705182
0.3632051 0.6129226 0.314251 0.2816269 0.9209039
0.4401211 0.2936884 0.4681219 0.9068955 0.3459123
0.5822183 0.5780152 0.1591478 0.3810783 0.0004553592
0.3896651 0.8982372 0.2028994 0.4143411 0.4745159
0.2444618 0.6973343 0.6520072 0.4753715 0.01792565
0.06755502 0.4647638 0.6732854 0.3640707 0.8647395
0.9795461 0.03674334 0.9529154 0.6487207 0.2009494
0.6224959 0.3168344 0.7123957 0.6850078 0.7226505
0.9364485 0.8073513 0.6727489 0.6651335 0.3948213
0.4835247 0.7823425 0.8709727 0.429826 0.6275583
0.9852395 0.2596524 0.4014753 0.1599421 0.453174
0.30395 0.9574341 0.04601535 0.785973 0.4042531
0.6311876 0.3531271 0.4502234 0.8121522 0.9558679
0.3229462 0.1121413 0.4664548 0.09202358 0.4010508
0.1661899 0.1927774 0.3883965 0.377653 0.5707982
0.1312078 0.5937065 0.6391045 0.2138112 0.9728444
0.6230803 0.7657935 0.8634739 0.2609512 0.8856307
0.1330994 0.5877255 0.6906991 0.2933012 0.5703617
0.6296245 0.3046505 0.5021743 0.9129111 0.1836633
0.9852676 0.7984082 0.6600154 0.1725054 0.6617373
0.05857961 0.6113989 0.7976269 0.5045708 0.543232
0.04681034 0.8713812 0.8210851 0.9116804 0.5191948
0.7822136 0.1331952 0.6249484 0.09613524 0.1840481
0.821877 0.7313803 0.3148299 0.2938167 0.01339317
0.8829366 0.3184421 0.84934 0.8965289 0.5199135
0.08302431 0.5918624 0.9303624 0.1147327 0.9032367
0.307591 0.5472076 0.2677693 0.535493 0.3873704
0.7557517 0.3973691 0.4024121 0.495625 0.3973981
0.4464035 0.4964023 0.6817747 0.8565551 0.05700615
0.06260061 0.5125019 0.9467074 0.3287999 0.211721
0.1155832 0.8938628 0.4505587 0.6299934 0.009925094
0.9445725 0.1492542 0.882278 0.8620322 0.7897774
0.1212282 0.4784498 0.3536316 0.005637738 0.1944364
0.2168532 0.4622796 0.9341035 0.4616901 0.333752
0.1555742 0.1605527 0.6159464 0.2299706 0.6812365
0.09302361 0.5505087 0.541354 0.387662 0.5842057
0.9123813 0.8035566 0.491942 0.769125 0.6301154
0.2563485 0.9903475 0.1904823 0.3578288 0.7629551
0.9524917 0.3515661 0.8165779 0.01735721 0.9802425
0.263818 0.1120487 0.6358977 0.03166486 0.2991653
0.4028323 0.3194668 0.9319473 0.7435287 0.5959378
0.9524857 0.7134929 0.1418826 0.6047904 0.154731
0.3679367 0.9802992 0.01517107 0.9640283 0.3004952
0.2867758 0.3489458 0.2894259 0.479198 0.8710069
0.8048817 0.130184 0.3570442 0.8135155 0.5693436
0.6096928 0.3672196 0.7068173 0.7783031 0.7285383
0.3694186 0.1442333 0.03038515 0.9633737 0.4456413
0.4745375 0.4975251 0.8769999 0.3103301 0.1573247
0.02938575 0.7744149 0.4387026 0.5596679 0.3576488
0.2801095 0.3484435 0.5229499 0.4298401 0.8575083
0.4324609 0.3070023 0.1706296 0.09592122 0.5273931
0.05312817 0.2946516 0.8842319 0.3481861 0.056401
0.2664055 0.8424173 0.2155646 0.9969521 0.2369567
0.3389811 0.637019 0.03178695 0.113618 0.3061136
0.7414714 0.5446507 0.01017029 0.08151671 0.02886438
0.07747467 0.1617567 0.3769622 0.383435 0.549418
0 0.8948186 0.8294481 0.3750551 0.7607472
0.4668623 0.04528049 0.1864842 0.8719145 0.6728645
0.2108471 0.07753641 0.7508047 0.8366482 0.318595
0.1052763 0.4441547 0.2515928 0.1300314 0.8555554
0.01653665 0.6863184 0.5750362 0.0001903334 0.2042374
0.3189167 0.7018206 0.9533633 0.9018735 0.3919009
0.2757567 0.4542032 0.5673681 0.6127283 0.7541708
0.2876691 0.1764503 0.875459 0.0316715 0.5480965
0.5299577 0.4424404 0.22061 0.4162446 0.7636905
0.763124 0.2557209 0.5798363 0.3522821 0.8181107
0.851538 0.6438543 0.6235965 0.7292464 0.7245956
0.4120273 0.5701811 0.7876532 0.3760217 0.7220695
0.4126635 0.927556 0.3376434 0.6090011 0.2215748
0.3532033 0.6632819 0.7623418 0.5082413 0.8995524
0.5554769 0.8774101 0.8477216 0.3002369 0.1455312
0.9376891 0.6366603 0.1606458 0.3937238 0.1452778
0.002289724 0.3777802 0.9364567 0.714168 0.4658475
0.5227681 0.2657276 0.3429222 0.5911786 0.2229541
0.6982204 0.4469235 0.6977625 0.06560708 0.4550952
0.4955202 0.08863618 0.8146983 0.9913389 0.5328893
0.9499532 0.3862539 0.2334539 0.9688436 0.1625403
0.07408559 0.3496872 0.3052647 0.2810996 0.3028605
0.7773225 0.1638964 0.6149924 0.898504 0.4278581
0.6643893 0.5835013 0.3036507 0.3304515 0.5377828
0.9964127 0.7081854 0.8224466 0.9920195 0.3485503
0.2501756 0.8465032 0.8070806 0.7292863 0.6780042
0.8253045 0.6187937 0.3612625 0.7051175 0.9310971
0.3089365 0.09006471 0.3816631 0.5363294 0.6148623
0.8432286 0.03277265 0.8462782 0.6463518 0.07179867
0.1706403 0.887527 0.1028748 0.3097633 0.1690854
0.6865308 0.9814858 0.9904666 0.705121 0.6560004
0.7271724 0.1136689 0.7470559 0.6584726 0.6595222
0.06121633 0.1343217 0.4474619 0.5641551 0.6397309
0.383835 0.2218167 0.03180972 0.656333 0.7074769
0.2631327 0.8446986 0.2563422 0.6362839 0.833233
0.9961778 0.8079926 0.3498302 0.8600344 0.2271983
0.9064514 0.7581357 0.8797957 0.3072414 0.9541798
0.6955759 0.04015781 0.06352309 0.3689288 0.1785122
0.4415219 0.1826943 0.4324593 0.1729587 0.2897306
0.4175684 0.9508648 0.2133451 0.9952676 0.7532249
0.547584 0.7066683 0.2157411 0.8337478 0.5342959
0.4354252 0.01628665 0.3292571 0.4190475 0.8615943
0.6679678 0.8208354 0.001116121 0.9333196 0.8299648
0.5538129 0.6488138 0.06168293 0.143833 0.4857015
0.8001094 0.3904708 0.416875 0.4013149 0.6125601
0.6831312 0.9181187 0.5504468 0.5629593 0.8498593
0.0481075 0.4792195 0.4876026 0.06160144 0.8241073
0.6792998 0.1898991 0.07079351 0.1217532 0.7791439
0.6632416 0.2970166 0.468406 0.08845147 0.5027229
0.05618258 0.01644498 0.5073499 0.271595 0.6711472
0.3791397 0.7575895 0.9078548 0.3484463 0.6208099
0.7752626 0.03255023 0.006332152 0.6383117 0.4670091
0.8375101 0.1655295 0.9297361 0.5620983 0.04698646
0.9505798 0.7959724 0.7434369 0.5071142 0.16302
0.8188588 0.3341496 0.8230636 0.5038566 0.6833964
0.6657515 0.9481303 0.3067606 0.3637715 0.9787756
0.08792741 0.07884816 0.3792694 0.6480969 0.535943
0.1766164 0.5925863 0.8324866 0.62872 0.1565259
0.4780248 0.238311 0.4045092 0.3021183 0.9159925
0.8093767 0.3508673 0.743572 0.7213742 0.4078363
0.9069157 0.08620759 0.6488569 0.5734335 0.8894568
0.5924225 0.5212938 0.07856938 0.9695534 0.1982675
0.931418 0.1503879 0.0511734 0.1728249 0.3200714
0.06418902 0.5128094 0.5295985 0.8757212 0.5860078
0.9091791 0.5720292 0.884179 0.1619632 0.1043806
0.8149686 0.03634661 0.9810081 0.9566124 0.628595
0.3747782 0.3795668 0.7272149 0.3411495 0.1206491
0.03745489 0.2318196 0.9954597 0.3436043 0.6862728
0.2429049 0.08327387 0.507068 0.973808 0.4900985
0.9535195 0.9678484 0.8392571 0.9395897 0.4688708
0.6925509 0.9578079 0.506239 0.2319543 0.3986553
0.3942488 0.5519513 0.8255883 0.6002699 0.1686894
0.4308876 0.3107485 0.1782486 0.5968241 0.4229123
0.5428302 0.05166945 0.007172624 0.4153698 0.2415412
0.2860573 0.2611614 0.4130138 0.04764444 0.9365927
0.1191269 0.9274052 0.8320433 0.4052569 0.2364255
0.4084568 0.348924 0.929017 0.6638125 0.3020219
0.4008236 0.2134939 0.2556228 0.3414748 0.160347
0.5497038 0.1713714 0.9485353 0.3549379 0.1413163
0.7790873 0.5719554 0.8222214 0.5667957 0.07390528
0.9389664 0.388655 0.119416 0.3210055 0.56942
0.6538785 0.7871418 0.1890805 0.8254802 0.9597194
0.5129436 0.9707972 0.5804113 0.41833 0.3659551
0.8581562 0.7085212 0.9853577 0.4427878 0.2983362
0.003529025 0.2524159 0.7217663 0.1798343 0.3049351
0.6982489 0.2285415 0.09379519 0.5690751 0.8140531
0.5674334 0.5899334 0.6924652 0.8917869 0.3044559
0.7899562 0.1475098 0.973916 0.7596219 0.5440684
0.3360732 0.9137403 0.8079212 0.4064675 0.214279
0.4016561 0.9892126 0.4329874 0.3706946 0.3902617
0.3048093 0.01308334 0.646345 0.7439635 0.6384719
0.7559116 0.8423629 0.201617 0.7098706 0.8892083
0.09976787 0.8067951 0.439346 0.5435054 0.1028192
0.9535923 0.9187256 0.6802595 0.8778187 0.3102973
0.2889595 0.4306294 0.02269715 0.5466036 0.7725637
0.9009655 0.6689386 0.9010838 0.01343579 0.4084614
0.09054306 0.8844899 0.6046829 0.3088178 0.2147885
0.5083643 0.2177132 0.09297378 0.5209262 0.6214182
0.1428668 0.9059942 0.01506342 0.08563254 0.9613461
0.1530815 0.242272 0.8919825 0.9427002 0.5373444
0.1633915 0.01237187 0.07167929 0.1408444 0.3256103
0.5700049 0.9454005 0.9669052 0.05284911 0.6453476
0.1553447 0.04748367 0.6333198 0.6766883 0.851517
0.5568465 0.6667393 0.5764476 0.3651323 0.6633371
0.8175702 0.03790594 0.003863856 0.2466739 0.1064081
0.2342065 0.2435203 0.7740837 0.8190311 0.3770909
0.268017 0.909484 0.01703726 0.1297767 0.372487
0.3669724 0.7414362 0.7186344 0.1672834 0.2830164
0.9406799 0.7633807 0.6271246 0.06199481 0.6347253
0.9632651 0.4450501 0.2980798 0.7566908 0.06719699
0.05099039 0.03974324 0.2894014 0.8471865 0.6394852
0.9959239 0.7306378 0.7070587 0.1556898 0.7838528
0.9322091 0.4753309 0.755808 0.05730639 0.7802586
0.8862591 0.7545279 0.273003 0.05204057 0.8653113
0.1003847 0.3634648 0.6341769 0.3286688 0.03153032
0.2471886 0.5346503 0.8851728 0.9735299 0.03772474
0.3774265 0.4487383 0.7666786 0.9338677 0.7963273
0.3919791 0.5427099 0.8346593 0.6314953 0.6050674
0.6308919 0.8141869 0.692982 0.8879491 0.3099167
0.8919014 0.4988797 0.1410673 0.3567628 0.7054371
0.09717634 0.8751237 0.9371229 0.541402 0.6966021
0.7819292 0.550946 0.8629132 0.2105805 0.08908424
0.8242031 0.4694643 0.01892852 0.9549722 0.277164
0.1862799 0.4575101 0.3289609 0.001513099 0.3468792
0.1179111 0.1971678 0.08824577 0.4833156 0.9746862
0.5519212 0.08834392 0.3174886 0.587312 0.3752483
0.4036307 0.4184133 0.8907897 0.2168039 0.8198666
0.9589551 0.2288362 0.1442417 0.03850493 0.6890211
0.04561955 0.002269608 0.1556798 0.2432066 0.3391869
0.7236355 0.3097233 0.1395009 0.547368 0.8368022
0.5018494 0.9490757 0.8223893 0.7425912 0.6732864
0.7271932 0.4077408 0.4571087 0.06024904 0.06444445
0.03967022 0.5303079 0.5308442 0.5119715 0.352664
0.07273342 0.719434 0.5381475 0.7489878 0.816749
0.05310183 0.7889001 0.221433 0.2232541 0.5422513
0.205128 0.6010236 0.6662768 0.2473937 0.5306038
0.1446882 0.8690735 0.5836962 0.7174507 0.5649718
0.4172324 0.386981 0.6962611 0.03112403 0.2788416
0.8568243 0.8002894 0.4408727 0.669247 0.9270727
0.8603198 0.5978931 0.5086836 0.3945594 0.4316037
0.3254491 0.881297 0.9627393 0.5150393 1
0.5975239 0.4553433 0.7971666 0.8508669 0.2545949
0.2671946 0.1489926 0.8129367 0.6470872 0.9441145
0.8880688 0.1994537 0.8297517 0.6398092 0.1562951
