0.7112882 0.121663 0.3638341 0.7597519 0.2522895
0.9411246 0.6471796 0.4928205 0.03871979 0.3202324
0.3255022 0.4682654 0.6909774 0.6680329 0.1234532
0.07859575 0.3239888 0.9086288 0.03176784 0.4370822
0.301867 0.8217498 0.1520978 0.0630911 0.8240257
0.7477195 0.2770862 0.8448352 0.7696826 0.6017539
0.1784258 0.2340939 0.3929716 0.2004867 0.781582
0.817431 0.4881945 0.6034269 0.6394718 0.4739534
0.3660916 0.7232216 0.8807636 0.4186767 0.8457883
0.5133391 0.7182944 0.07732006 0.5497369 0.8784098
0.7443696 0.9531222 0.9824203 0.1202509 0.5874066
0.343711 0.9986823 0.2613822 0.3169179 0.1600662
0.5751585 0.1840793 0.4538455 0.7700544 0.4529899
0.8486093 0.4481918 0.3385909 0.9010133 0.2387926
0.5552564 0.2315189 0.3219894 0.9739169 0.07835416
0.5271936 0.6528659 0.9885252 0.5582647 0.1055705
0.7109339 0.5815612 0.985165 0.4774401 0.2054328
0.249451 0.312604 0.1374006 0.8344751 0.1409752
0.3738003 0.04213272 0.5298047 0.6653285 0.1999492
0.6619822 0.421959 0.7096936 0.293753 0.3123699
0.8040347 0.6765083 0.5777466 0.7028689 0.00235818
0.5502116 0.6481624 0.1345204 0.216381 0.2282203
0.4147443 0.738768 0.8960848 0.9075628 0.4143008
0.9160457 0.6708857 0.7668116 0.781418 0.3000075
0.6772739 0.4152936 0.1707809 0.6992965 0.4427555
0.08482913 0.4717485 0.6333024 0.2203524 0.4035151
0.801231 0.8072679 0.314231 0.1210307 0.9600764
0.2054861 0.5892836 0.05341693 0.9518525 0.5729911
0.01291928 0.6431537 0.1949468 0.6146921 0.05026636
0.4391056 0.5173917 0.9448547 0.8430573 0.4307762
0.6027957 0.4868114 0.3487191 0.5807875 0.9867866
0.1657851 0.001645305 0.008102494 0.04811835 0.1480571
0.06218653 0.7018432 0.3329171 0.7570265 0.02673719
0.9189384 0.7551565 0.7625465 0.3984391 0.7753145
0.8007261 0.9119628 0.7677009 0.7102635 0.9228704
0.4029161 0.9565803 0.8589502 0.4009363 0.7818333
0.1569234 0.9308988 0.6228504 0.5492334 0.4382737
0.2638139 0.1869334 0.06971995 0.5369119 0.2241724
0.1072945 0.6625411 0.2193065 0.8419572 0.4432111
0.3171268 0.1078903 0.1515535 0.9035591 0.8913671
0.3524881 0.6657466 0.5919703 0.3243658 0.206555
0.8875127 0.1311647 0.3940339 0.9518423 0.07691496
0.06093294 0.7237096 0.8527826 0.1303368 0.7757469
0.5047754 0.826687 0.5203302 0.3216957 0.8411938
0.4151064 0.8796506 0.6456598 0.102545 0.4434958
0.4890861 0.1221264 0.9141107 0.9105064 0.6029135
0.3200318 0.9602723 0.596952 0.08608884 0.1584059
0.3702086 0.5715998 0.8174221 0.7810653 0.487937
0.6382027 0.6878973 0.4678531 0.4229917 0.3293586
0.006300845 0.7399614 0.4792752 0.9393654 0.9067343
0.781473 0.9331389 0.6203519 0.8120073 0.1333598
0.3788644 0.3660961 0.1346965 0.9340537 0.3441822
0.5663333 0.6540346 0.4803032 0.5589758 0.9718724
0.3745099 0.7177569 0.8368509 0.4732882 0.951872
0.4331522 0.668761 0.9980741 0.5489562 0.7561989
0.0952989 0.773313 0.315841 0.7018689 0.905196
0.1332017 0.1683304 0.06293001 0.8601685 0.5309623
0.3863525 0.3289135 0.292461 0.5065575 0.5311369
0.5264214 0.5042769 0.2317606 0.7126878 0.7417856
0.6007911 0.2934591 0.8951222 0.6362493 0.05716886
0.5116686 0.03887308 0.9085495 0.4363461 0.2923684
0.3956203 0.237929 0.3226884 0.8303346 0.2174128
0.3064249 0.4050085 0.4005186 0.433821 0.01682318
0.6565756 0.002997372 0.895596 0.9165563 0.6010766
0.4261307 0.05795294 0.2980078 0.9654915 0.5967354
0.3142287 0.6232776 0.3032609 0.3002042 0.7542196
0.3188907 0.6358559 0.5683967 0.2660459 0.1203251
0.9570782 0.1164839 0.3022822 0 0.3055524
0.02049901 0.3918263 0.7156253 0.3701092 0.8125634
0.02770782 0.9033358 0.9350765 0.5271294 0.2053092
0.1442662 0.3941643 0.9110691 0.4529281 0.9109202
0.4774368 0.8364827 0.6170121 0.5519156 0.5048418
0.7726927 0.2437731 0.1042831 0.5021072 0.07730962
0.4684295 0.8506617 0.77234 0.1013178 0.7591662
0.2741308 0.5529777 0.1958084 0.9412239 0.5941685
0.05898816 0.1656266 0.7110826 0.004552281 0.3546928
0.7855693 0.3221231 0.3219848 0.5305247 0.6008615
0.7393043 0.5118444 0.7748744 0.2428313 0.9575553
0.2051404 0.1690458 0.8865363 0.7585293 0.9406741
0.2812667 0.6945957 0.4540792 0.9730434 0.4613599
0.6037388 0.8152483 0.602067 0.003394136 0.5633539
0.9562209 0.02207025 0.8211417 0.9340583 0.9860388
0.2163511 0.4656249 0.7728167 0.446689 0.1376333
0.3729165 0.9283071 0.921828 0.9460438 0.0757938
0.6741078 0.7233394 0.9905718 0.3015066 0.3340133
0.853402 0.9532747 0.8843379 0.9834039 0.8013901
0.3818116 0.5881089 0.1852308 0.6538398 0.4359433
0.8902636 0.2600596 0.1179695 0.38038 0.2632178
0.8223835 0.6296904 0.1516507 0.41086 0.8394059
0.2528672 0.235763 0.7159449 0.9893558 0.9300071
0.4740936 0.1473886 0.5864447 0.3066684 0.536155
0.91228 0.6479893 0.3374875 0.8477726 0.1842391
0.007073361 0.4441992 0.6014762 0.2209512 0.09903316
0.3715401 0.2788427 0.9524819 0.8639013 0.5349431
0.8820855 0.2727114 0.4362109 0.3016914 0.1985133
0.9485064 0.6134225 0.5597441 0.6328028 0.5853527
0.2404665 0.5645067 0.3015033 0.5108037 0.7582266
0.5567482 0.1809352 0.8911554 0.6449232 0.3559019
0.9375284 0.2619313 0.6700689 0.1222552 0.6381753
0.3822103 0.4351838 0.2814437 0.479642 0.376897
0.4743516 0.1185102 0.9606633 0.5476031 0.9830707
0.2216684 0.5273798 0.3119443 0.03718747 0.9584481
0.6621453 0.9828261 0.9282945 0.328748 0.5544286
0.1682609 0.4812889 0.4852362 0.1896644 0.853396
0.2661446 0.4964869 0.9342142 0.1352911 0.2023175
0.9925149 0.05180433 0.3884545 0.631986 0.4042159
0.3584559 0.8631618 0.8591336 0.0928247 0.2596044
0.7777939 0.5684692 0.9253432 0.7781819 0.3143517
0.9423869 0.6993579 0.04785694 0.9102603 0.5295916
0.0773386 0.01469628 0.5181037 0.4245929 0.8194807
0.3642376 0.437792 0.9229276 0.1810483 0.798083
0.8512816 0.7518073 0.6508665 0.0645499 0.5902442
0.5576399 0.9575422 0.9179939 0.2915497 0.7991212
0.5572104 0.4442501 0.4458087 0.4716922 0.7775377
0.1387863 0.8125498 0.2780616 0.6209871 0.4934535
0.7377111 0.04093655 0.9361594 0.6841669 0.2980509
0.7687534 0.8906443 0.31476 0.9295163 0.9417273
0.1696412 0.4018232 0.164993 0.2495573 0.4356412
0.4582386 0.683347 0.268561 0.2935174 0.8627851
0.7737282 0.07658283 0.550536 0.1747489 0.8399588
0.9846658 0.9757142 0.1277685 0.839602 0.5854444
0.1181611 0.8321262 0.5001327 0.7309068 0.5280746
0.5218214 0.3120672 0.9075958 0.612086 0.5693569
0.1725037 0.2163089 0.05402109 0.9896337 0.06282331
0.2900242 0.1349482 0.2268347 0.1945827 0.8265859
0.7139696 0.4788835 0.7002375 0.03524409 0.9763464
0.1876465 0.6037701 0.1538505 0.01033726 0.3907109
0.689942 0.8128404 0.2903151 0.8877495 0.01673775
0.3529748 0.02832489 0.769764 0.1945213 0.2587226
0.3492598 0.1765586 0.6526307 0.6004857 0.8226663
0.5073739 0.4608925 0.1945535 0.06779104 0.04850738
0.1021733 0.4996893 0.2888822 0.7680684 0.1241138
0.5368871 0.624073 0.6459055 0.7867679 0.8857052
0.2964717 0.3234655 0.5856692 0.2464733 0.3523647
0.06167704 0.1878869 0.3433403 0.3545332 0.1621377
0.431438 0.5893619 0.8250042 0.2733094 0.7616272
0.300246 0.2993658 0.6358067 0.4370591 0.4804147
0.06803702 0.880814 0.5780252 0.1605767 0.1841593
0.785228 0.7680857 0.2596933 0.8934542 0.136872
0.7216048 0.437191 0.3869716 0.547738 0.2366857
0.6323205 0.2716146 0.2783726 0.1246947 0.3512805
0.5600148 0.8601863 0.3708511 0.06715455 0.837032
0.7124231 0.6574824 0.4325064 0.3441426 0.9277951
0.5528845 0.8639771 0.8574504 0.9656102 0.0499629
0.9133472 0.007671855 0.08742004 0.5128883 0.9945542
0.7475955 0.4315748 0.9486379 0.840458 0.4639112
0.4629728 0.5265011 0.9497406 0.9348959 0.3532164
0.5296244 0.1461646 0.3670896 0.9790496 0.9401491
0.7338844 0.02350438 0.2168164 0.6596578 0.6444272
0.696578 0.5749837 0.9946858 0.1914749 0.5076699
0.3232121 0.7211462 0.01263539 0.9077457 0.3595264
0.8081562 0.4933979 0.4658162 0.7986302 0.4993197
0.6523013 0.5298214 0.4821746 0.6442986 0.4940721
0.8366668 0.009815788 0.8564318 0.8061543 0.06534142
0.3566064 0.2531645 0.05631868 0.93919 0.6582957
0.07497537 0.3151504 0.8158098 0.1963402 0.5136139
0.129485 0.2150065 0.740205 0.1574708 0.3212513
0.06842397 0.7241391 0.4920834 0.3967952 0.1458863
0.173079 0.6006905 0.6085281 0.1294805 0.2745802
0.5883987 0.9603071 0.8163459 0.2911702 0.4099709
0.4339762 0.2617358 0.8784069 0.4706539 0.9363771
0.6605511 0.4476651 0.6641468 0.04105987 0.9883406
0.8292909 0.1621234 0.3366397 0.9782919 0.1839425
0.8472109 0.2985192 0.9314488 0.1940301 0.003051317
0.3103267 0.5344546 0.6592288 0.3405152 0.9509696
0.4464734 0.5314272 0.333672 0.8967569 0.2501477
0.1839417 0.4755875 0.1362245 0.3611467 0.7189967
0.5368433 0.00499602 0.1942042 0.4388851 0.4559252
0.4827769 0.5180723 0.2505997 0.7810829 0.1327543
0.2411314 0.4872662 0.8550406 0.7301343 0.7330764
0.6454329 0.5442401 0.3354357 0.00521761 0.333671
0.3235341 0.8429932 0.3021706 0.8839828 0.3828938
0.08721702 0.8261746 0.3311826 0.5044152 0.5097496
0.9619767 0.08458615 0.694605 0.2166465 0.04397975
0.4277973 0.5905799 0.2186673 0.9282089 0.1902681
0.3852448 0.5604884 0.6534055 0.7281676 0.1629032
0.8006123 0.4434651 0.8241092 0.6722283 0.6280626
0.2395706 0.562481 0.3371835 0.4525879 0.7835772
0.9805392 0.0637089 0.5412264 0.8404348 0.701581
0.9046901 0.06130351 0.2215506 0.1672709 0.7291226
0.895115 0.4479492 0.2343691 0.1622975 0.3840909
0.7459356 0.2862465 0.4756454 0.8103094 0.9349879
0.3940676 0.6920606 0.2717116 0.4845444 0.6388948
0.6342578 0.5865123 1 0.9373351 0.6103889
0.7422534 0.9453805 0.5676152 0.04730869 0.3831904
0.7101524 0.8941939 0.3985929 0.9055578 0.2225071
0.4036199 0.09354584 0.05045777 0.710256 0.141519
0.9065833 0.5745667 0.9739057 0.8042834 0.6576811
0.2602539 0.391711 0.5867839 0.8747507 0.4030826
0.3659257 0.6159944 0.2588768 0.9278476 0.5799824
0.4028945 0.7688389 0.1562074 0.5755039 0.9522481
0.1616185 0.6365934 0.7347011 0.4340103 0.5029005
0.03894636 0.6423048 0.7820323 0.143146 0.07564745
0.01235864 0.2527624 0.8792509 0.5008689 0.4581832
0.7906674 0.9767711 0.9003171 0.05029219 0.809472
0.9879192 0.4436575 0.6375394 0.1137455 0.7999659
0.7193066 0.5282351 0.1359484 0.4973124 0.3097757
0.4479146 0.6302393 0.9785195 0.8325017 0.89688
0.179234 0.5161808 0.4380623 0.4312684 0.9335512
0.3875051 0.1058434 0.8963102 0.6745823 0.005986488
0.6338516 0.7561063 0.1331042 0.2157335 0.5863584
0.3970196 0.6228558 0.6713164 0.6305814 0.4634495
0.2197421 0.7616773 0.1823194 0.2192077 0.3065729
0.3889807 0.3883534 0.4408452 0.9933125 0.9822178
0.03174702 0.2504038 0.9702203 0.6970376 0.6293377
0.133207 0.3652811 0.2571063 0.6439479 0.1915458
0.416765 0.8497797 0.8148424 0.2888528 0.9030989
0.6935822 0.8636678 0.7240314 0.9567148 0.644117
0.5135675 0.07423176 0.5329893 0.6592625 0.4638556
0.8428759 0.4712604 0.8270592 0.9216642 0.4201085
0.6701913 0.1612228 0.5106794 0.6652202 0.7983901
0.8636931 0.2351361 0.4113756 0.6758426 0.3108995
0.4178458 0.8038055 0.5014323 0.4063754 0.6234369
0.9876779 0.1168795 0.5755251 0.3820181 0.0528094
0.7312093 0.9136439 0.6207397 0.3949911 0.772892
0.989022 0.5395456 0.03709415 0.3684139 0.05654228
0.9985123 0.283334 0.9914802 0.4898594 0.5039808
0.9437922 0.5548149 0.7826312 0.7680467 0.4259989
0.8976786 0.2583322 0.3684597 0.6652928 0.3146642
0.6802285 0.1748763 0.7008182 0.8642717 0.3296466
0.4633226 0.09887317 0.2095954 0.576456 0.9625811
0.8150586 0.2193887 0.6773752 0.1635516 0.3919865
0.5033519 0.8792501 0.09645704 0.1501834 0.09960113
0.8414203 0.02522274 0.6508361 0.06988909 0.8689231
0.9305473 0.1565226 0.2320241 0.1862961 0.8814562
0.6173055 0.7860824 0.05587958 0.0788069 0.6289344
0.003715214 0.05136737 0.5078244 0.04510357 0.3653971
0.6301319 0.9429137 0.1896475 0.2436425 0.7121631
0.1378504 0.8481566 0.006839986 0.1637874 0.6829229
0.3553096 0.1593384 0.4342976 0.2994244 0.4169584
0.4502054 0.8762175 0.573389 0.4718994 0.4938259
0.5144002 0.9304584 0.01626716 0.001245824 0.5104786
0.02070086 0.9673722 0.5788902 0.246581 0.6484414
0.4458826 0.8644763 0.1876891 0.4152597 0.7451043
0.8776091 0.007667973 0.2244716 0.5687967 0.7699507
0.9421196 0.7946665 0.1078151 0.5730275 0.4454489
0.7342125 0.07626294 0.1130478 0.5010256 0.1430852
0.4592524 0.8945893 0.8709071 0.1965707 0.3647285
0.04524477 0.2619543 0.7335321 0.9850484 0.470573
0.3877103 0.08929253 0.929062 0.7784853 0.9662851
0.7689072 0.0170369 0.9017698 0.2429213 0.5288011
0.01862523 0.6237702 0.4376778 0.2410236 0.04569821
0.01981195 0.2042849 0.1294662 0.1079829 0.5939705
0.4807801 0.02075363 0.1038748 0.510722 0.649085
0.4414619 0.5210718 0.5536894 0.9770541 0.7090887
0.2237541 0.2590587 0.8052002 0.6439198 0.1284594
0.2676497 0.4137785 0.0886203 0.4041251 0.3058331
0.4965367 0.4864582 0.03673124 0.9605862 0.2704257
0.5413398 0.6297981 0.4270542 0.9036728 0.2519084
0.9697583 0.517011 0.5463046 0.9773632 0.8675218
