0.3182113 0.4132538 0.1770842 0.2848855 0.02766081
0.004281734 0.3672508 0.8020289 0.3874753 0.7423348
0.8812862 0.8396722 0.429145 0.6304023 0.9564487
0.9781187 0.05064084 0.009177092 0.9927175 0.4929733
0.6610817 0.2709145 0.1436089 0.6314068 0
0.5606885 0.8604951 0.7618266 0.1354553 0.5878418
0.07640011 0.219754 0.7671934 0.3439846 0.8192312
0.8642387 0.7512504 0.95123 0.2036737 0.6040409
0.6468793 0.667956 0.53146 0.09790868 0.3457091
0.9440343 0.8791379 0.5854024 0.4517038 0.5078834
0.703463 0.04343809 0.52195 0.9754714 0.0243561
0.8815399 0.4626446 0.5456037 0.1524381 0.1238117
0.9096111 0.783585 0.644461 0.1408356 0.1729069
0.802535 0.1786128 0.9078818 0.6056045 0.3957627
0.8052554 0.5834074 0.03287792 0.02508134 0.4346681
0.3667856 0.4412749 0.1438481 0.05794902 0.06519282
0.7427818 0.4775657 0.4934243 0.5255823 0.7684641
0.7225085 0.6964326 0.650218 0.3831765 0.2167721
0.7849535 0.8720663 0.1466275 0.2900987 0.2894297
0.7737415 0.6395863 0.4603486 0.4431527 0.1364586
0.4329928 0.8476703 0.1707431 0.6675758 0.15099
0.5713533 0.4954 0.9399226 0.5417542 0.8173074
0.7578368 0.00273084 0.4045199 0.670335 0.5529055
0.3995411 0.4986609 0.3745784 0.2140191 0.6036959
0.4699074 0.3082592 0.3440562 0.3829294 0.1360853
0.7741552 0.5051181 0.7708343 0.4734345 0.322337
0.1955322 0.09635876 0.2298843 0.5142155 0.24353
0.8029644 0.8056248 0.3381938 0.2695171 0.7609568
0.6754652 0.2056942 0.5707246 0.915619 0.05616523
0.1685903 0.2128542 0.574719 0.04979359 0.5230848
0.3104321 0.7014106 0.9815248 0.9760523 0.3369871
0.6453852 0.1652381 0.8282434 0.5470159 0.1567218
0.9230094 0.8243258 0.964342 0.5674562 0.962495
0.875315 0.5346083 0.0638217 0.1274251 0.13525
0.3119812 0.1879773 0.847774 0.9290998 0.196822
0.7569676 0.8922704 0.0176815 0.05003751 0.5019424
0.9788552 0.8193836 0.888191 0.5969156 0.1648787
0.1445501 0.06478495 0.8901414 0.7444334 0.646985
0.8904153 0.9043281 0.08576812 0.125815 0.2325485
0.130914 0.4380442 0.1483442 0.9454863 0.2787701
0.3729076 0.6453249 0.9925936 0.5007598 0.773616
0.3367369 0.4708748 0.4249966 0.9382051 0.6329677
0.6420205 0.2452551 0.06384878 0.71541 0.7312221
0.9682062 0.8653535 0.2202882 0.117186 0.5308289
0.06222257 0.1213951 0.1302369 0.8424816 0.22884
0.2357285 0.8483148 0.04719441 0.5349563 0.9827732
0.9401374 0.5399369 0.07661246 0.4144085 0.603654
0.443265 0.9345856 0.5283781 0.5654678 0.3461655
0.1152739 0.4343412 0.7399779 0.148112 0.06691052
0.3639072 0.04432508 0.7315602 0.6390611 0.310626
0.7298437 0.8550742 0.06378851 0.7959843 0.3225934
0.2861029 0.04217659 0.6683328 0.9372551 0.7932744
0.7284542 0.1384038 0.8362977 0.5942296 0.9090758
0.5463985 0.2816377 0.3727194 0.1248838 0.9567651
0.1140719 0.6575481 0.5705865 0.4185341 0.5028794
0.7432668 0.7940733 0.3381888 0.6275143 0.4946641
0.7336416 0.9472271 0.8887739 0.8559706 0.8685717
0.3192225 0.834944 0.03556664 0.1048261 0.5584653
0.5051424 0.4865084 0.6364792 0.9603884 0.9707006
0.1242481 0.5360219 0.8871805 0.7393636 0.02432083
0.2312873 0.1863462 0.04999453 0.5663216 0.5891534
0.2337894 0.2659964 0.9755626 0.06272614 0.4659695
0.5356541 0.5215862 0.9149177 0.65423 0.06262337
0.3506432 0.8009502 0.03025772 0.08578959 0.2533391
0.9243965 0.7093596 0.6862834 0.7081276 0.0006139654
0.4563357 0.5544465 0.3447373 0.1909673 0.2002375
0.3085346 0.03707472 0.7128865 0.2725228 0.6500422
0.6595565 0.8623917 0.9306557 0.9484755 0.8767085
0.9050938 0.5219856 0.1876902 0.2663048 0.6250152
0.1375949 0.6313538 0.6863848 0.002944299 0.7086436
0.8596859 0.4869394 0.8606234 0.1986701 0.1402177
0.7687835 0.9197106 0.08500856 0.1824172 0.4403435
0.8857021 0.4525743 0.1303125 0.1569979 0.1646824
0.0978268 0.2711111 0.9228847 0.08609915 0.1934489
0.8609722 0.6516652 0.1252667 0.9954234 0.3871591
0.7925715 0.6955028 0.6470918 0.1772762 0.4840858
0.01141381 0.2708515 0.01871554 0.9049998 0.1665518
0.9245741 0.9325276 0.155242 0.3730413 0.784406
0.2229038 0.3718713 0.9805833 0.3488453 0.545289
0.5763507 0.6734563 0.6346566 0.04212724 0.2366024
0.324147 0.01076341 0.007639444 0.09162731 0.6907157
0.5820176 0.4414812 0.2915332 0.5195867 0.2627914
0.1399957 0.7689083 0.909672 0.3768853 0.3318196
0.9714017 0.318299 0.9794539 0.4999424 0.4318679
0.1488723 0.6938794 0.7464569 0.5751064 0.07616715
0.4061561 0.9319371 0.3416596 0.0001102972 0.7400982
0.8947349 0.3408611 0.1076854 0.2235569 0.2326222
0.6723897 0.2942121 0.6876751 0.2001457 0.9771155
0.1510808 0.06024335 0.4566787 0.1993759 0.08584236
0.3026501 0.2294526 0.1901042 1 0.646479
0.1721127 0.2274786 0.7577745 0.07801033 0.1296036
0.4883807 0.04461768 0.5851438 0.9682256 0.6604142
0.1194565 0.7646969 0.591197 0.3304218 0.06881077
0.6746086 0.3506945 0.9759739 0.4931963 0.6932437
0.222179 0.6148943 0.2737457 0.3015079 0.9944296
0.9197947 0.513147 0.207113 0.7383705 0.4330239
0.939018 0.4847857 0.6743016 0.2911316 0.400115
0.9772486 0.6916763 0.9844958 0.1061732 0.9315088
0.3181216 0.02584712 0.4507881 0.6219332 0.7333808
0.6237921 0.6190806 0.3686085 0.8394337 0.5134644
0.1909939 0.6816897 0.9391195 0.2437145 0.8407737
0.2867467 0.4758745 0.1146899 0.7616861 0.2038359
0.3303004 0.7572345 0.8107267 0.1040439 0.8223696
0.5150903 0.1630348 0.6790243 0.6479004 0.9078736
0.06856653 0.1070051 0.4059723 0.6929977 0.8117305
0.500952 0.1708927 0.9094202 0.4160528 0.6442981
0.9134684 0.3405755 0.9890614 0.9613526 0.6708967
0.9623878 0.4014138 0.446935 0.3364908 0.679054
0.824485 0.902286 0.3474863 0.6730832 0.4862734
0.8441673 0.9915647 0.9981872 0.6744294 0.7840575
0.7048441 0.04652938 0.5538614 0.74176 0.6996427
0.04339636 0.9788806 0.3312153 0.02958177 0.07145343
0.95902 0.3996225 0.9653672 0.7607919 0.7126627
0.6284227 0.9520131 0.2367939 0.2566257 0.04534482
0.8210027 0.3330504 0.976768 0.08405664 0.4332541
0.5165466 0.05576682 0.363533 0.2305787 0.6047604
0.1518963 0.4849399 0.9483665 0.7767424 0.07733077
0.1755704 0.4429946 0.8097027 0.2727435 0.7777696
0.2678965 0.2351568 0.523743 0.5788129 0.7292585
0.2167008 0.2285445 0.3969596 0.6405226 0.5419942
0.2755532 0.5322509 0.7109905 0.06848163 0.820566
0.7960673 0.686395 0.06482684 0.828011 0.8581069
0.9142019 0.02055739 0.6975558 0.03420945 0.3758393
0.3973708 0.09922741 0.2279196 0.01439224 0.7874242
0.3343804 0.366457 0.9145426 0.4436781 0.9492973
0.3317365 0.2130521 0.323488 0.4580315 0.063114
0.6844391 0.4104502 0.03783325 0.872272 0.09301989
0.1743741 0.2019274 0.4392845 0.3171222 0.8724735
0.6303653 0.8786371 0.7674844 0.1338012 0.08589762
0.04134684 0.4810876 0.07485696 0.5604389 0.06856519
0.9858842 0.7773014 0.2664622 0.475219 0.5996463
0.3209508 0.9021579 0.3054589 0.118118 0.2629233
0.5158118 0.1982773 0.7334644 0.7168119 0.3304443
0.3190675 0.6327404 0.2679197 0.9996938 0.008209144
0.9441154 0.9839342 0.7365575 0.3773395 0.9256552
0.02709474 0.925947 0.4397343 0.05399066 0.9639017
0.8078718 0.4983325 0.3969704 0.6240675 0.6989539
0.2075381 0.392794 0.7819369 0.8004383 0.7061976
0.2309623 0.3842553 0.6813612 0.8067472 0.6249005
0.4098247 0.8714634 0.4661152 0.6734932 0.8759584
0.955489 0.4073453 0.8530425 0.4170081 0.3303996
0.242579 0.6214901 0.4090725 0.4188539 0.7829101
0.453603 0.9158342 0.3233783 0.4508914 0.830126
0.537644 0.07624479 0.5431354 0.3591311 0.04906376
0.5261036 0.1027017 0.9458799 0.738225 0.3929974
0.6235214 0.2792335 0.3700039 0.7282861 0.1535792
0.896948 0.7706822 0.4018495 0.4051893 0.6928986
0.9176711 0.8237975 0.7873385 0.4032879 0.6449736
0.8449791 0.008051362 0.9071499 0.7326295 0.5176998
0.1842848 0.9838275 0.1900862 0.6314869 0.0321531
0.4307326 0.9430959 0.7051808 0.489211 0.7316195
0.9197371 0.6945672 0.08555866 0.01546303 0.503096
0.7246508 0.6655525 0.2687815 0.3131034 0.01625717
0.2602753 0.1993252 0.3346905 0.6638629 0.1606655
0.6250125 0.1194442 0.5969892 0.06821667 0.4323129
0.3906116 0.2363752 0.465637 0.7793723 0.8048135
0.1283531 0.7567513 0.6619595 0.7623405 0.2136156
0.8576747 0.03112971 0.4365254 0.3027517 0.8457868
0.696772 0.6780434 0.9846307 0.0001987956 0.9472677
0.0001116913 0.8698583 0.002669794 0.6897304 0.9056769
0.6196643 0.6182187 0.4227142 0.2791147 0.2838955
0.82688 0.7411929 0.7776909 0.8219815 0.03050107
0.9639085 0.3472576 0.2846513 0.5598211 0.8842624
0.3359153 0.7642649 0.7679551 0.7367098 0.336822
0.4319972 0.9297906 0.8833154 0.321094 0.1756537
0.7228895 0.3140799 0.9120243 0.2401607 0.002827813
0.3516339 0.07453434 0.8535534 0.8943682 0.06520325
0.814624 0.6238465 0.977262 0.3830988 0.1699458
0.628261 0.07442169 0.466247 0.8238196 0.08630166
0.6620827 0.9698953 0.1331463 0.3217742 0.2311515
0.3823338 0.5749481 0.4858138 0.5280838 0.7271079
0.5619623 0.06304865 0.8818295 0.7284759 0.5372943
0.1626139 0.8487777 0.6891829 0.2017571 0.8932598
0.6803124 0.2481561 0.1040942 0.09998087 0.7143579
0.1412969 0.08272294 0.949153 0.6958626 0.9694752
0.5515889 0.1976062 0.5779986 0.3016261 0.8267483
0.5044053 0.6659569 0.2953956 0.30621 0.9280279
0.7348939 0.1213209 0.07074117 0.7893052 0.05345943
0.001547075 0.5871697 0.8458493 0.8154925 0.6826164
0.01516664 0.8766686 0.6963594 0.4841838 0.8778048
0.8241207 0.4390103 0.09642208 0.791116 0.07654578
0.05949375 0.6514587 0.3115883 0.2540297 0.5953943
0.7486053 0.8043027 0.08188479 0.03615217 0.4708509
0.2580577 0.2449589 0.1269523 0.6484989 0.8123509
0.112476 0.766926 0.3451798 0.7748305 0.5845403
0.9640881 0.05425329 0.7297493 0.6671101 0.06937366
0.8526067 0.2074866 0.1665702 0.8980728 0.6873642
0.49138 0.6098479 0.7345231 0.4018347 0.3717642
0.7448365 0.8387045 0.1680047 0.3410708 0.4432384
0.1794522 0.5389452 0.1104487 0.09697795 0.7981337
0.4228647 0.6213812 0.434326 0.1856807 0.10867
0.1433272 0.8625053 0.406126 0.03771063 0.002340798
0.8246457 0.3824981 0.50205 0.6033205 0.8919632
0.5033226 0.8272444 0.5712863 0.5292441 0.3186292
0.3928813 0.5700096 0.1622581 0.3329448 0.9839091
0.6693568 0.1861201 0.672401 0.73711 0.4705414
0.3399874 0.3215401 0.4753051 0.5350921 0.5504507
0.884577 0.7788259 0.8684777 0.7875533 0.6570784
0.2768346 0.2705127 0.9038748 0.04105268 0.8059368
0.1016201 0.4655392 0.5375243 0.1859259 0.3131018
0.07591953 0.3680895 0.9266662 0.7173581 0.04072763
0.1367646 0.9364644 0.5982029 0.8613933 0.2495681
0.9078779 0.5534576 0.3124121 0.7503796 0.4101198
0.8561292 0.556454 0.3545456 0.04957692 0.935594
0.6932781 0.7964342 0.6683578 0.9174224 0.5945493
0.4802171 0.3227833 0.8251237 0.7046674 0.5578798
0.9034875 0.1045102 0.4630475 0.1579214 0.4400476
0.6981825 0.1736723 0.05349216 0.3790475 0.4579888
0.2423861 0.2239037 0.1952531 0.3463149 0.7601763
0.4617918 0.9565377 0.4307514 0.05884884 0.9667825
0.05859265 0.5622578 0.6123188 0.07176512 0.5966695
0.1402084 0.5633537 0.2434788 0.3911502 0.231944
0.3631145 0.3714232 0.07599101 0.01464679 0.4204391
0.7594826 0.6149606 0.2917565 0.8609816 0.1221469
0.8370047 0.3116594 0.3543302 0.3106165 0.3772072
0.9863937 0.7611095 0.4623168 0.3995011 0.8654613
0.234436 0.0425601 0.4048991 0.8912692 0.7860335
0.2444557 0.08684054 0.02080546 0.4207366 0.2776847
0.7207904 0.4293788 0.4383026 0.3063671 0.310479
0.981195 0.8208373 0.9360965 0.6005148 0.1438018
0.1030792 0.621251 0.4804566 0.2106245 0.2428364
0.9428902 0.01564393 0.2707464 0.8410511 0.284585
0.6013688 0.7076996 0.5361577 0.1776724 0.2596088
0.07562087 0.3979974 0.09211004 0.7812371 0.4407923
0.2901558 0.3377607 0.5444774 0.7892432 0.06161801
0.6304623 0.5765354 0.6995353 0.7395017 0.9534952
0.9501923 0.2163295 0.8582902 0.5270756 0.3782462
0.809419 0.4579777 0.338367 0.5335602 0.8979889
0.4159808 0.9670052 0.2772055 0.3133288 0.05427667
0.5922779 0.2907615 0.9959986 0.8531404 0.688188
0.4382174 0.5059663 0.4321684 0.7326509 0.6782647
0.1646465 0.8920321 0.8053328 0.1622232 0.7646652
0.3929767 0.5994986 0.7105103 0.3097266 0.7107725
0.4328009 0.6127803 0.6110173 0.3599691 0.4425963
0.4321729 0.4240457 0.8473993 0.4079999 0.1857822
0.4692209 0.7885623 0.3873225 0.3007953 0.1760894
0.5935888 0.7088414 0.6133938 0.9967553 0.5732176
0.9639448 0.29103 0.2163781 0.4459738 0.6366539
0.9127129 0.4313539 0.9933043 0.8739876 0.2382678
0.5005348 0.7071846 0.1950935 0.7545658 0.3011245
0.2226815 0.2196381 0.6447223 0.5057381 0.523063
0.3153062 0.1058184 0.7067384 0.3330591 0.4794826
0.747658 0.96165 0.7471657 0.2972733 0.2666471
0.004344788 0.5820702 0.3974555 0.8720895 0.5042524
0.5044852 0.4694903 0.6875585 0.2831651 0.5242431
0.03536316 0.1945167 0.3391738 0.3771533 0.3542398
0.09710873 0.8817028 0.8833613 0.07759496 0.471152
0.3706714 0.6758259 0.3712208 0.5177478 0.3368376
0.6536721 0.2463975 0.9275082 0.9268532 0.7308189
0.5574415 0.07511969 0.4597612 0.5240281 0.2929774
