0.758394 0.9472247 0.4316552 0.8375312 0.6351299
0.7909889 0.6782124 0.6801513 0.649311 0.01566865
0.9078888 0.5040902 0.8697536 0.0002362496 0.9401054
0.3017638 0.2891203 0.1924416 0.1857726 0.0999948
0.07668619 0.008587386 0.6051521 0.7791751 0.05185281
0.0718314 0.5095455 0.4186922 0.2620194 0.8613462
0.9660611 0.4952882 0.3948959 0.7573839 0.7684471
0.9360092 0.2502408 0.1400987 0.06903138 0.9510026
0.8888491 0.4134446 0.3455656 0.2564513 0.9855173
0.09510622 0.1364243 0.7268914 0.1920912 0.9437157
0.3058897 0.564618 0.5541625 0.5036059 0.9558644
0.8284459 0.5990175 0.9198457 0.3192448 0.3266648
0.40431 0.9949935 0.2434067 0.2642584 0.9897924
0.7176882 0.8659908 0.0398863 0.7840075 0.1526965
0.0606781 0.3614617 0.3593979 0.4150265 0.9275417
0.7446097 0.2493852 0.7098963 0.9640676 0.4776888
0.2990982 0.117486 0.4208732 0.2802051 0.7132092
0.6335193 0.7881663 0.6592646 0.5683553 0.6762328
0.01399971 0.7661037 0.4784355 0.1965055 0.1158997
0.1636436 0.4794208 0.1620375 0.4578841 0.1886728
0.2743644 0.5055226 0.2966018 0.8106583 0.1941363
0.9896196 0.5401569 0.4437659 0.6321871 0.5787729
0.3765189 0.9647894 0.6466441 0.961185 0.8693802
0.581266 0.5038229 0.3296189 0.3048643 0.178633
0.3844877 0.8588579 0.8696491 0.3087761 0.5518746
0.7399541 0.2130891 0.499773 0.8165932 0.9047035
0.1452242 0.1175474 0.2219376 0.9837429 0.9730355
0.3199587 0.2945201 0.995612 0.2897144 0.2018841
0.4714679 0.2817529 0.9541269 0.1034884 0.3127031
0.5023488 0.6132607 0.3910403 0.5620612 0.4242574
0.8392712 0.3179126 0.1941744 0.4868558 0.9112551
0.2872535 0.9144302 0.2663366 0.6261211 0.6326417
0.7696924 0.1439701 0.9312115 0.2247661 0.3234925
0.2420619 0.2503825 0.6829191 0.3913173 0.05528048
0.6327225 0.5260002 0.2217628 0.8688503 0.8961333
0.3665554 0.3860234 0.8460419 0.9655697 0.6803245
0.7507294 0.8076262 0.515776 0.8360787 0.5154883
0.9054131 0.1018088 0.6857879 0.4862238 0.3807116
0.7229828 0.7488878 0.2529254 0.4702112 0.4056663
0.1275097 0.8237368 0.1280797 0.6681003 0.8382102
0.5174039 0.1500707 0.02559268 0.8293671 0.08826699
0.1364008 0.5741375 0.2178833 0.9042472 0.009582415
0.9533004 0.1629465 0.01970302 0.03671146 0.4907273
0.4211282 0.9872817 0.4828747 0.1873103 0.1887613
0.3713492 0.4348766 0.6972386 0.432383 0.5167194
0.582182 0.7604223 0.223703 0.2365754 0.5773174
0.2047442 0.748069 0.2593686 0.9580555 0.6634793
0.8529669 0.9001812 0.5046749 0.5148804 0.1601483
0.2228453 0.310509 0.6464746 0.9806287 0.5140991
0.4395577 0.04442073 0.2801553 0.8008026 0.9233847
0.9653305 0.220431 0.981823 0.1900916 0.8504864
0.8873535 0.8194987 0.3966962 0.2803513 0.3067142
0.8511505 0.9099003 0.8908815 0.229357 0.1102774
0.1136571 0.1835522 0.5396869 0.7460882 0.2752566
0.2350861 0.1174672 0.761524 0.954774 0.7379106
0.380823 0.4743777 0.09138348 0.3585521 0.7527184
0.1241308 0.9118695 0.3242976 0.8883589 0.1608055
0.7421416 0.5937418 0.04968794 0.5297969 0.09167497
0.9938301 0.7037502 0.4492794 0.3665437 0.3614414
0.3531866 0.426339 0.8047129 0.2419367 0.4356503
0.08832023 0.1539307 0.8929045 0.1866397 0.5733934
0.5248898 0.7450346 0.3012282 0.6414869 0.1908972
0.06694692 0.7013894 0.2172526 0.6838237 0.1402527
0.032314 0.2389211 0.03965404 0.4458732 0.1718322
0.4575767 0.4035871 0.7908134 0.9703597 0.7250139
0.8820991 0.4056513 0.3603802 0.6350039 0.03278694
0.5024442 0.46398 0.3742044 0.2712614 0.438707
0.9010349 0.7558362 0.04452515 0.6768922 0.1702974
0.5832302 0.754039 0.9869743 0.7867029 0.7567037
0.6779671 0.3930867 0.8787362 0.6663055 0.6333572
0.785829 0.5027722 0.03100673 0.7782622 0.965226
0.7009541 0.7538491 0.3648902 0.9714061 0.8201169
0.5277773 0.1882019 0.1445034 0.5011882 0.4055288
0.3053378 0.5328301 0.2467021 0.3715009 0.6867772
0.3621537 0.5170232 0.5100593 0.1646129 0.9286323
0.2017057 0.6104246 0.3948424 0.3535232 0.6586588
0.5369506 0.779123 0.2585035 0.9326338 0.740121
0.1554107 0.9521061 0.7140919 0.1308213 0.1467338
0.7504601 0.7559508 0.4721761 0.1269282 0.0151714
0.1721655 0.4536122 0.04921482 0.5394287 0.1958826
0.8820901 0.4746559 0.1174905 0.09279758 0.4340704
0.277253 0.08103501 0.5275306 0.02671733 0.9816068
0.6186056 0.7764975 0.2510107 0.5410314 0.5757066
0.5877141 0.7684649 0.8294251 0.6517308 0.08177583
0.6125175 0.8011691 0.2693833 0.03981635 0.893454
0.4652701 0.6558702 0.9496547 0.5138977 0.1658497
0.1372797 0.5162945 0.765326 0.3474723 0.4751353
0.1908984 0.9175643 0.5410847 0.5804172 0.5097625
0.2590983 0.3905487 0.02377635 0.8561379 0.4587846
0.3062449 0.8614899 0.09167859 0.3760281 0.571623
0.5856478 0.8970789 0.6679038 0.60523 0.7693429
0.1718846 0.8921833 0.903074 0.3567605 0.4122095
0.407278 0.9187415 0.6031842 0.1264788 0.796376
0.1820963 0.09933237 0.6981532 0.8237087 0.8924315
0.03299115 0.5819307 0.4514698 0.3006572 0.8631757
0.164225 0.5259817 0.4551915 0.3987473 0.5940404
0.2331272 0.9786138 0.07854829 0.3321359 0.1656809
0.1598712 0.2109069 0.244022 0.9387907 0.7844561
0.8137016 0.05709429 0.188886 0.5922623 0.7337411
0.8033009 0.4568544 0.1715073 0.3669298 0.8292734
0.6660664 0.7170556 0.9148989 0.4032619 0.7140917
0.4153324 0.4037097 0.4134928 0.2282001 0.2795428
0.2395612 0.9956693 0.3296052 0.9559773 0.4601536
0.5347717 0.07387647 0.5553574 0.2456134 0.05811615
0.7851778 0.6005677 0.8751929 0.5365438 0.3037002
0.6918822 0.5980263 0.2922708 0.4306101 0.4297545
0 0.985938 0.5463328 0.6489022 0.7899294
0.3321722 0.1789947 0.2578741 0.8383493 0.2780015
0.04204728 0.365133 0.03343333 0.1591098 0.2553684
0.7010719 0.9199353 0.8917903 0.9026636 0.9338198
0.6891523 0.2626106 0.9348475 0.6920695 0.6704975
0.01888431 0.485712 0.6216993 0.3970725 0.6014884
0.0205734 0.01013957 0.9732862 0.7648821 0.4556448
0.3965084 0.5754899 0.2124587 0.1118902 0.07095454
0.7345734 0.5956866 0.07147611 0.6018482 0.2132981
0.1328525 0.840693 0.4347077 0.1690283 0.9141375
0.9809692 0.9531652 0.4549188 0.222579 0.5684688
0.4794312 0.6458268 0.08894924 0.9827793 0.5452761
0.4801863 0.4521146 0.790327 0.3974924 0.5382951
0.2714839 0.5928249 0.8642142 0.02863786 0.3203553
0.5781059 0.6191923 0.325992 0.6480705 0.9069514
0.9677742 0.4909772 0.2434393 0.970525 0.1631341
0.5611065 0.9156885 0.4725284 0.9277513 0.05968612
0.1490711 0.5837049 0.8372709 0.4684761 0.806969
0.04399741 0.1045696 0.8075189 0.1774495 0.236989
0.00368208 0.705327 0.4198712 0.5682683 0.662891
0.1436894 0.332247 0.2374267 0.4267723 0.5619501
0.2196553 0.8564959 0.7543864 0.1888129 0.2120249
0.4431472 0.758895 0.3362999 0.8612609 0.4472594
0.1309796 0.8736619 0.8699827 0.1505291 0.3838171
0.06547271 0.01324542 0.06819928 0.05586611 0.8396525
0.4384039 0.8993675 0.6487315 0.123443 0.5611087
0.4276681 0.994944 0.8249583 0.9643774 0.4120381
0.449383 0.7260051 0.6724535 0.343551 0.65662
0.2883874 0.2856321 0.8993327 0.414406 0.8973413
0.5820288 0.6519491 0.6569485 0.9305146 0.8642865
0.3591011 0.922758 0.1088194 0.586939 0.4910842
0.09827956 0.8905653 0.8499037 0.9485778 0.1413914
0.1525789 0.7917482 0.4589703 0.7413288 0.552893
0.3828339 0.9013526 0.2637153 0.8817297 0.2086525
0.5130296 0.927163 0.6969605 0.9150065 0.5825173
0.5808828 0.2015975 0.2136825 0.1900125 0.3501114
0.6002893 0.8345597 0.8737498 0.2898617 0.7304243
0.925106 0.2856525 0.2459818 0.416043 0.171782
0.4471008 0.7102289 0.4127508 0.4286173 0.3967127
0.3530463 0.6184945 0.3764937 0.1179987 0.9369734
0.5629215 0.4970149 0.0661446 0.490332 0.6913025
0.9884365 0.4629081 0.9897465 0.8433346 0.3297879
0.4481163 0.3847044 0.659243 0.6047182 0.155385
0.5910875 0.2901573 0.2821161 0.1290517 0.633534
0.9471526 0.8591247 0.4982145 0.4607044 0.5284397
0.615843 0.07457546 0.6508661 0.1192649 0.09812433
0.7230952 0.3110941 0.2860783 0.4361221 0.2570884
0.8525856 0.3249233 0.4440783 0.4982537 0.5928777
0.7380542 0.7232765 0.3808143 0.5888021 1
0.5217174 0.4109068 0.9270573 0.5295997 0.5178705
0.3418707 0.1625698 0.5283819 0.04711498 0.9854365
0.4583642 0.7421026 0.6519252 0.8336709 0.230282
0.4314131 0.9653274 0.7919955 0.9446443 0.2048648
0.4205419 0.7659608 0.8704918 0.4455687 0.8606272
0.404487 0.874879 0.3945901 0.172011 0.6429677
0.316677 0.9545459 0.7569636 0.02618383 0.4488171
0.529228 0.2106034 0.006668837 0.6239299 0.1989867
0.7091888 0.229339 0.8851897 0.1644315 0.6131151
0.7128548 0.1708314 0.949372 0.4787357 0.2546964
0.8037806 0.5484405 0.8000409 0.9651068 0.6225156
0.2621181 0.8710143 0.6150249 0.8945066 0.515739
0.9799862 0.9303946 0.1912408 0.5418864 0.4580195
0.5452536 0.02944208 0.1665318 0.9353799 0.2218199
0.7374242 0.6962754 0.2809323 0.01877407 0.7013774
0.372928 0.6189901 0.6590054 0.03199748 0.3861021
0.05621673 0.07170988 0.7223251 0.672106 0.1335342
0.9537522 0.2340246 0.567456 0.6678034 0.3449684
0.0433654 0.003050817 0.2254815 0.08555931 0.2269343
0.0280613 0.6548815 0.4372496 0.7878581 0.8199716
0.9236111 0.4330981 0.7815585 0.5500783 0.8057159
0.3104496 0.8886645 0.01275317 0.8897017 0.548223
0.2286435 0.6952593 0.1517369 0.5450667 0.6296049
0.0351043 0.00574381 0.3883676 0.89951 0.8723506
0.3517447 0.4311011 0.6794084 0.02123787 0.2190637
0.4317621 0.7156053 0.392502 0.06481374 0.3482018
0.4262478 0.5101145 0.208845 0.6577426 0.6416946
0.8231051 0.5755553 0.6138395 0.519998 0.04630479
0.9534134 0.9604728 0.05544096 0.7148469 0.4809706
0.2951735 0.63547 0.6939098 0.9976339 0.6060754
0.701444 0.8796503 0.5290796 0.09832712 0.9145592
0.8291178 0.4604278 0.8541288 0.5158502 0.2517579
0.7830808 0.5790323 0.2039084 0.9133383 0.6978212
0.1835339 0.9240964 0.6365886 0.6927172 0.1891521
0.791881 0.6360704 0.1104717 0.516189 0.0820182
0.1333868 0.6006277 0.2389773 0.653327 0.8038791
0.2791793 0.05090317 0.6899433 0.8875732 0.4833597
0.6473588 0.8323389 0.8978598 0.6219419 0.8895061
0.2982315 0.6949284 0.1576694 0.06566549 0.4415689
0.06961084 0.5414583 0.8689537 0.2563014 0.2200993
0.06352589 0.4038722 0.05084308 0.01335477 0.192208
0.2813912 0.6643435 0.3486998 0.5887365 0.732712
0.1468564 0.5213865 0.06409024 0.5790139 0.2777092
0.4853273 0.5853516 0.9929455 0.8735817 0.2323354
0.1925406 0.2691676 0.5254205 0.8552213 0.1831631
0.6461821 0.2408709 0.5878174 0.6374096 0.9202223
0.8894494 0.1145965 0.1196172 0.691647 0.06695374
0.04621505 0.1089601 0.06797763 0.8379613 0.8208997
0.869662 0.4779191 0.7982638 0.6672418 0.3000121
0.8872776 0.3492741 0.9741553 0.7958292 0.3535488
0.3908736 0.04878369 0.6880327 0.1945592 0.4385589
0.3978507 0.15595 0.9416281 0.4445266 0.6807325
0.2858374 0.08458912 0.01907844 0.1965702 0.820796
0.4402625 0.008487897 0.2921518 0.234357 0.6090162
0.04365471 0.6919284 0.4967412 0.488754 0.413484
0.2626224 0.4618798 0.05095631 0.4321048 0.8864018
0.130584 0.8713074 0.5512958 0.3628396 0.8682242
0.6541969 0.2968821 0.9252547 0.1565334 0.04199919
0.08478883 0.8307127 0.4855043 0.2512175 0.6547807
0.7160143 0.6253167 0.951046 0.1011472 0.1240788
0.2883757 0.2927865 0.6453659 0.7969949 0.9256566
0.5840422 0.7981929 0.8792404 0.234727 0.03183638
0.939737 0.419026 0.5956089 0.2214715 0.657633
0.5012442 0.4406298 0.5575093 0.3117424 0.9920743
0.3798659 0.772882 0.183098 0.6403084 0.4529979
0.7884564 0.1085017 0.938218 0.2070371 0.9986457
0.6864842 0.6981679 0.8403989 0.7418098 0.8610084
0.2604145 0.343871 0.4361654 0.9151552 0.3978472
0.9572781 0.9441844 0.6630578 0.9635558 0.7736745
0.1405888 0.0930223 0.1499357 0.7602237 0.6165417
0.611905 0.6662054 0.9944356 0.6237833 0.3751181
0.4241496 0.1781088 0.5613137 0.9935753 0.5838799
0.5565886 0.8811559 0.6693945 0.6456334 0.1676456
0.01243874 0.1374711 0.5622646 0.9615352 0.4548569
0.6406978 0.2690032 0.2281712 0.4817258 0.5263206
0.5048083 0.1727557 0.976986 0.5577143 0.2082571
0.5362007 0.9937816 0.5441432 0.02674201 0.6454475
0.4573076 0.5149475 0.4709029 0.03579961 0.1646127
0.1303022 0.4923884 0.477292 0.9800868 0.9301789
0.4907293 0.130291 0.4739019 0.4439154 0.5614006
0.8294969 0.9459497 0.9351999 0.852513 0.7317216
0.145372 0.7463346 0.7860723 0.3554263 0.8617633
0.122551 0.307747 0.7252787 0.1097617 0.8130985
0.4058164 0.7456099 0.0270276 0.47562 0.2261503
0.2825284 0.606269 0.2189685 0.1995133 0.1566043
0.1268283 0.3020617 0.2267004 0.9191092 0.8439773
0.714687 0.6600835 0.6908951 0.9737845 0.1129297
0.6753927 0.647709 0.907499 0.3692344 0.7892176
0.8000893 0.5032684 0.5790402 0.5288858 0.2578513
0.4655233 0.8206146 0.5340389 0.01600537 0.8002238
0.984843 0.3570169 0.6134049 0.5503993 0.3327817
0.5492591 0.2562655 0.4617354 0.3875022 0.244862
0.1837118 0.1549892 0.219253 0.5171381 0.4693355
0.06571989 0.9102132 0.1138329 0.107136 0.3109123
0.3126101 0.2412746 0.5180624 0.7466015 0.616832
