0.07977462 0.09591938 0.8966627 0.3639306 0.9445343
0.6167055 0.8982747 0.2999842 0.7431191 0.7910005
0.5060715 0.5742146 0.1195097 0.6882888 0.4430443
0.4696164 0.1445599 0.6782564 0.02449015 0.2723959
0.8704365 0.5774941 0.462371 0.8683038 0.7724846
0.1817269 0.7986865 0.3135109 0.4318429 0.2366075
0.8229913 0.1078324 0.2201994 0.8048442 0.9040071
0.4073259 0.4029224 0.1671611 0.1531084 0.03796059
0.4982824 0.9852339 0.8475749 0.4826925 0.8748476
0.7188735 0.0771013 0.07198523 0.7195239 0.472394
0.8681574 0.1023804 0.1574945 0.6215436 0.8682898
0.3473389 0.6924486 0.2527895 0.9919064 0.5547289
0.9566632 0.7568094 0.3473766 0.9925864 0.1340172
0.1967432 0.1836487 0.5621673 0.3913711 0.3870967
0.2108851 0.368659 0.333578 0.4538184 0.7528074
0.7563717 0.68805 0.09841621 0.4317248 0.04697278
0.8263897 0.7771866 0.312456 0.3469367 0.8954822
0.26241 0.4215736 0.9388044 0.6367985 0.04734942
0.2467331 0.2931516 0.4238128 0.8856155 0.7403931
0.1597284 0.1603534 0.1598974 0.47011 0.8377399
0.1091145 0.2041246 0.8953224 0.7649165 0.5346213
0.1709667 0.716251 0.969371 0.162177 0.2798839
0.6129718 0.8203085 0.9322058 0.9818515 0.9243364
0.5118233 0.1675036 0.3705679 0.5995916 0.9689178
0.2592507 0.2729161 0.6929982 0.8691526 0.653184
0.8840318 0.3375888 0.4325946 0.6319757 0.8222391
0.822479 0.2581489 0.7209921 0.2072494 0.9532233
0.7798728 0.4291909 0.223898 0.4180959 0.3249385
0.1576263 0.4473424 0.4046264 0.1198127 0.5356204
0.5276288 0.9760754 0.02630343 0.9654432 0.1326717
0.8359407 0.3499332 0.8127735 0.6301799 0.006053439
0.22555 0.8967635 0.7022335 0.0575261 0.006180368
0.4655035 0.5226289 0.626237 0.7197956 0.8369857
0.7655695 0.4789181 0.4514676 0.6380264 0.5239183
0.1305436 0.1321909 0.4657922 0.7077999 0.09373562
0.8133692 0.205772 0.01758473 0.7888675 0.3434462
0.4364701 0.9968584 0.2230573 0.1753115 0.7319414
0.75198 0.7731222 0.6456584 0.5894853 0.2828706
0.8688493 0.9631352 0.9136563 0.8944719 0.3828167
0.8989816 0.7417787 0.2482153 0.4883165 0.3248107
0.3881871 0.3185687 0.9284935 0.96596 0.3329298
0.05028663 0.3662996 0.6304883 0.4902789 0.9778725
0.6989295 0.287545 0.8807485 0.8458535 0.6534133
0.8256711 0.7091697 0.3102811 0.1445012 0.7185114
0.6117008 0.2658386 0.7383701 0.0747828 0.9327451
0.1418323 0.1614296 0.5574753 0.2681264 0.5449146
0.6400877 0.2446173 0.7870792 0.6500992 0.732065
0.4914124 0.1335512 0.8189774 0.2009645 0.6464049
0.04053332 0.4308584 0.4193841 0.2599212 0.75969
0.6447318 0.9085668 0.03303983 1 0.02033405
0.5508222 0.5244647 0.9576139 0.2915519 0.4123409
0.7305107 0.4714946 0.5196756 0.0459415 0.256772
0.7132552 0.5086596 0.3157415 0.02490515 0.6466318
0.1543358 0.5675486 0.4937063 0.6149075 0.4673953
0.7237795 0.5869926 0.4325149 0.3188821 0.665919
0.4530197 0.05741468 0.4257575 0.8637959 0.7395882
0.5116028 0.4066259 0.1257949 0.1042559 0.02489137
0.7485975 0.43176 0.4143748 0.09749214 0.801248
0.520045 0.6037873 0.08781525 0.3270973 0.985007
0.4994468 0.6817373 0.05755926 0.6591271 0.7445422
0.8575194 0.2549286 0.3270412 0.2630755 0.1008704
0.8102113 0.4010259 0.1012611 0.1773144 0.840788
0.9994904 0.7644627 0.620067 0.6245538 0.7267465
0.8072558 0.342776 0.8642297 0.5660327 0.6666631
0.4359633 0.6629692 0.7693972 0.1017413 0.8647394
0.007416981 0.7579557 0.4358981 0.103801 0.4619795
0.5041303 0.6836026 0.8709876 0.4128095 0.7697619
0.9988116 0.5641513 0.4456483 0.08817662 0.7481999
0.9668534 0.09870918 0.5033532 0.3922865 0.7248637
0.750921 0.146769 0.5435629 0.09247844 0.3891954
0.729613 0.1641168 0.5235716 0.4789306 0.03215506
0.09654406 0.3143663 0.192403 0.1829879 0.1289728
0.2151294 0.5618605 0.06725366 0.2296192 0.5664782
0.77667 0.3029884 0.8682126 0.9839495 0.874744
0.1320157 0.459413 0.8360312 0.8846097 0.6774059
0.133175 0.6102313 0.4502997 0.1744176 0.5934532
0.9001406 0.9912309 0.02682224 0.4197494 0.1626732
0.6540459 0.4037586 0.4944161 0.3054585 0.390902
0.08543899 0.2123707 0.6390313 0.9672593 0.05447705
0.8765042 0.7016646 0.2654816 0.7580086 0.5626284
0.167409 0.3334922 0.8900169 0.8121433 0.01671597
0.3306314 0.1036481 0.7425272 0.2168174 0.3332521
0.02262158 0.241724 0.1377846 0.0007308835 0.06992648
0.2846755 0.8300212 0.6382225 0.171237 0.3458533
0.8995413 0.672948 0.2110057 0.7924712 0.6555128
0.6760291 0.5906448 0.379891 0.1776812 0.4071181
0.2855123 0.6713298 0.2115233 0.3409604 0.1068918
0.6059678 0.2180429 0.8762049 0.124326 0.6125008
0.04851834 0.01978909 0.4988468 0.8655205 0.1816475
0.02190909 0.6050736 0.6608567 0.6757033 0.8686149
0.8624335 0.1283033 0.7374182 0.9830955 0.8253194
0.3983718 0.4528983 0.979048 0.3913598 0.2408903
0.872439 0.5876613 0.1269412 0.3565525 0.1230049
0.796101 0.2156313 0.2787085 0.8196164 0.7839512
0.9274452 0.07315518 0.5406662 0.8741566 0.6993468
0.8545026 0.9352767 0.6525129 0.7309711 0.6889349
0.8948407 0.957759 0.2254664 0.7099457 0.8578406
0.8520362 0.3376459 0.6368762 0.6840459 0.3560272
0.7784317 0.9409237 0.04334083 0.04296228 0.6793706
0.7086924 0.222901 0.3327393 0.4846764 0.2890267
0.6430277 0.5918155 0.2764388 0.04704235 0.9325181
0.08251457 0.4902237 0.8517193 0.6389579 0.476077
0.6059544 0.1460851 0.6944323 0.419349 0.9739364
0.9513518 0.7647142 0.4619706 0.326137 0.3532786
0.7218175 0.8132094 0.9897087 0.1167814 0.5038156
0.9190275 0.1040577 0.6501207 0.294693 0.8282954
0.489594 0.0918733 0.8696943 0.0266443 0.04419369
0.6792306 0.1027833 0.1559625 0.2298273 0.7066756
0.9191223 0.8982326 0.4037171 0.3758018 0.08066827
0.2932433 0.9787478 0.1250981 0.8618168 0.8281727
0.5737534 0.7280648 0.6288378 0.8185795 0.6794859
0.8967108 0.6174858 0.7206239 0.285409 0.1228908
0.2420936 0.79341 0.5883847 0.3560753 0.2216839
0.02717713 0.4528221 0.6528531 0.8358065 0.4501106
0.1855342 0.196371 0.9619045 0.281653 0.5164049
0.03581203 0.7753779 0.373373 0.2288693 0.1911818
0.4823305 0.3361368 0.2090911 0.8211167 0.2939773
0.1883288 0.9471035 0.8459534 0.5972035 0.0501418
0.5302051 0.6965077 0.1953833 0.8586406 0.6767749
0.2013806 0.5667952 0.4928364 0.8089158 0.9684076
0.7204852 0.4782533 0.4792882 0.7989676 0.9320606
0.5106027 0.7846355 0.2731366 0.2525509 0.2792636
0.8844374 0.991958 0.2756572 0.6643319 0.3211528
0.7763132 0.8577672 0.5286056 0.375252 0.9768868
0.4933941 0.2842748 0.1159071 0.05707597 0.6338111
0.2585723 0.5095798 0.7215444 0.4972915 0.6096885
0.276802 0.1412872 0.6094875 0.1588639 0.2897903
0.06461204 0.7500066 0.8953864 0.1417705 0.7281764
0.6401941 0.9365506 0.4798599 0.2311676 0.2428161
0.5714233 0.09768521 0.5585984 0.5683459 0.9154969
0.4170838 0.3673637 0.6794964 0.5438995 0.6327507
0.6922385 0.08094131 0.3348682 0.6201447 0.9519264
0.2573905 0.8886724 0.8110788 0.5842368 0.1606425
0.4605113 0.5399834 0.8407358 0.005660233 0.07176088
0.4757481 0.8787349 0.04048433 0.6391259 0.5372548
0.2882984 0.5662106 0.8522124 0.518315 0.3576473
0.08809017 0.9822112 0.01875524 0.07478078 0.689242
0.07944492 0.3348268 0.3130918 0.7826795 0.4894129
0.5286835 0.1193569 0.0740256 0.9352438 0.318437
0.6279733 0.4307194 0.09405807 0.3094136 0.6653869
0.8068295 0.3445482 0.2119813 0.6322257 0.1967234
0.19806 0.5247186 0.08199248 0.06908282 0.3624078
0.7291257 0.1179114 0.6364263 0.2099169 0.5237724
0.7472411 0.9217236 0.6913423 0.9268244 0.1477822
0.1173989 0.4547847 0.2527427 0.5235508 0.6273046
0.2588525 0.08840697 0.9700749 0.1662542 0.1079922
0.05877552 0.8572767 0.8975538 0.01881099 0.6899059
0.8448661 0.5598439 0.8817221 0.7453032 0.4912499
0.09553518 0.3845841 0.4233089 0.8859563 0.4249436
0.3133756 0.03450384 0.7414893 0.4680212 0.198142
0.5441999 0.3911756 0.3415705 0.9446625 0.840694
0.5768493 0.862605 0.8428528 0.8765019 0.4637553
0.835535 0.1706448 0.3024767 0.4754678 0.3233732
0.7499453 0.9690297 0.6068767 0.5032442 0.6840397
0.289248 0.6770131 0.9382128 0.3149519 0.3412891
0.7853735 0.7273195 0.5587311 0.0877052 0.8047177
0.7286492 0.617308 0.9010593 0.4640098 0.1151656
0.8099617 0.4731199 0.3081847 0.2119853 0.07989754
0.3512942 0.6279102 0.1716767 0.9802307 0.7541121
0.5022996 0.660865 0.201474 0.2561628 0.3038941
0.2175948 0.4673342 0.9253137 0.676663 0.9619712
0.9462006 0.9084194 0.6695857 0.01061836 0.8807224
0.5033816 0.9651606 0.1704891 0.09834864 0.6344489
0.5226481 0.3721962 0.6729071 0.6927366 0.00552851
0.8331358 0.9898792 0.6287449 0.5973722 0.4004896
0.3728248 0.1382068 0.2748285 0.8419395 0.923441
0.8685063 0.3120553 0.8907559 0.1558015 0.3426275
0.1521189 0.1370834 0.3001324 0.1678886 0.6632956
0.8507625 0.06715466 0.1104581 0.8414346 0.4702844
0.3045549 0.3000419 0.7653578 0.5191119 0.6283252
0.01116161 0.4449047 0.4182609 0.5423058 0.6858766
0.9783715 0.2872809 0.02921289 0.2491889 0.3702478
0.5018288 0.7115804 0.3190083 0.2598824 0.9549771
0.4132774 0.4356555 0.5548685 0.9665724 0.367006
0.4865875 0.7905802 0.6215313 0.1513695 0.3440381
0.3666715 0.318957 0.2107531 0.3397759 0.1976623
0.8765245 0.6716302 0.5479828 0.7188862 0.3583119
0.1162257 0.8790963 0.4538889 0.2781804 0.3477945
0.5750873 0.9921752 0.1964165 0.2880696 0.3210449
0.793291 0.5522014 0.1908461 0.07723483 0.6337877
0.149575 0.9127646 0.4895647 0.1064629 0.5499044
0.5893022 0.627671 0.3786409 0.7640956 0.5350584
0.2916193 0.02123289 0.03964115 0.4113832 0.5046428
0.3596299 0.7138991 0.1512892 0.05150072 0.9046182
0.1282889 0.5079111 0.7942602 0.4551667 0.6507916
0.1009661 0.1044138 0.06572466 0.2402275 0.04998333
0.325125 0.6858958 0.6372842 0.6404719 0.6663332
0.4670677 0.2593851 0.5314592 0.9482208 0.8327981
0.5254639 0.5898643 0.2254488 0.4950118 0.8120363
0.2118138 0.6707764 0.9468094 0.4433613 0.2561927
0.976188 0.7719777 0.1999314 0.478618 0.4584758
0.1806905 0.1226411 0.4368247 0.9096673 0.1791973
0.8224964 0.2419259 0.3900643 0.831219 0.4433424
0.4036646 0.1698353 0.7249367 0.09552269 0.3855052
0.2239703 0.8946251 0.5409804 0.7442963 0.8405085
0.1682872 0.9153145 0.7508299 0.379379 0.4556349
0.9390146 0.3362122 0.9871686 0.3812882 0.3239267
0.5940272 0.4937996 0.7781556 0.6522416 0.9625489
0.8352173 0.6998859 0.599505 0.1673124 0.6937237
0.6834534 0.3620491 0.8992132 0.6652855 0.05520935
0.2890027 0.9252493 0.0615269 0.7281901 0.2609758
0.03335362 0.3153563 0.6902099 0.09284797 0.2956889
0.6454745 0.5242019 0.91618 0.6850392 0.7495512
0.4956709 0 0.8285268 0.2666895 0.5904139
0.907885 0.4761614 0.2707264 0.7923587 0.4056626
0.9496267 0.8127262 0.5750348 0.7505447 0.9879562
0.02000626 0.9196888 0.59313 0.7672386 0.1526215
0.009418939 0.616818 0.4111209 0.6139656 0.1852643
0.7077799 0.6838173 0.7415242 0.5284388 0.7201568
0.9158528 0.3653232 0.6958326 0.7666448 0.5661117
0.9891365 0.1924448 0.4410215 0.9299999 0.9955649
0.6848415 0.02313182 0.9373344 0.3782274 0.6718868
0.1069078 0.5712217 0.9096364 0.9835843 0.3502405
0.4072878 0.2536151 0.3731396 0.2532204 0.9149555
0.6956896 0.05970151 0.09137632 0.3641714 0.3657432
0.9027334 0.7220166 0.09435982 0.5924828 0.4060456
0.5584303 0.4060539 0.2454713 0.8013205 0.4303769
0.08179619 0.006713906 0.4861957 0.2605537 0.4456952
0.108167 0.7096005 0.6980087 0.6613648 0.5754551
0.8013384 0.8046536 0.9911787 0.3331597 0.01121211
0.7076125 0.7166843 0.1856541 0.6062127 0.310864
0.7646727 0.07316823 0.6151428 0.9865517 0.5614227
0.1705153 0.2154838 0.7442227 0.8514658 0.05206039
0.7115181 0.2057928 0.5766453 0.0004019002 0.9720516
0.3224824 0.8933623 0.6694983 0.9193712 0.949737
0.4168833 0.5285289 0.04418467 0.7711489 0.9919922
0.0427103 0.2178992 0.5329519 0.5025348 0.3989731
0.05310756 0.2525794 0.6439185 0.2066675 0.7874573
0.2562529 0.07967219 0.7464441 0.5943619 0.3669431
0.6104742 0.576935 0.3151412 0.4217368 0.4023347
0.9507833 0.05159182 0.1274407 0.7434787 0.2137931
0.2424256 0.5767339 0.4812014 0.5631602 0.3621564
0.8635832 0.02653979 0.9230079 0.04187293 0.4388607
0.9794812 0.1981838 0.4976639 0.9168879 0.476596
0.359896 0.5508354 0.8191552 0.2173428 0.9163373
0.2538612 0.3553637 0.3906633 0.4183412 0.04630817
0.9700499 0.2860518 0.4785301 0.7901045 0.08780527
0.7072338 0.8208323 0.8652008 0.02125643 0.7247354
0.889766 0.3712863 0.5933477 0.4069235 0.1024479
0.8429415 0.9005823 0.5043698 0.3482305 0.3161489
0.573446 0.9529422 0.1037133 0.3095961 0.6255449
0.1829989 0.5165086 0.9117985 0.5217967 0.3952575
0.3381406 0.6073434 0.5447841 0.190628 0.8723598
0.7412811 0.1341184 0.2511545 0.7296384 0.3995865
0.8513696 0.6416707 0.7301749 0.1737618 0.4842087
0.9463353 0.5868967 0.2159211 0.2884298 0.8438145
0.7163578 0.3821688 0.1174723 0.2012 0.3624129
0.5791655 0.1192084 0.1819441 0.2504139 0.1669911
0.133528 0.5372777 0.6475907 0.9060189 0.3677549
0.2625626 0.2591133 0.9667597 0.4907541 0.09411383
