0.9759588 0.2323032 0.177467 0.321016 0.710098
0.191138 0.3166416 0.9545631 0.4881074 0.5623292
0.579066 0.6896748 0.4656615 0.7800174 0.5032359
0.9490854 0.7714667 0.2758087 0.6701356 0.8523641
0.2029753 0.8516654 0.9902621 0.4201881 0.1134312
0.7265628 0.7883143 0.4239624 0.4455173 0.9337494
0.1471511 0.500811 0.812962 0.06858496 0.09508271
0.3764234 0.2144127 0.5315575 0.8617648 0.3810788
0.3417978 0.4307251 0.6994566 0.5329037 0.7345009
0.8186146 0.9398765 0.8165109 0.7776267 0.2648517
0.1646494 0.3682443 0.4540038 0.1977276 0.9995602
0.01923548 0.7071247 0.5723777 0.7538132 0.4415679
0.4722102 0.8014614 0.4193993 1 0.7202003
0.2756769 0.5299302 0.1220371 0.8102819 0.1414285
0.521642 0.450965 0.07549056 0.1820654 0.6237938
0.1054274 0.3715419 0.9701334 0.541175 0.4198203
0.3118558 0.6766928 0.1899624 0.3701152 0.8129784
0.6756471 0.3274632 0.6299411 0.3393005 0.9602348
0.5652143 0.9174657 0.6912433 0.9268281 0.8980533
0.3868548 0.8229358 0.7905322 0.7070431 0.930848
0.07129587 0.136953 0.3250621 0.3866903 0.5015908
0.7666327 0.8982165 0.647505 0.6829143 0.8229859
0.9310906 0.143641 0.6278995 0.7331961 0.4637809
0.7931289 0.2818279 0.6341443 0.5497782 0.766759
0.9369084 0.2309246 0.2317692 0.3197008 0.1361107
0.1937534 0.7279737 0.7267841 0.806888 0.1485627
0.1311088 0.03685157 0.8486691 0.8913092 0.003633715
0.3728968 0.005185459 0.2131003 0.1235117 0.9403948
0.5930536 0.1661968 0.1523569 0.2311929 0.3580203
0.343311 0.924293 0.3020905 0.1780575 0.4182157
0.3328284 0.6400014 0.5014382 0.5048896 0.799343
0.1211855 0.4780113 0.5207615 0.3042142 0.721512
0.9818156 0.4770006 0.4152399 0.864622 0.750721
0.5466714 0.4587572 0.5907071 0.04962326 0.3585895
0.166907 0.7995931 0.7223294 0.880153 0.8459461
0.8350139 0.1359623 0.5312826 0.4251107 0.204273
0.8601512 0.4595156 0.2767784 0.6182362 0.369664
0.4837847 0.7867233 0.2911138 0.5924293 0.4344041
0.0177597 0.3288709 0.6956329 0.8269435 0.5499867
0.6837364 0.05179891 0.5910657 0.7559901 0.03316842
0.1570708 0.9860384 0.5041947 0.9191981 0.9665994
0.1478214 0.507707 0.8643312 0.4571318 0.3635293
0.5372837 0.7905922 0.8529336 0.821708 0.4407758
0.09450651 0.1817389 0.2677229 0.7079406 0.7469957
0.5371604 0.3502509 0.2206441 0.5292877 0.002778425
0.3098904 0.2515661 0.5160075 0.2117 0.9967323
0.4764366 0.52827 0.5737684 0.5476533 0.4728075
0.9011413 0.1721643 0.4038657 0.1664221 0.06093736
0.4118425 0.3051204 0.6270644 0.6105306 0.9470698
0.4854464 0.3150005 0.4968221 0.1486445 0.6870932
0.8164761 0.6317409 0.6271133 0.003175417 0.9566559
0.4725659 0.6765898 0.6730642 0.8780698 0.06090582
0.03798007 0.08156615 0.1319102 0.5148371 0.1486485
0.6479648 0.4921288 0.7858077 0.4228079 0.6440062
0.7337025 0.2754058 0.94904 0.3374851 0.8549972
0.5818154 0.6951043 0.724563 0.8411334 0.08502088
0.8199831 0.8523291 0.2621183 0.6063718 0.4306105
0.6744808 0.6077806 0.1333851 0.131927 0.0308308
0.44536 0.6287632 0.2908195 0.09032061 0.763569
0.5072706 0.06876543 0.1723579 0.2637816 0.9868463
0.9072406 0.05511635 0.8553604 0.8108688 0.5198312
0.5361557 0.3412042 0.6448134 0.3027243 0.09709055
0.6609073 0.3502797 0.9600262 0.7976142 0.4062432
0.4282011 0.9282997 0.3014559 0.7411289 0.4527889
0.997492 0.4661936 0.6918728 0.978479 0.4455409
0.6906511 0.09532997 0.7312107 0.9309177 0.9879115
0.8404066 0.9757212 0.666826 0.8169447 0.9351616
0.3797404 0.1490078 0.7841813 0.2090982 0.4019817
0.8095881 0.9888137 0.691438 0.6192906 0.06756346
0.0263225 0.2729496 0.7661385 0.1673897 0.159214
0.6828592 0.4112081 0.973099 0.004984355 0.4146259
0.654267 0.01096875 0.7544964 0.853014 0.1619385
0.1432272 0.3514983 0.6890234 0.5810252 0.2452083
0.7774557 0.175953 0.0533455 0.7257917 0.5099163
0.95067 0.5417883 0.6383851 0.160542 0.8012529
0.5265155 0.1061654 0.8861903 0.08012731 0.8364084
0.7326155 0.7415331 0.8084254 0.1017891 0.5117023
0.5715661 0.7657295 0.8152303 0.8690064 0.8512138
0.5153004 0.7907566 0.6264781 0.6725057 0.2262109
0.9383902 0.7486192 0.9971144 0.3228192 0.1360287
0.3855494 0.8357748 0.4416232 0.9680506 0.06094595
0.8447928 0.1195482 0.7224998 0.6868418 0.3918097
0.5972933 0.7895219 0.7308359 0.5372079 0.9732257
0.4166154 0.04709253 0.5137127 0.5233193 0.9503173
0.8627987 0.8751122 0.9857855 0.6205766 0.3627464
0.1051789 0.7522463 0.356656 0.7376927 0.003722901
0.03032309 0.1635512 0.4053263 0.09229442 0.1586647
0.06291048 0.6350768 0.5466626 0.810577 0.9152802
0.2065528 0.9482387 0.6899956 0.1142727 0.1041285
0.9749189 0.04414464 0.5757982 0.4166639 0.6146229
0.09031568 0.4977102 0.6234431 0.07856304 0.3685553
0.5192975 0.4182735 0.02895242 0.28634 0.01552963
0.1131848 0.7079904 0.435097 0.1201949 0.6704629
0.9035593 0.3219826 0.1798488 0.6960668 0.7125779
0.8805199 0.4266289 0.8407608 0.7152387 0.1199854
0.01353026 0.1813339 0.8836696 0.9113412 0.005787325
0.5878919 0.4518304 0.5715731 0.001178647 0.6426874
0.6112725 0.800867 0.303537 0.4105113 0.07837416
0.2371031 0.5298225 0.09036297 0.1757206 0.5647578
0.02236245 0.1375462 0.01493158 0.7573239 0.9236515
0.492942 0.6167558 0.8892954 0.2306806 0.1360204
0.8183567 0.1882151 0.7488275 0.9918586 0.1425558
0.3218831 0.1109714 0.2598113 0.6351462 0.627516
0.1722704 0.8818131 0.2090274 0.9142763 0.05053796
0.2869747 0.5510319 0.2042816 0.3354877 0.1932943
0.6440639 0.3028294 0.167997 0.004328424 0.3188821
0.9925322 0.5943653 0.9652154 0.2583351 0.9787723
0.5331424 0.4878668 0.2424876 0.6260525 0.9718717
0.4761764 0.1852371 0.3950398 0.6011515 0.2065915
0.7761671 0.1305309 0.4645523 0.3767991 0.6180583
0.9526347 0.3653924 0.8838991 0.7777792 0.4272555
0.9083513 0.735842 0.7497032 0.02740071 0.4700874
0.3308761 0.9538001 0.7453522 0.8136124 0.2313406
0.9922526 0.5462045 0.7533925 0.7737291 0.2093062
0.9977836 0.3833123 0.7175191 0.01825771 0
0.9008802 0.0281862 0.5931899 0.5191056 0.003746267
0.8609504 0.7898725 0.3047587 0.01266165 0.9805535
0.1986579 0.2842404 0.1461405 0.4421094 0.3682177
0.5464406 0.2556006 0.6066044 0.7241169 0.0005764788
0.6018298 0.1469473 0.5963093 0.8486447 0.7111852
0.3414053 0.4109284 0.1393702 0.1711958 0.1988703
0.9921721 0.501496 0.7546686 0.2659883 0.1417547
0.4426713 0.08815336 0.7185771 0.2677588 0.5587577
0.5989586 0.7655508 0.1412518 0.3111428 0.02072265
0.9169174 0.07718989 0.5241783 0.04421468 0.1422944
0.9629144 0.283887 0.6121765 0.4234756 0.8046444
0.09759429 0.8114254 0.5636895 0.001052683 0.7550872
0.6131486 0.6847592 0.3684275 0.6226622 0.4188328
0.2140947 0.6134919 0.03892294 0.5571823 0.3532952
0.3809549 0.8892022 0.235237 0.8507791 0.4664638
0.9137142 0.2771467 0.8621325 0.9558097 0.08204341
0.1049389 0.2834276 0.2347502 0.1172006 0.9422753
0.2398049 0.5161824 0.303907 0.1524587 0.9859837
0.04719837 0.3881254 0.3407917 0.6318074 0.6761364
0.8226389 0.2633356 0.7032046 0.8568413 0.814285
0.5332337 0.9719693 0.9372582 0.5047275 0.4500113
0.07503701 0.610744 0.6638466 0.16985 0.4133917
0.03850125 0.6321207 0.3205265 0.9371177 0.2442444
0.2990958 0.08190895 0.4742609 0.2764862 0.09234592
0.221049 0.9190127 0.5793158 0.5467569 0.2725051
0.3313387 0.3991976 0.3295603 0.2279116 0.8579951
0.8196796 0.1757746 0.2632155 0.2362643 0.4250604
0.07415764 0.8990631 0.2850925 0.8698279 0.9425828
0.1962474 0.3481354 0.7621788 0.4125247 0.07427816
0.8605777 0.8198374 0.4088516 0.6724472 0.2444048
0.7734573 0.4213283 0.8232911 0.1375509 0.1397528
0.7534813 0.3151815 0.3233321 0.3565943 0.09657222
0.2112408 0.7669929 0.1726261 0.2606207 0.2640997
0.4545227 0.9059232 0.2503511 0.2617399 0.8813234
0.4736954 0.3136092 0.8922029 0.8615271 0.4179781
0.7692546 0.913014 0.7797602 0.08625169 0.6585104
0.3412648 0.3293178 0.1041959 0.8254251 0.3210835
0.8389869 0.5001101 0.455509 0.4321347 0.8465926
0.7531671 0.5117412 0.7704305 0.7457021 0.2783095
0.05847533 0.6434795 0.6095364 0.0371647 0.6675973
0.7371387 0.4214637 0.5788961 0.2310182 0.2601885
0.9088741 0.8925841 0.232525 0.9418709 0.101365
0.7768581 0.8670485 0.06188351 0.365306 0.07318222
0.3513585 0.2662646 0.6892723 0.6354345 0.6578746
0.7571453 0.04866315 0.4944534 0.7344591 0.06499985
0.7605582 0.8059979 0.763521 0.0227875 0.8739498
0.9911281 0.7003511 0.8109863 0.08619888 0.8122472
0.8324608 0.3653167 0.4970561 0.7541862 0.5011618
0.6921751 0.8725529 0.5361151 0.1763865 0.555179
0.07388855 0.998427 0.4524422 0.2860311 0.1685186
0.232238 0.4892089 0.7445477 0.7276794 0.5422478
0.8702144 0.4239316 0.6695614 0.4299196 0.3839234
0.7758532 0.6089702 0.7248578 0.1765048 0.5947439
0.61429 0.105721 0.06301691 0.006260557 0.5088218
0.541096 0.7407454 0.6641476 0.6424522 0.9688186
0.517188 0.2119481 0.7580425 0.5048166 0.218254
0.6303169 0.5190465 0.3930777 0.1000921 0.02225655
0.7226238 0.4394617 0.7356672 0.8135237 0.677659
0.8525786 0.422787 0.6545398 0.3444368 0.5454971
0.002597469 0.743187 0.6740096 0.6688492 0.005280617
0.8004356 0.1187817 0.7337805 0.3996823 0.4060458
0.8360583 0.4810718 0.7507007 0.2528634 0.09026878
0.1076575 0.06354738 0.02869787 0.08594945 0.6247481
0.9948752 0.417817 0.2194436 0.07173095 0.6697818
0.9803678 0.575886 0.0172403 0.7275736 0.2566171
0.8698326 0.9775175 0.8984029 0.1174608 0.1540201
0.1113489 0.2184071 0.2507677 0.8446924 0.7949482
0.7848457 0.5406556 0.05979289 0.1393658 0.9379113
0.7557615 0.1323339 0.8531715 0.9532472 0.8746905
0.884377 0.04293746 0.1729019 0.8280927 0.4427538
0.3217927 0.5945186 0.9450053 0.4896698 0.4067928
0.4544245 0.5953995 0.5391949 0.2385654 0.4767381
0.1518025 0.1947816 0.7820761 0.9321296 0.4144846
0.8890037 0.9755815 0.6992758 0.7255027 0.6618157
0.6785995 0.8057194 0.8519529 0.4159611 0.6523594
0.7402873 0.7340376 0.361138 0.07010089 0.3455639
0.2457171 0.4252445 0.7555442 0.1557066 0.6429819
0.8886152 0.01903577 0.6548218 0.8327514 0.5666058
0.5793607 0.3442263 0.04614239 0.2857085 0.4364602
0.4840013 0.7852324 0.7662977 0.2478573 0.008455141
0.2876283 0.5158134 0.3709239 0.0663657 0.4290195
0.2622695 0.2308258 0.9952926 0.2752019 0.638259
0.9393065 0.3285391 0.8525154 0.7749723 0.9074676
0.7051301 0.7098629 0.9184987 0.6757131 0.01024461
0.2173745 0.5143166 0.8430824 0.7691395 0.3674071
0.3036975 0.1137102 0.4565124 0.465217 0.9323545
0.2869607 0.09481977 0.2873018 0.2117131 0.2476768
0.06163105 0.341302 0.286869 0.6984488 0.03114478
0.1581292 0.2446564 0.6245065 0.05735103 0.3542555
0.09124203 0.6133156 0.8430476 0.2288433 0.5962174
0.4737215 0.09592495 0.9314838 0.1503052 0.7563572
0.8241149 0.6550341 0.4155891 0.7799633 0.208144
0.1538856 0.05606379 0.3827292 0.05026865 0.5961755
0.7722686 0.5427667 0.0916842 0.5090468 0.01761701
0.4940614 0.2605509 0.08765335 0.005942211 0.1315431
0.8754341 0.04181063 0.5730684 0.4481463 0.6413256
0.8431654 0.9478189 0.05494135 0.03319242 0.6549498
0.02401615 0.329666 0.348553 0.7682588 0.3213191
0.3227265 0.6357249 0.9402709 0.5242452 0.1405832
0.1125904 0.1087322 0.6523924 0.510278 0.585658
0.1861987 0.38903 0.6849158 0.5045796 0.4019557
0.4950819 0.4167925 0.2591806 0.9318299 0.7967324
0.6308426 0.7642085 0.2877254 0.6575274 0.7872294
0.5783949 0.8422475 0.7708047 0.3686836 0.03402942
0.9803786 0.4289907 0.09612212 0.1898947 0.9180545
0.3371663 0.3459355 0.6276972 0.5299348 0.7451229
0.2659239 0.7663128 0.03759743 0.9256063 0.4618032
0.9485502 0.6940603 0.6840177 0.6662262 0.1595611
0.4790829 0.359507 0.5018646 0.3346208 0.7092755
0.7102313 0.1218381 0.4711961 0.3906313 0.09112101
0.5186967 0.2194621 0.8955378 0.7629668 0.2639521
0.364906 0.5857923 0.6927106 0.3007867 0.8149267
0.3355335 0.09769821 0.1895927 0.7476612 0.127931
0.4904502 0.3600147 0.09876673 0.1722384 0.3367348
0.7085458 0.2673264 0.4017036 0.7178993 0.2249321
0.3602867 0.7169464 0.6620435 0.606816 0.1081618
0.744344 0.6775086 0.5076372 0.1931884 0.5574221
0.998763 0.1023352 0.2804108 0.3177606 0.823396
0.1983236 0.6966768 0.2037876 0.7085394 0.2437472
0.6430309 0.1930992 0.1894485 0.04098676 0.5231115
0.1733613 0.7923371 0.9682097 0.1191234 0.7009685
0.5530812 0.3488838 0.9387467 0.1027963 0.8345552
0.02446381 0.6112414 0.6050349 0.4043324 0.7946732
0.459839 0.8419241 0.9211587 0.1358217 0.008396359
0.0776949 0.313987 0.01288317 0.3268569 0.3115474
0.8807344 0.8427509 0.1782351 0.08420877 0.408428
0.8062429 0.3048274 0.9742921 0.9425982 0.5642475
0.9352122 0.3119541 0.8961119 0.4363842 0.9323585
0.4289567 0.7054273 0.8663069 0.5878377 0.7906587
0.7911292 0.8738404 0.3011064 0.6127928 0.7096354
0.8042269 0.2072619 0.3081837 0.8105095 0.1320429
0.517679 0.2759117 0.3712953 0.9378155 0.198795
0.687993 0.8893195 0.9472514 0.1174895 0.608452
0.7846101 0.2430086 0.3442962 0.4565588 0.9676977
0.7999579 0.1403623 0.8105412 0.7805731 0.746886
