0.1669673 0.190788 0.01332079 0.4556871 0.2672093
0.07450156 0.2097744 0.8350389 0.4928664 0.5090739
0.876085 0.6570072 0.2923395 0.9301505 0.08761711
0.2033691 0.4997685 0.2182163 0.1704707 0.1114433
0.3605689 0.351859 0.1627869 0.4290979 0.847578
0.1248737 0.00898228 0.7498955 0.1957628 0.38698
0.5043374 0 0.9039447 0.8619461 0.7027191
0.9911779 0.1057263 0.2763631 0.8540901 0.3056722
0.3721131 0.5463857 0.6803796 0.8558894 0.127817
0.2406317 0.2814509 0.7596693 0.13498 0.3149937
0.4029732 0.9039608 0.6379266 0.5101559 0.8929598
0.5906008 0.8913546 0.002604172 0.5883929 0.7741009
0.9126469 0.9569374 0.7031671 0.03581119 0.4491532
0.231814 0.68726 0.6070608 0.7527093 0.0578697
0.01904279 0.9327631 0.5039073 0.7580985 0.9185669
0.2334632 0.2709598 0.3902007 0.6087032 0.00279243
0.5763473 0.459284 0.8261284 0.5543607 0.7535812
0.04506351 0.7074521 0.9096935 0.6444593 0.5303552
0.7668235 0.8322956 0.5350323 0.01791161 0.2070307
0.8088752 0.751944 0.6025444 0.6756128 0.7013269
0.4627634 0.5721413 0.5976033 0.05964953 0.6418892
0.7877499 0.8160039 0.6212308 0.1755449 0.02739122
0.4700798 0.9454273 0.1720179 0.5122996 0.5069997
0.07827963 0.3518234 0.7998715 0.003743813 0.9268376
0.01155232 0.04248173 0.3977113 0.3978766 0.1781254
0.3349308 0.2688719 0.1383355 0.6965819 0.7894582
0.4654594 0.08043637 0.523444 0.4232886 0.7115334
0.6065597 0.7115236 0.8805557 0.7157561 0.5760058
0.6191273 0.7973544 0.8738448 0.1086791 0.1866893
0.02505442 0.133981 0.5011831 0.4732607 0.01408036
0.72702 0.2533537 0.8462717 0.0542783 0.1745655
0.4182152 0.5741336 0.3549944 0.6692569 0.9857541
0.2279733 0.1242719 0.7747776 0.6697071 0.1505682
0.09423168 0.3392737 0.7801378 0.3174908 0.2821347
0.5952086 0.2597365 0.587912 0.1947811 0.9148606
0.9207968 0.5955203 0.6753885 0.8185448 0.6361559
0.810905 0.2168405 0.02322945 0.2489236 0.6313799
0.7023006 0.7830905 0.2923929 0.3356712 0.4966603
0.8640453 0.3137914 0.5615332 0.1858694 0.1842466
0.5267736 0.1133361 0.2333736 0.727487 0.4977244
0.1941158 0.3554687 0.1355646 0.8144134 0.4880473
0.5751433 0.7110064 0.9491945 0.2100224 0.4354672
0.4437247 0.6732999 0.5485654 0.9531311 0.3146743
0.6518706 0.349246 0.1657081 0.9489077 0.6145397
0.2699545 0.01848692 0.7268546 0.4315704 0.2148527
0.3604715 0.2695117 0.6685224 0.4694473 0.8070191
0.6606719 0.6695452 0.6798845 0.1519001 0.2892322
0.404419 0.8368477 0.01416336 0.07581699 0.206235
0.6154751 0.9927477 0.1303222 0.1658086 0.7837902
0.8363172 1 0.731109 0.4725855 0.251682
0.2444425 0.5699806 0.5249154 0.397605 0.245107
0.3409256 0.9488015 0.462461 0.6953356 0.4960476
0.6231919 0.1972511 0.8703606 0.8091495 0.9910628
0.7066701 0.06984932 0.1753343 0.585021 0.546691
0.1447361 0.5485938 0.7559591 0.5075148 0.1548712
0.02479178 0.4975688 0.2364675 0.7982366 0.5736597
0.1690173 0.4903476 0.8880258 0.8790662 0.2971725
0.572713 0.07468868 0.6564883 0.1123846 0.1910119
0.3062519 0.2575935 0.7216078 0.2710705 0.8137788
0.0795831 0.5345909 0.3839497 0.05662674 0.7022997
0.05872177 0.07291047 0.7916996 0.07848005 0.8430301
0.03875139 0.9858244 0.6358263 0.4649795 0.6621113
0.9440762 0.9954529 0.5938558 0.552174 0.2444385
0.1893109 0.5776913 0.3920172 0.6873045 0.1804494
0.3434829 0.4363481 0.3374297 0.8728136 0.2969148
0.3449472 0.1650784 0.4344184 0.310993 0.1235038
0.4486959 0.6822255 0.8613636 0.6582899 0.7954426
0.04973025 0.1169869 0.4800476 0.9571336 0.2182225
0.300608 0.7829464 0.8608836 0.3729519 0.7164726
0.4961389 0.8485804 0.6039728 0.381942 0.9217155
0.9536955 0.3598376 0.9926571 0.4736497 0.5460363
0.9210873 0.2092181 0.521191 0.0869318 0.5036296
0.9676756 0.9993835 0.7979126 0.1458201 0.7341625
0.7687244 0.8212549 0.3441694 0.4831228 0.6775343
0.0366593 0.1615839 0.2677467 0.6734988 0.2601915
0.585023 0.4245955 0.323189 0.7507139 0.4306663
0.437012 0.8635897 0.6454698 0.4564713 0.6071206
0.4830917 0.6997384 0.8925755 0.5643123 0.879893
0.008613306 0.738022 0.2328196 0.1346436 0.3781059
0.7061772 0.2773582 0.74567 0.7233189 0.2507996
0.4090118 0.4772711 0.1975796 0.5125505 0.2912852
0.8003493 0.8075728 0.5576572 0.8809143 0.8585368
0.2942923 0.1088826 0.9476338 0.1136212 0.1649207
0.9076214 0.06612682 0.8239756 0.7209985 0.1002161
0.4454664 0.04109109 0.8912435 0.2340071 0.7323258
0.771256 0.451562 0.8400751 0.08124515 0.4209955
0.4398799 0.05715648 0.2724551 0.7142401 0.3287659
0.2498016 0.3417903 0.9798014 0.8434072 0.6998523
0.04645463 0.05025442 0.03304961 0.3077234 0.8329265
0.6129022 0.9132537 0.1788042 0.01018957 0.1865925
0.04261196 0.5801272 0.9791676 0.4115727 0.4230876
0.9461995 0.2806346 0.3008166 0.7500566 0.3786085
0.8394502 0.3253845 0.5040311 0.02403605 0.8534311
0.07823332 0.9528811 0.6794562 0.9623233 0.04670407
0.8215548 0.8470741 0.07515018 0.2411879 0.1601126
0.8855571 0.7684809 0.5928062 0.9199815 0.5004086
0.7446594 0.05361734 0.743472 0.5793491 0.6364251
0.3911975 0.824467 0.927322 0.4922004 0.388978
0.250841 0.2073143 0.7346993 0.3065085 0.5999762
0.696133 0.3622126 0.1734135 0.05351481 0.7308548
0.9372197 0.3477666 0.9452509 0.1819817 0.2035773
0.8506945 0.5002012 0.909743 0.4669411 0.2169273
0.7644022 0.7777036 0.8127549 0.7043281 0.2069775
0.1618235 0.3623906 0.3013042 0.9408702 0.2513589
0.9673656 0.5894038 0.4121336 0.2778025 0.5127506
0.4199361 0.5751228 0.9226783 0.5544821 0.6016361
0.9858529 0.6689726 0.6056177 0.3763669 0.7090378
0.6365916 0.983616 0.6468911 0.8875161 0.334498
0.3789561 0.1056602 0.5469532 0.2634848 0.8781216
0.9447306 0.1342099 0.4746012 0.2914049 0.4291558
0.1265202 0.757314 0.5200671 0.5977686 0.2868062
0.458454 0.4820254 0.5993684 0.1279849 0.08222382
0.9344775 0.7701058 0.3983363 0.01827787 0.1745182
0.03582975 0.3701651 0.7654747 0.4469165 0.005172536
0.05790769 0.9413229 0.3141864 0.1633007 0.9283091
0.8470788 0.9100823 0.7924934 0.5672727 0.1603053
0.8828131 0.2883169 0.4356708 0.06879909 0.2501812
0.7763726 0.6788936 0.9812635 0.1612269 0.8214201
0.6722676 0.08525728 0.6645614 0.3622599 0.1185966
0.311732 0.01340899 0.7448004 0.7006575 0.7708127
0.08418405 0.3125637 0.4321425 0.7880712 0.2817108
0.1372803 0.456467 0.162996 0.023812 0.4562708
0.3835722 0.1664437 0.3644887 0.8228892 0.9172403
0.4923316 0.5738205 0.1815865 0.3386131 0.6775475
0.6187396 0.243494 0.2040774 0.3704254 0.5496568
0.461059 0.144214 0.6837044 0.8102923 0.7241408
0.05772597 0.4380496 0.4588211 0.1509242 0.8629242
0.532376 0.4798941 0.5078421 0.8509363 0.3190802
0.100856 0.5012045 0.2903641 0.4962772 0.5976931
0.761948 0.8947848 0.7614237 0.6216506 0.06000624
0.8032908 0.4397656 0.3596544 0.6891734 0.8342726
0.660952 0.01093499 0.8473502 0.4343146 0.2571954
0.9426368 0.5218242 0.8167294 0.2400267 0.713205
0.4743233 0.6732496 0.8814987 0.6390867 0.7981501
0.1655012 0.8321912 0.5049414 0.07056026 0.4153903
0.4597363 0.7614508 0.08540185 0.4224333 0.01662753
0.1719266 0.1546228 0.2834512 0.8475556 0.1589219
0.2178135 0.9710461 0.0412193 0.676069 0.09359223
0.07237422 0.5531255 0.2168392 0.7194886 0.8355859
0.08721087 0.8857118 0.8441441 0.2795967 0.3009947
0.9478585 0.4660657 0.7531198 0.8441767 0.3927482
0.1758144 0.8707294 0.5250573 0.5275364 0.04329184
0.6842473 0.2075663 0.8542383 0.5935422 0.07435281
0.3736936 0.2309293 0.1958921 0.6887746 0.6341718
0.04564408 0.2851454 0.5315537 0.06866812 0.2712312
0.260803 0.4736959 0.3473769 0.3653952 0.1876419
0.866436 0.5457512 0.6390136 0.4163703 0.08570513
0.08399306 0.3065262 0.9660754 0.09676621 0.4634943
0.023186 0.04944865 0.3406664 0.7976762 0.3384301
0.3793348 0.417652 0.8568674 0.4991202 0.5328579
0.8947822 0.329236 0.5576377 0.4626698 0.5335053
0.9871302 0.05410485 0.06771917 0.7175803 0.5626629
0.3682019 0.3594331 0.4303694 0.5809107 0.6250813
0.1985059 0.2488151 0.4750302 0.5170174 0.7690786
0.9630352 0.2296632 0.1027571 0.6113427 0.3863528
0.3726776 0.6613587 0.4060773 0.1406283 0.643951
0.4740655 0.9314113 0.3272069 0.6536451 0.8719485
0.2356577 0.4070309 0.2705258 0.8671036 0.4049755
0.06928658 0.5876354 0.6836306 0.9195028 0.1980228
0.2957846 0.7262163 0.1661375 0.8607976 0.5755344
0.2979158 0.1203719 0.4578077 0.9473 0.143118
0.9082021 0.1884574 0.5069074 0.09250254 0.05869136
0.810755 0.2110809 0.9537663 0.6187663 0.2652033
0.246727 0.3960461 0.97292 0.8579364 0.6449249
0.09550681 0.7716176 0.1145973 0.5501019 0.6298281
0.08243406 0.3122279 0.8712659 0.4144537 0.6177602
0.8568405 0.6000969 0.705945 0.7105673 0.6796897
0.265414 0.4222723 0.8521051 0.2261501 0.9522492
0.8699449 0.7364994 0.8692764 0.8353696 0.9512956
0.1433565 0.7902913 0.0245071 0.9459216 0.7453384
0.09562253 0.7386459 0.02571152 0.106185 0.6034182
0.1913085 0.714619 0.916559 0.7720065 0.5728788
0.197151 0.6003979 0.4832148 0.8643537 0.5880748
0.03693452 0.5414913 0.926336 0.8142464 0.8221193
0.8579165 0.4549465 0.03762354 0.1488633 0.5694442
0.6848893 0.07576323 0.6882397 0.27187 0.4055739
0.01151299 0.6003229 0.04531 0.04346618 0.6188118
0.7513732 0.8030174 0.8684979 0.4931297 0.816551
0.8002233 0.7647959 0.9727945 0.856742 0.3279378
0.2017393 0.1007711 0.9314129 0.3811149 0.8045661
0.878443 0.5185056 0.6893234 0.9071797 0.1066684
0.7716516 0.1997446 0.06316052 0.4603841 0.7139734
0.150625 0.400819 0.07274217 0.5917826 0.1175775
0.7233762 0.3226591 0.6390043 0.6336639 0.2966399
0.5557188 0.9117443 0.5930837 0.5226553 0.619617
0.4318405 0.5179262 0.9730861 0.5149894 0.6990352
0.8113148 0.2418964 0.4146816 0.2011858 0.06566144
0.08354672 0.4356511 0.5816999 0.01494818 0.804137
0.458039 0.1287403 0.3225926 0.4691705 0.1968441
0.01892322 0.5682015 0.911244 0.2566201 0.9536488
0.5016573 0.2634023 0.414997 0.8548473 0.9590988
0.3071514 0.8137065 0.7324874 0.03968625 0.3019138
0.7748063 0.03039749 0.8788874 0.674496 0.5040428
0.03877991 0.3813705 0.3146723 0.400503 0.9047684
0.6794242 0.7636581 0.3116493 0.4811424 0.04845052
0.5537236 0.495708 0.1449852 0.1818152 0.4174877
0.04685876 0.8652933 0.4609742 0.5961427 0.7052601
0.154471 0.99979 0.2164782 0.4791307 0.8028931
0.06073677 0.5897975 0.3032571 0.229644 0.2819528
0.0790749 0.8759886 0.5342534 0.3687886 0.01233382
0.06061696 0.8341629 0.9049535 0.7010725 0.01160138
0.1662478 0.2328726 0.6838663 0.03004702 0.7429478
0.3668779 0.02054138 0.8312696 0.1679651 0.4721999
0.9479333 0.7855732 0.8926281 0.7363447 0.6452973
0.2354673 0.5407844 0.02169516 0.6940998 0.6626212
0.3382498 0.6101411 0.2239345 0.5626277 0.9298654
0.7882329 0.9923178 0.3432418 0.003549464 0.4352775
0.5655833 0.5775702 0.770095 0.4663805 0.1346226
0.27022 0.3517262 0.9740166 0.3909319 0.05622942
0.8981712 0.6784629 0.2474519 0.8473461 0.4898792
0.1299221 0.825568 0.4153555 0.9047799 0.2549663
0.80465 0.02091734 0.2533636 0.2181966 0.189868
0.28748 0.0684532 0.2816483 0.6439765 0.5390319
0.8622973 0.4163558 0.6020939 0.3149543 0.760284
0.9139714 0.7246298 0.843846 0.7853588 0.0357454
0.6836348 0.4763828 0.2457393 0.3929945 0.7698327
0.1588351 0.9907602 0.1326598 0.3984754 0.7947175
0.1312698 0.7714959 0.5691011 0.1164995 0.539744
0.06857521 0.1000747 0.8999249 0.4335848 0.3620211
0.002738866 0.8351522 0.9308347 0.9987574 0.1545199
0.6734451 0.01777213 0.0747871 0.1521744 0.429263
0.8999648 0.5601551 0.4355134 0.5945557 0.8070131
0.964651 0.953032 0.3412806 0.1375639 0.5840812
0.2715813 0.789054 0.2088977 0.6378506 0.9790658
0.2395567 0.8298951 0.7734324 0.04729002 0.04852501
0.9506371 0.3825125 0.1137137 0.451306 0.7223124
0.08534589 0.729344 0.386422 0.09701372 0.961193
0.4689993 0.3493631 0.01675089 0.2494381 0.188936
0.7215956 0.07047516 0.3365513 0.4697373 0.2156431
0.9820357 0.5458642 0.04016823 0.9119063 0.04043422
0.5621473 0.6843537 0.9585002 0.2905044 0.4415762
0.1043765 0.3104199 0.5735562 0.9145198 0.1490296
0.2920648 0.8836501 0.3113581 0.8066114 0.3269998
0.5106038 0.7245239 0.2198383 0.2644606 0.25329
0.01121789 0.13695 0.9776516 0.5488275 0.8102882
0.1532967 0.7197283 0.7932428 0.916614 0.1442514
0.71061 0.1173098 0.4173918 0.8595254 0.3295134
0.2797682 0.5713805 0.3095714 0.2429566 0.5300214
0.3106361 0.4178282 0.5053001 0.1873183 0.364176
0.3829058 0.8038107 0.4901784 0.3819728 0.1093728
0.09861022 0.885175 0.1827202 0.2378087 0.172383
0.2437091 0.4620138 0.2008586 0.1879141 0.7152989
0.6792853 0.2231717 0.9612712 0.3049747 0.473709
0.7385737 0.8988693 0.915687 0.1760863 0.5141508
0.7925591 0.2646553 0.01498595 0.8392546 0.7916812
0.5069187 0.3390887 0.9747571 0.7069761 0.59292
0.13787 0.3800455 0.4899461 0.4251382 0.2443704
0.1139183 0.08551492 0.03105339 0.9124612 0.2063299
0.8927338 0.8334464 0.9435394 0.8814336 0.9501829
0.7294724 0.00902236 0.5972023 0.8603472 0.8665523
