0.4074977 0.1421178 0.2871559 0.4322708 0.4199177
0.1242436 0.6007184 0.6486506 0.5607838 0.7108036
0.2155939 0.4057976 0.04491431 0.1589902 0.7753548
0.6369091 0.1780641 0.1910777 0.3013621 0.6789645
0.3220812 0.9709511 0.9593033 0.03076255 0.6810955
0.4234575 0.4071286 0.1107421 0.7822205 0.3449489
0.8575569 0.06656241 0.9957009 0.03360466 0.08233363
0.8182146 0.3229381 0.7164865 0.6445437 0.979806
0.1497893 0.7759564 0.3762472 0.4588376 0.6463824
0.5047293 0.2482421 0.1934978 0.8080396 0.3436461
0.3812861 0.2307184 0.8906268 0.2428872 0.9856163
0.4254929 0.5003103 0.2258734 0.07497195 0.9237662
0.8243932 0.5953692 0.3666914 0.2226432 0.4925739
0.02560479 0.7235691 0.9513652 0.5680436 0.6045275
0.4128814 0.4583904 0.1391161 0.62998 0.2050106
0.5993151 0.6393299 0.9850005 0.4943664 0.8099478
0.1076266 0.07088763 0.9450059 0.2111642 0.835727
0.5432311 0.1942466 0.7434461 0.2336126 0.3209441
0.6852839 0.9920243 0.4274939 0.8245662 0.7363004
0.6617595 0.9728484 0.9881878 0.2561432 0.05139888
0.5225923 0.5539629 0.9858951 0.8712356 0.07129764
0.798502 0.4224042 0.2076653 0.1706056 0.1034711
0.6947115 0.6376822 0.6379191 0.6083618 0.5666598
0.5081954 0.4944358 0.4494278 0.1150615 0.04765374
0.6244817 0.1243835 0.465945 0.8775927 0.5991647
0.3130699 0.8094592 0.873959 0.6596184 0.9186095
0.2614324 0.8150448 0.1257282 0.5786329 0.9106487
0.4907927 0.2787336 0.1389225 0.9834239 0.6217297
0.9933251 0.8534868 0.4177036 0.2078395 0.1241739
0.8161639 0.3201871 0.2175794 0.9662835 0.2154081
0.958808 0.5998826 0.04422468 0.5583402 0.8582178
0.5450576 0.3793852 0.008669305 0.03532591 0.3702667
0.3390699 0.4827443 0.6925982 0.2950326 0.89483
0.1964465 0.4827123 0.08726541 0.7706465 0.4726939
0.577585 0.5978755 0.08186809 0.2294611 0.4219652
0.3644812 0.5621491 0.1617931 0.7682233 0.9185264
0.4683399 0.7355919 0.4482461 0.2315039 0.2001198
0.09968397 0.6011999 0.03769654 0.8295023 0.3427168
0.9038427 0.9568649 0.1095269 0.5409668 0.4491914
0.8760627 0.6596168 0.9223994 0.2791628 0.4895483
0.9060256 0.0315361 0.1585677 0.8266149 0.1042521
0.04051316 0.6496486 0.2555929 0.7650073 0.398689
0.2161385 0.8744364 0.1703261 0.5036232 0.9395544
0.7895007 0.6334517 0.3466067 0.192202 0.9983589
0.8057251 0.9623831 0.7685575 0.0412382 0.4201033
0.7081612 0.2970429 0.7497425 0.2147071 0.6073424
0.4251865 0.06986293 0.9179439 0.2111054 0.4333255
0.2309528 0.8224661 0.8786394 0.3807819 0.01660979
0.8773492 0.6897459 0.7763364 0.6631193 0.2793418
0.08810623 0.7872225 0.6875464 0.320543 0.8170808
0.6515342 0.3915399 0.005756188 0.4030865 0.4688877
0.110936 0.6534545 0.6718634 0.3895277 0.558655
0.381291 0.5310872 0.9783834 0.7331529 0.0456309
0.5666062 0.3697263 0.8869073 0.8457609 0.1452105
0.3877806 0.1129253 0.09354515 0.4648798 0.8104472
0.1471374 0.9824581 0.6796007 0.1306128 0.6136892
0.1045113 0.954921 0.5788887 0.8015277 0.4751189
0.5114319 0.4886092 0.3799691 0.651324 0.2980246
0.522694 0.118495 0.4157423 0.53759 0.02996351
0.3410541 0.1572695 0.3596573 0.2711264 0.8945286
0.6924381 0.1731082 0.4345061 0.6761662 0.1649647
0.104707 0.05608731 0.6889565 0.6476912 0.6938912
0.777509 0.1817086 0.5299729 0.3268406 0.7514559
0.7300475 0.3164544 0.5326974 0.8151154 0.9868019
0.2690653 0.7688366 0.2640613 0.7284784 0.6042256
0.8652174 0.5562279 0.7133537 0.09121615 0.863099
0.2786821 0.09246569 0.8446454 0.3492716 0.1589611
0.63986 0.3758009 0.459331 0.3002965 0.248248
0.9606555 0.8857369 0.139836 0.00195581 0.3256273
0.9182343 0.7146965 0.2871067 0.01500983 0.7058858
0.7921633 0.1725545 0.5856327 0.6176037 0.9218714
0.5801745 0.6044424 0.3249451 0.8635995 0.4142699
0.7824188 0.2011401 0.562422 0.5659559 0.7592266
0.4962578 0.3779118 0.7913675 0.4891683 0.7257194
0.3538371 0.8102457 0.6076609 0.3278057 0.636748
0.7240497 0.3872435 0.2131271 0.4134476 0.03992484
0.7205709 0.5301689 0.3636305 0.2669351 0.2628409
0.9342582 0.5824747 0.2120576 0.2969018 0.5765913
0.1566553 0.8493647 0.885027 0.6107692 0.9751248
0.7946282 0.8704059 0.5044738 0.791666 0.3539315
0.6988829 0.6026782 0.4749436 0.1719052 0.9337643
0.9439007 0.5563293 0.8308668 0.4000922 0.5113717
0.6896189 0.8923436 0.2640086 0.9078187 0.856971
0.2316967 0.8618475 0.5250627 0.6549831 0.8801792
0.1359278 0.6850435 0.3154802 0.8134899 0.07156907
0.632969 0.4229157 0.4738827 0.2444956 0.2238461
0.9744448 0.3157227 0.3986877 0.9020548 0.8015013
0.9740461 0.1831755 0.7579478 0.670031 0.1530194
0.5203142 0.2316231 0.3673812 0.2114149 0.6915771
0.06329723 0.1268634 0.814171 0.5763762 0.558851
0.3325697 0.4881368 0.3231071 0.4166108 0.5547224
0.7638365 0.3465965 0.9791155 0.6505234 0.7145833
0.9539008 0.5938133 0.5186614 0.9590041 0.1068936
0.1087656 0.8424381 0.3799012 0.5652606 0.5844237
0.4055529 0.1537688 0.6506402 0.989737 0.7381158
0.5952073 0.548577 0.9711126 0.1225357 0.8317677
0.008024149 0.8146349 0.2781912 0.9077077 0.909667
0.779352 0.5494259 0.5734037 0.09391203 0.4319485
0.1580764 0.9654997 0.09748025 0.431977 0.3291417
0.6782496 0.02390725 0.1091317 0.1482217 0.9882139
0.2351163 0.238468 0.3557536 0.746321 0.4040065
0.02557869 0.4617653 0.06068583 0.0805942 0.8995349
0.1771722 0.4460375 0.6279728 0.266938 0.005412264
0.778255 0.399146 0.6642794 0.275521 0.7621933
0.6069191 0.4221066 0.3411188 0.5360382 0.2719202
0.5814364 0.5105012 0.5379768 0.8422847 0.7665399
0.6182734 0.03866109 0.5453497 0.5002095 0.3707299
0.6881737 0.4268365 0.8101179 0.02777069 0.9408127
0.9728459 0.2302558 0.8518951 0.6867829 0.2407598
0.3825687 0.985143 0.5392321 0.6089113 0.342175
0.6516098 0.6985938 0.1576299 0.08645789 0.7781884
0.5810333 0.1754963 0.319299 0.05040826 0.1066173
0.08316591 0.7064148 0.9189632 0.6448626 0.6455898
0.3304685 0.6389429 0.3815018 0.3391567 0.08704509
0.9530259 0.6660518 0.8966879 0.9197692 0.4414171
0.5347865 0.08517769 0.3919864 0.8618968 0.8967945
0.5000539 0.3904924 0.6271715 0.3398572 0.8619467
0.1527558 0.9369932 0.3507059 0.9407274 0.6880373
0.6660573 0.9736288 0.4788688 0.453499 0.9966093
0.2045348 0.1747832 0.2996576 0.9196592 0.1735396
0.7140594 0.8703902 0.1106325 0.3854511 0.2372574
0.2347232 0.9139954 0.6673635 0.938804 0.3607463
0.5202434 0.6558567 0.6887426 0.6544226 0.2098454
0.451199 0.3223409 0.8321961 0.3482778 0.6653811
0.5693013 0.04885049 0.8771808 0.7050376 0.01499243
0.0858876 0.8409408 0.4065218 0.08913668 0.7520973
0.03274754 0.5448753 0.2972559 0.9137717 0.7172997
0.401783 0.8129151 0.6214539 0.329212 0.3483104
0.8629116 0.5411608 0.0002178509 0.9978083 0.2710283
0.495637 0 0.1658819 0.5005772 0.4805381
0.8650858 0.5565483 0.8612374 0.5606078 0.4218259
0.03402424 0.4013808 0.3284537 0.2493725 0.6718793
0.7861316 0.1415646 0.5568738 0.1759701 0.8759682
0.8717386 0.0171981 0.70942 0.02249453 0.8349991
0.9745621 0.01959013 0.573815 0.5732306 0.3428138
0.5169087 0.02763442 0.2177388 0.2931128 0.9373013
0.5039777 0.4124869 0.008838485 0.4408276 0.8363303
0.3493531 0.6258148 0.7482446 0.453506 0.9264393
0.9310517 0.3636764 0.5008542 0.451912 0.967914
0.8967166 0.4210625 0.3480392 0.754464 0.9558152
0.1085237 0.5430015 0.6090309 0.7315793 0.420923
0.5684616 0.5290927 0.3349227 0.8136756 0.6844903
0.1915586 0.2126858 0.8615111 0.7754375 0.8196627
0.4976962 0.8212949 0.1603842 0.8143412 0.9809367
0.3481996 0.6069032 0.2492775 0.5980261 0.293327
0.3314002 0.3836056 0.9495615 0.0117497 0.1499315
0.5888052 0.3648602 0.6240611 0.7783997 0.6842529
0.07234255 0.7802274 0.283393 0.791334 0.5953233
0.5892689 0.2726005 0.9614327 0.774474 0.6041372
0.7855329 0.01478566 0.340485 0.3438711 0.5741366
0.8129454 0.2622834 0.404933 0.8526756 0.4064771
0.4753631 0.5521459 0.9012245 0.07582753 0.6101005
0.9393084 0.1937688 0.5265719 0.02546624 0.806971
0.2501838 0.6457361 0.4370607 0.4014107 0.0242362
0.8275531 0.02023662 0.957147 0.4314595 0.1494704
0.3780662 0.9456112 0.3828629 0.6751393 0.4315554
0.0617496 0.3718415 0.1005478 0.6058523 0.2574163
0.7954135 0.7450592 0.3765741 0.2524448 0.5687324
0.3664706 0.4672781 0.9334555 0.7827087 0.3601218
0.4126735 0.9571908 0.7171944 0.2240398 0.7907976
0.653891 0.05416545 0.8994865 0.2282176 0.3079387
0.6849158 0.1952448 0.3743015 0.05762827 0.5633928
0.7586331 0.2264929 0.2118311 0.6761264 0.8818079
0.001011051 0.4689594 0.9708344 0.405002 0.978404
0.5877717 0.346646 0.7852681 0.2298116 0.3097258
1 0.2296265 0.3063052 0.2111872 0.3265739
0.5241743 0.8471473 0.9271546 0.24013 0.7057425
0.8262584 0.7150901 0.7494681 0.7450689 0.6154015
0.7888048 0.2803356 0.07891634 0.6343605 0.6941223
0.7846907 0.9278601 0.9274257 0.8566209 0.7825605
0.3106935 0.6529843 0.363639 0.8758284 0.8580645
0.03100582 0.4106679 0.7047007 0.9720107 0.9135642
0.3562646 0.7097948 0.8233946 0.5198204 0.3393764
0.463381 0.7670793 0.8268891 0.107835 0.9198829
0.9902038 0.8413502 0.4930314 0.01208857 0.2241777
0.8031764 0.2746636 0.334862 0.4181878 0.01278777
0.8573674 0.9559493 0.9885446 0.3871556 0.8451937
0.9573363 0.9700202 0.2306883 0.3053596 0.432388
0.0854198 0.4884722 0.9349699 0.2145361 0.6376051
0.3633727 0.4657104 0.2741782 0.2308556 0.2370116
0.8561036 0.2472488 0.1276268 0.3216928 0.2350395
0.2273415 0.6025433 0.7600449 0.546396 0.5683312
0.6459908 0.6322486 0.3273791 0.08289138 0.8167593
0.9953004 0.9261031 0.6281249 0.05630132 0.3217392
0.4218819 0.447335 0.7236788 0.03645689 0.1574859
0.9986242 0.1874476 0.7570635 0.1481553 0.4983344
0.5809151 0.4874031 0.07717072 0.2964484 0.9567239
0.8732938 0.7441875 0.9856185 0.2834158 0.5904806
0.9801431 0.228711 0.4041196 0.4169673 0.6755086
0.9660242 0.3396613 0.04514317 0.5997816 0.06026721
0.8298572 0.9316519 0.6077263 0.8930535 0.9288346
0.7227342 0.4167962 0.1399573 0.5577921 0.1550784
0.5809189 0.3372791 0.933377 0.6362556 0.2319097
0.6230871 0.08296447 0.8511056 0.4870653 0.4705018
0.2695283 0.4859932 0.3645452 0.6277234 0.4983407
0.6807047 0.1456126 0.3454644 0.08134305 0.4488221
0.4848726 0.2376886 0.7493969 0.4741973 0.9025681
0.2974425 0.375752 0.5484188 0.08296103 0.3887422
0.1652099 0.4296081 0.5851183 0.4937627 0.8315224
0.7572743 0.5316319 0.6941668 0.8532358 0.9308126
0.3968862 0.5512577 0.904176 0.3486237 0.8153906
0.05866552 0.3444142 0.387586 0.3378659 0.1257221
0.6506222 0.336492 0.03843579 0.06023746 0.7301398
0.5447552 0.8630967 0.839943 0.2869306 0.06555232
0.8236131 0.6207426 0.3637331 0.5314686 0.4298234
0.3559984 0.4475953 0.7074714 0.5537337 0.7363341
0.3177694 0.07562757 0.3481009 0.1419615 0.272674
0.5452117 0.5676531 0.8095567 0.6203852 0.3910929
0.2102768 0.3210579 0.8182719 0.3949835 0.6669294
0.5254158 0.803234 0.4564166 0.852128 0.001425529
0.1731957 0.7378797 0.1554898 0.2949708 0.5325546
0.2161253 0.8497021 0.242095 0.236877 0.6536583
0.7680147 0.4043832 0.8656645 0.7535282 0.7869659
0.8144092 0.4604657 0.02404669 0.2979018 0.280111
0.7497341 0.4218882 0.7009021 0.6061726 0.1216147
0.7300532 0.8373954 0.1371351 0.1212908 0.7427598
0.1851989 0.4925972 0.03322463 0.8234369 0.3572009
0.890436 0.8338291 0.9837312 0.9284524 0.6244144
0.5313698 0.08888792 0.5701823 0.4175617 0.7095501
0.6241122 0.9728143 0.02010293 0.3545428 0.9708694
0.5491053 0.5701769 0.974795 0.1301258 0.2556287
0.03275582 0.7569892 0.08282082 0.4193413 0.2239223
0.5159628 0.5410144 0.007562064 0.4472026 0.6625036
0.872449 0.8815699 0.5632282 0.9500585 0.1312336
0.9759879 0.8374497 0.2883817 0.4522783 0.1266671
0.5930784 0.07704349 0.2539889 0.004194198 0.8510283
0.8478474 0.7389764 0.2847696 0.1055517 0.6492397
0.6218786 0.3517901 0.4675169 0.7177809 0.7604765
0.4442711 0.05266254 0.7017284 0.6505839 0.8099741
0.8387828 0.4773159 0.9243767 0.770982 0.6933975
0.7196463 0.01175763 0.4784078 0.5838716 0.1133557
0.6397025 0.8888647 0.5657682 0.4971896 0.4632909
0.2281171 0.6736859 0.1463488 0.7140161 0.01295538
0.4945964 0.07255959 0.7344867 0.8434859 0.8296996
0.5473761 0.3637769 0.4320673 0.1658151 0.3215228
0.8116382 0.4071365 0.02000027 0.4580488 0.34833
0.4727138 0.3837961 0.458621 0.6724053 0.04246185
0.3058149 0.2220211 0.5974426 0.4030982 0.7583052
0.684019 0.2266307 0.1379097 0.9750455 0.1494799
0.4173628 0.7730963 0.5443132 0.2956451 0.3755492
0.08686384 0.9695853 0.7640581 0.7668057 0.6481452
0.2330587 0.0405805 0.7451529 0.9879515 0.07976709
0.9794086 0.2224314 0.5995835 0.6233433 0.339797
0.9402251 0.4027692 0.7463973 0.7176488 0.4034963
0.2448057 0.7252858 0.1787235 0.186211 0.1336249
0.262482 0.7806793 0.6286458 0.5698327 0.6270095
0.2477737 0.6316814 0.7863878 0.8079393 0.005352416
0.7408711 0.6955644 0.9542185 0.3904043 0.05922752
0.9104834 0.8099212 0.3299246 0.8333386 0.8532224
0.5118535 0.6291902 0.3311753 0.232682 0.4579396
