0.5616896 0.3005539 0.278313 0.2562637 0.7377161
0.2967386 0.9336445 0.1100935 0.1675241 0.2751015
0.9759879 0.7503415 0.2215722 0.4739942 0.9532835
0.9674509 0.923038 0.5963471 0.5959647 0.3707615
0.4152777 0.8171785 0.8270696 0.4389641 0.6459542
0.5300054 0.943662 0.7910544 0.6493281 0.6009663
0.8749821 0.03238974 0.6775473 0.02653184 0.9376375
0.7284117 0.1686356 0.5351695 0.5662736 0.3623905
0.09453883 0.5694414 0.5598712 0.1139529 0.7434801
0.05095065 0.862781 0.6683796 0.357924 0.1510063
0.7038711 0.510098 0.5416953 0.8861134 0.05883596
0.7484941 0.8325525 0.2521065 0.3129552 0.3851051
0.6390286 0.7653573 0.315308 0.1659475 0.5274769
0.9745333 0.6804624 0.2044566 0.4646817 0.8930785
0.5313033 0.9646859 0.1600246 0.7949594 0.2733577
0.9502459 0.395139 0.5603447 0.3177296 0.8353317
0.7879597 0.4626147 0.8494583 0.3979015 0.7499596
0.005574728 0.6918011 0.513171 0.7017611 0.0141951
0.1189114 0.5718313 0.7776152 0.1168472 0.6136238
0.8363599 0.4920553 0.9117766 0.02049937 0.3087784
0.0733874 0.4664692 0.6113125 0.3604268 0.6729669
0.344631 0.8477777 0.7307711 0.220035 0.8457706
0.1366275 0.1267706 0.1072709 0.9072092 0.8803403
0.2682387 0.3806022 0.4933644 0.461941 0.0547269
0.7063617 0.3261571 0.7715203 0.9472599 0.1357187
0.752231 0.4681733 0.6454442 0.1470375 0.5946433
0.1596809 0.06056007 0.7920779 0.6061352 0.7433789
0.5583187 0.2243784 0.01423687 0.2867994 0.8865099
0.4742784 0.7517135 0.7008216 0.40258 0.851132
0.3829599 0.4528962 0.6513212 0.02355341 0.4379467
0.0573827 0.3690756 0.5477468 0.03713983 0.8644287
0.4009369 0.8347366 0.8643038 0.1326855 0.272466
0.9924296 0.4544433 0.1840341 0.2331604 0.6489705
0.1624216 0.2083709 0.4217643 0.8288257 0.03197792
0.112817 0.7821478 0.2117993 0.1155362 0.9828386
0.874173 0.8210339 0.2437887 0.1259191 0.5780255
0.7216077 0.9975559 0.01902359 0.6756434 0.1707902
0.9479235 0.2053452 0.3116953 0.2841393 0.6385766
0.3255347 0.9462719 0.3327185 0.1224558 0.02671116
0.8035503 0.8558112 0.525585 0.2141054 0.3340048
0.1927651 0.6110828 0.8437679 0.9811177 0.07276622
0.3482979 0.516893 0.2384809 0.6112231 0.9727744
0.3934006 0.9515157 0.04608589 0.1845487 0.9947215
0.881731 0.3091247 0.6061391 0.7467405 0.7706725
0.7332642 0.1719748 0.6600939 0.8888696 0.5582053
0.6362674 0.8144548 0.8496868 0.4482544 0.4746799
0.9565497 0.04872142 0.9109442 0.5551665 0.08898795
0.1180484 0.2674706 0.5098753 0.7422239 0.3897375
0.8871423 0.008227674 0.9956534 0.6589352 0.7548229
0.4888938 0.008709807 0.1348782 0.08602637 0.8047421
0.3759059 0.8662691 0.4716689 0.2882501 0.4703967
0.4592846 0.509593 0.6392553 0.756588 0.6712452
0.1593568 0.6170665 0.7361536 0.9346696 0.3952586
0.9407769 0.3294634 0.3691815 0.8981674 0.1438892
0.7228584 0.7406758 0.3523415 0.9450181 0.2555585
0.6763493 0.6687214 0.8585939 0.3729727 0.2197032
0.3834307 0.8022178 0.1383147 0.5862115 0.6048011
0.7154991 0.8894399 0.2875715 0.4151056 0.7480222
0.6494542 0.7413243 0.818391 0.6542279 0.4327593
0.01796315 0.619959 0.6518054 0.4200744 0.9792268
0.547756 0.5370109 0.3054623 0.9594327 0.06954113
0.3921617 0.3690836 0.2324715 0.3849005 0.9790079
0.2658205 0.2929544 0.9420821 0.5078316 0.6393296
0.9081146 0.1088235 0.597603 0.1051974 0.2275997
0.01724519 0.04107671 0.5309663 0.7845578 0.4026173
0.629237 0.3732178 0.8538231 0.8964625 0.4504673
0.6231529 0.678852 0.03461788 0.5251756 0.5333132
0.6508087 0.1974598 0.2853953 0.7160436 0.752797
0.8813497 0.3588208 0.3176317 0.7511848 0.903067
0.9448669 0.6553419 0.145649 0.4590172 0.1488854
0.9469919 0.6430567 0.6033999 0.9402554 0.3771954
0.1286032 0.7808622 0.5097037 0.7639189 0.4538709
0.447009 0.533625 0.03238234 0.3837014 0.1884663
0.3411576 0.1072695 0.8026699 0.3502959 0.08630954
0.8323781 0.7588444 0.669712 0.8785093 0.562214
0.09972266 0.5056615 0.7400371 0.9420055 0.9668326
0.4634108 0.4757926 0.6234046 0.3693355 0.5012016
0.1643595 0.0231805 0.7287377 0.8176731 0.7653764
0.09184776 0.7332984 0.7233469 0.1898762 0.6252939
0.4908546 0.5564841 0.432112 0.4583325 0.6844976
0.7776602 0.3701724 0.4174959 0.3392399 0.1940733
0.5130939 0.4814539 0.6927444 0.4411284 0.9201751
0.9521643 0.5120929 0.1098764 0.9837433 0.1209557
0.01378876 0.03955176 0.7900534 0.3307878 0.8116803
0.9213376 0.3901835 0.6523423 0.48663 0.3731071
0.7870049 0.8728764 0.3246257 0.1376344 0.0949764
0.5626185 0.3277424 0.9214523 0.3651181 0.6564114
0.4143219 0.8107759 0.8417089 0.1858653 0.5751777
0.1469237 0.02976143 0.4824191 0.1505636 0.288632
0.03407806 0.05773352 0.2142686 0.669476 0.3358164
0.06895172 0.9114427 0.6951495 0.9059213 0.2347521
0.738995 0.08297547 0.7134037 0.0977101 0.03500296
0.3430787 0.5492318 0.3993467 0.03788833 0.7279668
0.6048655 0.8071414 0.7651857 0.7302074 0.8192943
0.6918351 0.8904166 0.9120215 0.6272161 0.189704
0.3365575 0.394066 0.3067741 0.7451293 0.6079557
0.8272873 0.1239405 0.1501508 0.3214177 0.279242
0.7261252 0.3913449 0.8952652 0.7238513 0.731598
0.8639888 0.1513856 0.2799851 0.6478018 0.9581622
0.2630215 0.1009891 0.8993011 0.8187021 0.796508
0.339513 0.120857 0.1148114 0.4088213 0.8008592
0.6705144 0.3663253 0.4587325 0.3131761 0.3587989
0.9247712 0.05495087 0.8253167 0.8203705 0.6332117
0.9626106 0.9207929 0.9567894 0.4439408 0.04020081
0.3624008 0.3697649 0.5249073 0.3098593 0.8104738
0.7070372 0.253818 0.7548066 0.8144742 0.3271741
0.5185796 0.6067995 0.6586232 0.9621955 0.8757214
0.9970987 0.2611367 0.2044422 0.9146517 0.8814945
0.1363302 0.02406926 0.7331205 0.8683945 0.08298682
0.4283421 0.9139221 0.3065471 0.5339072 0.1912323
0.5234863 0.6708407 0.4336401 0.4607662 0.4997046
0.9554328 0.9837896 0.2608071 0.4448301 0.4207331
0.9543159 0.8560478 0.7361848 0.09540612 0.311331
0.2332037 0.4265116 0.7435189 0.5339514 0.9678288
0.1734362 0.3114247 0.447277 0.7600956 0.8803417
0.02988899 0.1014724 0.1650143 0.03048758 0.6773168
0.1405805 0.4953996 0.1377013 0.9297406 0.8918622
0.63033 0.3473983 0.1147502 0.5724729 0.687126
0.7560045 0.9612024 0.8457598 0.09381527 0.009994005
0.02851061 0.6026931 0.4078676 0.1752735 0.5641115
0.7570801 0.2789155 0.9969563 0.07284303 0.383496
0.8085273 0.257187 0.5316749 0.01290835 0.3969219
0.5219604 0.7542186 0.08021088 0.9104024 0.05644983
0.7724363 0.0518815 0.06748046 0.7985637 0.005213869
0.6143073 0.5958413 0.7644214 0.2143168 0.5087353
0.2728298 0.7812954 0.8853665 0.370054 0.0998184
0.79593 0.3374515 0.3254827 1 0.7598631
0.7467658 0.3821624 0.1851356 0.1482451 0.669137
0.4457382 0.9334719 0.9774436 0.009056838 0.8316641
0.4332133 0.8238403 0.8214775 0.5168827 0.2868261
0.7379503 0.8450089 0.7256748 0.3609354 0.6794918
0.2792935 0.5822076 0.7930153 0.9368042 0.6120916
0.05642686 0.9940536 0.5845807 0.6122587 0.1929233
0.5058498 0.8817795 0.4944468 0.4005899 0.4516128
0.09970273 0.2224782 0.1009225 0.97961 0.7842817
0.06906736 0.6844334 0.8211475 0.7881793 0.4946673
0.8500956 0.03558861 0.6765184 0.4617689 0.9786875
0.002763098 0.1270373 0.2998232 0.602047 0.8005565
0.4012054 0.5114069 0.7313964 0.8102564 0.4891863
0.7672416 0.600754 0.2779811 0.2233886 0.7246647
0.3821858 0.3080103 0.6302977 0.5352969 0.2927344
0.01372399 0.7038758 0.02481129 0.3495086 0.2997037
0.966145 0.6774277 0.841239 0.5638428 0.7002995
0.7465292 0.7502896 0.7221124 0.7328811 0.0103293
0.6141057 0.4268858 0.9288124 0.4890205 0.9101934
0.7764862 0.8301652 0.1573295 0.7722494 0.2219466
0.1678193 0.2546579 0.6914004 0.008618233 0.7025232
0.9152386 0.4665679 0.8045513 0.2699961 0.3913245
0.8878826 0.08219031 0.2480412 0.07702298 0.09011346
0.7179613 0.2400718 0.4262221 0.2614554 0.6972311
0.2179531 0.111008 0.7858713 0.1629386 0.9091507
0.5232894 0.7404733 0.883522 0.2156235 0.07735655
0.2472894 0.8657143 0.7013791 0.4604083 0.9674263
0.2111767 0.9595094 0.7251995 0.2861157 0.04521244
0.8685288 0.4877702 0.01565161 0.1920872 0.001356708
0.9989422 0 0.7451885 0.7235467 0.6501002
0.9633456 0.5700491 0.9247724 0.575459 0.05974583
0.125833 0.2111089 0.2136199 0.5322599 0.9000266
0.6329023 0.2455114 0.2876971 0.2499913 0.8364225
0.3934203 0.5773451 0.7681013 0.7169877 0.4868712
0.9781333 0.01703601 0.435603 0.5449678 0.4246225
0.6833907 0.4496429 0.192979 0.7018202 0.6638452
0.1653434 0.9560351 0.1071254 0.7061615 0.2531464
0.7014439 0.8614481 0.1208754 0.5388595 0.7893675
0.04289321 0.1925796 0.5324178 0.6763149 0.7117979
0.5019246 0.746746 0.1855112 0.3939746 0.5880711
0.09471398 0.8176579 0.1749892 0.9874714 0.1046041
0.3566588 0.03862034 0.9955028 0.5466855 0.6479307
0.6399821 0.7951133 0.4025144 0.9258804 0.02881057
0.6588782 0.3938092 0.6279361 0.9149798 0.8673538
0.8780638 0.8422595 0.9629482 0.5554168 0.52809
0.8080298 0.002884275 0.2338568 0.1843695 0.09190257
0.2068739 0.1340247 0.839802 0.4516237 0.4061586
0.5214685 0.2930874 0.09111182 0.5432135 0.4890127
0.6361424 0.3728845 0.5593512 0.6618623 0.1984132
0.5284142 0.619151 0.1989064 0.292403 0.8731506
0.8149396 0.7273535 0.5396751 0.4284756 0.4017525
0.5827119 0.3005952 0.8173388 0.6131095 0.9424932
0.1311357 0.951747 0.3954594 0.5745683 0.9949823
0.8555479 0.1494469 0.7886199 0.3863504 0.1021978
0.6164737 0.981646 0.7052795 0.9121066 0.5751146
0.7176985 0.5843883 0.1440574 0.6629899 0.9573868
0.9042666 0.730327 0.1827402 0.4135518 0.5679346
0.8173829 0.8618777 0.08164658 0.9489365 0.605412
0.7435401 0.9609024 0.004028279 0.3591551 0.9929936
0.5220326 0.2513777 0.6027302 0.1509502 0.5072561
0.6294037 0.5743412 0.01836009 0.5658735 0.5983191
0.8578487 0.2372239 0.7634965 0.04074688 0.5375648
0.1904056 0.6573622 0.2503056 0.1130523 0.8471691
0.7872349 0.5079883 0.4636673 0.7497579 0.3160399
0.2235553 0.8607273 0.8682476 0.5309293 0.9875369
0.1901481 0.7158448 0.8010361 0.04636411 0.5933902
0.4404595 0.8165244 0.3306921 0.9741861 0.5250051
0.4305315 0.1698934 0.8640145 0.900198 0.3856698
0.1936588 0.8181737 0.6745011 0.6655811 0.6285125
0.7777822 0.2591716 0.6296875 0.4635378 0.7421394
0.7264122 0.3376196 0.1667242 0.5880432 0.7247351
0.9012899 0.6150961 0.143829 0.4427239 0.3081263
0.1229938 0.1916191 0.5994898 0.9776293 0.1462141
0.3173483 0.3782444 0.4493518 0.921589 0.5452275
0.3463169 0.8513068 0.4892722 0.7606148 0.576073
0.2840858 0.5832852 0.5354792 0.1724495 0.09553628
0.5952765 0.2728615 0.2392065 0.7773971 0.4485801
0.4655301 0.4882513 0.5028769 0.1056118 0.8407554
0.6057928 0.5288027 0.1213297 0.04840375 0.158441
0.1685195 0.771952 0.7683152 0.5929517 0.3534538
0.4438534 0.910915 0.6204052 0.8526205 0.1327887
0.9358802 0.6517074 0.05152171 0.02049174 0.6876409
0.4988928 0.8892643 0.3439574 0.462853 0.3513034
0.4697464 0.3216227 0.08228101 0.05587089 0.2050388
0.2436383 0.6743121 0.2639764 0.2751015 0.06466085
0.1500048 0.552897 0.840053 0.5226623 0.7864255
0.2529024 0.1880494 0.4020587 0.07955534 0.001439261
0.5353402 0.1962942 0.2282636 0.3035647 0.5924159
0.6035403 0.9174895 0.8898154 0.848454 0.243907
0.04685131 0.5850925 0.05316267 0.1588987 0.913469
0.7661686 0.6449435 0.2271919 0.2653799 0.4805367
0.872359 0.254535 0.03067124 0.5017412 0.02581531
0.2139199 0.4586207 0.4082891 0.9532141 0.5696336
0.6252045 0.4566321 0.8278141 0.3724572 0.5536509
0.9571383 0.008126634 0.2634899 0.9785514 0.4022557
0.5165386 0.2741633 0.8556134 0.8261813 0.460402
0.6525633 0.7388658 0.8692569 0.713517 0.07267885
0.4351014 0.3939981 0.09505798 0.6474879 0.5375931
0.6990443 0.1842866 0.01912041 0.2056368 0.8778434
0.1724503 0.2885337 0.5673469 0.6601793 0.4819825
0.4379911 0.4483986 0.8613491 0.663349 0.5155204
0.1786808 0.02498627 0.3506535 0.1543693 0.7789731
0.2613382 0.6078594 0.9561034 0.5502123 0.1925496
0.1927582 0.9198441 0.8180008 0.5522048 0.8171368
0.4980281 0.09352114 0.1140512 0.1092753 0.2396478
0.2100162 0.3472107 0.03175704 0.4782352 0.9264054
0.7703499 0.7308687 0.3795221 0.1522528 0.7725193
0.2615004 0.8413952 0.8705332 0.043679 0.6042712
0.8840633 0.9696991 0.7127184 0.6526732 0.05123451
0.1737155 0.7933971 0.2356731 0.7042508 0.4867989
0.8106968 0.9488082 0.4346586 0.7693119 0.8140726
0.8103107 0.7100173 0.1558498 0.897751 0.7512106
0.8739666 0.8669261 0.4368016 0.7946798 0.9536665
0.0377193 0.9903304 0.5182753 0.08219185 0.5895114
0.9012632 0.6770281 0.5642201 0.7404451 0.9870153
0.2752806 0.5379069 0.6425953 0.8717069 0.06347082
0.769945 0.2099269 0.3611721 0.2735752 0.07861861
0.6348986 0.8947114 0.49648 0.7473933 0.7940732
0.1271068 0.4926447 0.7243715 0.9426201 0.3065017
0.3435576 0.9742739 0.04274667 0.973964 0.5891242
0.2363261 0.08723256 0.5968182 0.1645469 0.1396336
0.4741136 0.1078881 0.5773179 0.007114191 0.2421552
0.180738 0.6018022 0.5858517 0.3422859 0.2379115
0.8148012 0.1013241 0.7604347 0.6408785 0.6431596
