0.4003482 0.7193004 0.4528466 0.2789925 0.6415206
0.6210656 0.8377683 0.4768631 0.8966492 0.4145834
0.06583411 0.7050112 0.8649501 0.9877102 0.9110981
0.6935038 0.2800386 0.6741391 0.1898615 0.5045613
0.3673627 0.3778318 0.9180326 0.2738567 0.4998744
0.9931569 0.808853 0.2399383 0.31098 0.6177323
0.08910446 0.5637417 0.7105559 0.4530577 0.1500448
0.4908724 0.5011132 0.08204533 0.8231344 0.4425055
0.3358624 0.1505441 0.403507 0.1278826 0.3307119
0.8315897 0.7929716 0.9422777 0.8212834 0.6817296
0.009131798 0.5309307 0.9870585 0.7648826 0.9860649
0.8541374 0.5734467 0.09782565 0.4409134 0.9421452
0.8903975 0.5988156 0.6828736 0.4442411 0.6599014
0.2278656 0.1133827 0.2604546 0.6539574 0.706679
0.9011137 0.8112593 0.1387614 0.198856 0.1977154
0.2919999 0.1687858 0.4139063 0.3601664 0.8119502
0.8642015 0.1540172 0.9920649 0.4632301 0.4613
0.8253022 0.7822304 0.9229845 0.03472253 0.04670471
0.9859928 0.468587 0.6860543 0.6795243 0.9096262
0.5058044 0.9254946 0.7203534 0.4079349 0.9892028
0.9381581 0.4595654 0.770371 0.738988 0.6580364
0.6095734 0.3935954 0.00199075 0.7452381 0.654576
0.933526 0.1240576 0.4584126 0.5822216 0.6258609
0.2434286 0.7791029 0.7361326 0.1350452 0.5696975
0.7920606 0.9102655 0.8045844 0.8574081 0.06792612
0.1910683 0.6787891 0.4894763 0.3305285 0.6433965
0.3640061 0.7658714 0.5952371 0.4327571 0.09883429
0.2001271 0.5095566 0.8728205 0.7212321 0.4498678
0.8438119 0.3538315 0.91615 0.1258091 0.3627013
0.7897852 0.7984341 0.05681725 0.4053293 0.2866337
0.9078783 0.9675995 0.5190595 0.4992283 0.5111423
0.8669198 0.6454649 0.2620036 0.06657008 0.8690943
0.0103764 0.3933782 0.5526795 0.6007291 0.4858096
0.1621939 0.2036136 0.4789259 0.2677746 0.9207388
0.8183244 0.4366606 0.2593925 0.6274538 0.27517
0.254043 0.6181986 0.1748853 0.08571956 0.1539822
0.09452561 0.7457648 0.7937455 0.3709441 0.6616867
0.2308714 0.9811675 0.5307996 0.4268682 0.05527256
0.8662453 0.2721696 0.4530846 0.001356818 0.9141081
0.7060245 0.491131 0.3562768 0.1219133 0.5252824
0.2485561 0.02032206 0.8647006 0.4818562 0.6741656
0.7998907 0.5259322 0.4509728 0.3059568 0.8883657
0.8316323 0.6726875 0.9785492 0.1960552 0.7147832
0.004220976 0.1637877 0.08792042 0.6233587 0.06271862
0.6821853 0.07001984 0.02637909 0.7823051 0.6298668
0.639106 0.9270316 0.0607387 0.3674962 0.3561016
0.1356679 0.3600654 0.9432175 0.3385202 0.8866649
0.8963045 0.4371586 0.2579099 0.3087611 0.6990315
0.1419292 0.4714568 0.7976535 0.541438 0.2679361
0.6022957 0.762543 0.4551273 0.1502395 0.433194
0.2094199 0.1623092 0.6542957 0.6557942 0.8734088
0.00853652 0.8903103 0.4801155 0.03101514 0.009112238
0.8582282 0.3495099 0.7049178 0.08099851 0.9939139
0.02445106 0.3898359 0.7049951 0.2753976 0.2204072
0.9430377 0.08866795 0.5435372 0.9356957 0.4486211
0.9787518 0.06196328 0.6882344 0.4199036 0.4990276
0.4842977 0.7798209 0.9127369 0.1122928 0.02563512
0.4766545 0.6937852 0.396492 0.543552 0.9403284
0.8591719 0.355048 0.2650575 0.757207 0.6686568
0.8293846 0 0.3997457 0.1315573 0.8398898
0.9354342 0.5600033 0.03480736 0.9055796 0.3496269
0.5105646 0.9370681 0.7105899 0.2049307 0.3379183
0.8430702 0.8396543 1 0.5372021 0.1613639
0.1430209 0.1532825 0.8835119 0.9895234 0.007365369
0.8963044 0.842443 0.9107811 0.2732753 0.7894543
0.4334317 0.1866756 0.007275439 0.7037882 0.7815874
0.9032433 0.9349733 0.2818018 0.1127682 0.5525104
0.3537921 0.4828146 0.1724347 0.5334664 0.9232855
0.4717364 0.3071103 0.7104834 0.04123266 0.1434041
0.8719121 0.8236027 0.5615071 0.01212392 0.4425303
0.2654552 0.03077748 0.02539026 0.1520527 0.8011228
0.7189319 0.9728738 0.4898553 0.4315772 0.08424528
0.1913976 0.757533 0.03966336 0.0286295 0.4064284
0.680075 0.7488808 0.06164408 0.688548 0.9803479
0.7834916 0.7432368 0.7782009 0.5110203 0.7168023
0.7461676 0.799017 0.6539097 0.9077642 0.4752892
0.7821304 0.9353389 0.1868763 0.005738578 0.2405839
0.3676016 0.5787367 0.7017879 0.9703736 0.3301171
0.4779197 0.03453262 0.2587428 0.4318361 0.9398401
0.3821257 0.0567464 0.4546663 0.005957821 0.7096927
0.7214466 0.03022058 0.2319948 0.01657833 0.01963245
0.8945122 0.4966162 0.003180175 0.2570629 0.4321948
0.0142894 0.04282536 0.7907851 0.4555015 0.1519281
0.02380129 0.5610593 0.367058 0.6245364 0.3447139
0.7498974 0.8452588 0.4907308 0.2819324 0.8024079
0.6641229 0.9055183 0.4262224 0.3356145 0.9115137
0.5307171 0.8448672 0.1265006 0.6289982 0.4065952
0.633381 0.06755831 0.5832229 0.5000027 0.5430869
0.8805199 0.6930693 0.2241822 0.8374657 0.8067215
0.6683221 0.4787928 0.3811981 0.6842926 0.2532194
0.641307 0.7141438 0.1633771 0.1004008 0.663066
0.3514353 0.3818235 0.6678616 0.9587056 0.5179941
0.4413929 0.2238924 0.6005067 0.2566102 0.5757773
0.7825758 0.432101 0.1394141 0.4557598 0.7417446
0.270718 0.4716221 0.3752884 0.3085089 0.5998879
0.7215019 0.03300305 0.3516067 0.0110154 0.02927139
0.5225838 0.3691158 0.7547667 0.7882056 0.1452408
0.7410162 0.8996306 0.8850329 0.4560731 0.4472888
0.3137148 0.1399018 0.2814526 0.4277523 0.2840863
0.9276915 0.09476788 0.9404781 0.2155604 0.6194278
0.6021444 0.5819831 0.3872794 0.8386377 0.6558454
0.9459076 0.07808688 0.6769871 0.9515129 0.91426
0.3767614 0.9120881 0.2757624 0.6130644 0.3643561
0.8848247 0.274952 0.575023 0.6251313 0.4967678
0.3091074 0.7531513 0.7817674 0.7195558 0.07017098
0.7194682 0.493107 0.1618479 0.515826 0.571507
0.5258518 0.09116066 0.2922383 0.3787414 0.9015607
0.1784644 0.6594057 0.1797868 0.01460757 0.5549848
0.8120267 0.5571238 0.8841568 0.4518945 0.4613421
0.4425018 0.6745357 0.4474255 0.2857647 0.5736063
0.4327541 0.998989 0.7914805 0.05171999 0.7925188
0.9298454 0.254454 0.3584087 0.780637 0.1080323
0.9176207 0.8022604 0.06282221 0.0002148422 0.1104967
0.06855858 0.2963641 0.4214394 0.06961242 0.5001763
0.9642605 0.8692311 0.635748 0.7428657 0.06748196
0.5846112 0.6243415 0.008170571 0.3318821 0.6895766
0.7760502 0.1435015 0.7023505 0.9547633 0.592561
0.07837873 0.5658698 0.4345949 0.01976943 0.5893907
0.7004894 0.1070873 0.2727465 0.1125005 0.437212
0.07425067 0.2086657 0.9151342 0.4173945 0.2162724
0.9987309 0.6284137 0.5675806 0.5466716 0.07224307
0.9778749 0.9731808 0.835193 0.006062555 0.9915817
0.9587739 0.728477 0.2238087 0.9702232 0.2421579
0.4072035 0.7526541 0.2833195 0.6482497 0.9358512
0.8108852 0.5780692 0.3447254 0.8845029 0.8448386
0.778622 0.8280768 0.6501312 0.1461472 0.9685371
0.4087304 0.4712146 0.573453 0.9096271 0.4833808
0.5488106 0.2038769 0.7896406 0.8516695 0.6667115
0.4209757 0.5393721 0.9097095 0.576253 0.09183489
0.2511619 0.5503848 0.6447374 0.4297709 0.07964134
0.7300388 0.2749789 0.1046218 0.6171199 0.2372521
0.6295393 0.08524699 0.2063999 0.07204641 0.6887112
0.3882452 0.9067606 0.7406834 0.724965 0.4933642
0.853729 0.08295269 0.3074397 0.842476 0.08072072
0.1537252 0.7598945 0.1038967 0.5620259 0.3502505
0.1837664 0.2448546 0.7360397 0.3330844 0.3731808
0.09620222 0.9867506 0.2332808 0.05733107 0.6784577
0.5458334 0.7072171 0.3948884 0.2122769 0.9558969
0.8359893 0.4994959 0.2098817 0.5992074 0.6625182
0.926202 0.2726784 0.781695 0.6680745 0.4718733
0.4680458 0.8297133 0.7532347 0.3389824 0.3590632
0.9133894 0.615641 0.1155613 0.8749686 0.9305442
0.4857598 0.9573421 0.8347004 0.3045026 0.04374679
0.9809891 0.1628111 0.7696289 0.8334377 0.5906694
0.2708558 0.2429444 0.008176341 0.6397921 0.3829955
0.3274421 0.5910983 0.4212001 0.6698916 0.7906037
0.5563484 0.3259405 0.4385673 0.8639165 0.8572315
0.190122 0.1314611 0.4619611 0.4370622 0.723822
0.9909911 0.4187034 0.2372828 0.990614 0.5158141
0.07945962 0.3930173 0.8597293 0.7524408 0.9279766
0.2613015 0.6130026 0.7500453 0.8931334 0.01816992
0.6591753 0.03120968 0.546354 0.2222795 0.796589
0.6560184 0.8899997 0.9347908 0.0005379651 0.05162223
0.4631778 0.03743308 0.4567303 0.8525183 0.7491152
0.9987914 0.5248902 0.4776924 0.8870758 0.06558607
0.5693421 0.2561404 0.7558626 0.2008673 0.7890081
0.6712551 0.4866906 0.1994233 0.4366656 0.1568218
0.4501723 0.8743928 0.6419846 0.8218631 0.5414802
0.1353519 0.8840601 0.3157277 0.6961581 0.1849258
0.5317252 0.9435218 0.5382144 0.6516114 0.2472224
0.4873901 0.1534939 0.2477245 0.6104449 0.5359607
0.6911137 0.5898086 0.7789774 0.2918835 0.8572893
0.5157719 0.5032005 0.2718092 0.1972325 0.680695
0.7057152 0.8812558 0.4583587 0.1992566 0.43861
0.01399032 0.7540619 0.374302 0.6098987 0.8842729
0.9871001 0.9610389 0.004773179 0.571088 0.6183184
0.6375706 0.8113277 0.8682108 0.3692045 0.4203455
0.522939 0.6158153 0.02430565 0.1734112 0.9290615
0.9652891 0.1567028 0.5385049 0.2537278 0.6976729
0.8087075 0.739301 0.9091716 0.2398079 0.7201776
0.8911741 0.1506475 0.6863918 0.8862786 0.2471013
0.2621996 0.1621182 0.5002988 0.877461 0.5589256
0.7651028 0.5544754 0.2399234 0.5221267 0.9951985
0.9709212 0.3812503 0.09652755 0.2884754 0.6142545
0.9323667 0.2992469 0.07749883 0.9836769 0.7431615
0.9115149 0.05970521 0.7379025 0.4183069 0.4466765
0.5831452 0.8285609 0.6394044 0.7961265 0.9116423
0.9631636 0.09188843 0.06927174 0.5676795 0.04882946
0.4484682 0.741249 0.02062295 0.8760999 0.05707952
0.1135306 0.946699 0.02422956 0.4872542 0.2042642
0.6007364 0.6576368 0.5715988 0.1969598 0.4099296
0.1346114 0.5700851 0.6352972 0.3289858 0.5249991
0.6791787 0.5758288 0.7070336 0.9658979 0.6847212
0.7882619 0.9981656 0.6370532 0.6617478 0.4896114
0.41814 0.2112774 0.4183274 0.9949062 0.7770853
0.1377177 0.8776877 0.7942913 0.358941 0.6331809
0.1389928 0.009228909 0.6877626 0.2782958 0.4145063
0.5464776 0.9449618 0.7436644 0.05551945 0.2848695
0.1914655 0.3674431 0.2896246 0.4020365 0.2472922
0.5152289 0.7015082 0.3738909 0.7845643 0.03610604
0.8254379 0.7761502 0.7309928 0.9934531 0.3401523
0.8925117 0.276122 0.4358038 0.971848 0.7874117
0.8291946 0.5167538 0.5350949 0.6310728 0.9769751
0.5167353 0.05890785 0.5839502 0.7842276 0.4881221
0.7767099 0.7285569 0.9564868 0.5764589 0.9884238
0.9933642 0.06793458 0.8348821 0.03300035 0.6942908
0.8782348 0.5356275 0.423545 0.5059565 0.814439
0.3698019 0.2659717 0.7944618 0.8150853 0.6740308
0.7869244 0.09461658 0.1750674 0.7353089 0.4475008
0.1503606 0.033628 0.4571157 0.8911256 0.6315543
0.0117301 0.326299 0.09771879 0.7559404 0.348066
0.9149682 0.005443216 0.7860805 0.5487215 0.410421
0.2671441 0.90119 0.8004287 0.3726307 0.02760524
0.9017898 0.1416173 0.1573996 0.5353421 0.8660055
0.6484482 0.2237496 0.6661841 0.8490544 0.94293
0.3698479 0.3234909 0.7831287 0.6624839 0.5535434
0.372051 0.2382052 0.3184212 0.3272908 0.4925265
0.9632018 0.5200627 0.2911564 0.428412 0.4511504
0.7606749 0.1969619 0.4504698 0.3518011 0.7179642
0.2566103 0.5764808 0.7647861 0.6529667 0.9428381
0.001760046 0.6986935 0.2956938 0.01237883 0.2884723
0.5117336 0.1138785 0.3697223 0.3819218 0.07376007
0.9523473 0.3087729 0.549863 0.0001380173 0.02694693
0.7954843 0.2190287 0.8120693 0.1338755 0.5958133
0.8074668 0.6084647 0.9395864 0.4899684 0.1857197
0.3215758 0.6873036 0.1080544 0.8134481 0.6200217
0.5431982 0.04746669 0.9940972 0.8423113 0.6201475
0.8101064 0.5387833 0.3664227 0.8285397 0.994877
0.4717048 0.6753397 0.9210306 0.03903668 0.4784653
0.6803542 0.5875248 0.4098415 0.6780258 0.9565936
0.9342274 0.01943302 0.9821827 0.2360206 0.1956457
0.08448362 0.3642386 0.2415648 0.7678976 0.6831437
0.1164574 0.8269181 0.7589865 0.06212011 0.7102511
0.3382866 0.317078 0.6019266 0.4010919 0.8769753
0.9868108 0.700561 0.3010507 0.06294057 0.1914537
0.9089086 0.2614478 0.2586324 0.9425025 0.04919279
0.5379761 0.3048331 0.7110005 0.4891139 0.2353217
0.5993273 0.723052 0.5290473 0.4529094 0.172169
0.4849051 0.2524941 0.2112136 0.8885115 0.2250506
0.5084564 0.008844859 0.7108313 0.0636387 0.1810748
0.8725516 0.9691366 0.3262114 0.4120568 0.4822321
0.5791664 0.5613256 0.07832522 0.6584241 0.5176659
0.1932877 0.6298212 0.2500042 0.7038135 0.3768621
0.4745674 0.5881949 0.7851377 0.3464186 0.9670179
0.1222765 0.8894146 0.5335771 0.6964687 0.792687
0.4242244 0.137577 0.741958 0.08132918 0.2472111
0.4213066 0.5630737 0.2047891 0.8347287 0.4220425
0.646717 0.1246178 0.6154455 0.2528284 0.09476003
0.6874406 0.3807934 0.00834507 0.3097982 0.6035126
0.0811206 0.2962534 0.3048482 0.9194075 0.6800008
0.94517 0.4429332 0.1392303 0.5736761 0.4100356
0.5348631 0.5885442 0.1659508 0.2843933 0.7680606
0.8861897 0.445741 0.7263981 0.7287283 0.5371163
0.7570643 0.0590438 0.2243737 0.2833354 0.3967122
0.769503 0.7659577 0.7609057 0.4301053 0.4907269
0.4176475 0.3951887 0.4398324 0.6069157 0.2248673
0.1781812 0.7236478 0.283351 0.04788178 0.2120887
0.003052627 0.9609724 0.2884535 0.8924764 0.4859201
0.3633666 0.3918021 0.4056282 0.5413251 0.4187541
0.830983 0.4696602 0.5416773 0.2634997 0.8331911
