0.583848 0.725134 0.8233224 0.6309912 0.1615824
0.3088296 0.08094246 0.1632994 0.9955164 0.407183
0.2608545 0.02152236 0.9739465 0.5455026 0.8928966
0.9982769 0.394239 0.5498958 0.3512667 0.3923466
0.1782145 0.1820889 0.5660782 0.1962135 0.9030694
0.6776765 0.410336 0.6002713 0.8319034 0.1821657
0.09484643 0.01838861 0.3264942 0.2696669 0.2048818
0.862594 0.5568499 0.1243907 0.5321468 0.9666735
0.5667537 0.7229376 0.3098364 0.7168227 0.4680633
0.9437043 0.7289626 0.5730143 0.6583612 0.07833517
0.7282328 0.1939026 0.5373237 0.1900607 0.8863203
0.6945919 0.5880421 0.5295797 0.1210365 0.5393168
0.5533763 0.7680785 0.4417419 0.1661835 0.3766194
0.7975178 0.5779769 0.6503845 0.5232674 0.1941134
0.2850644 0.9170872 0.7267297 0.9763879 0.96709
0.3188726 0.1635921 0.9767937 0.5048421 0.4176703
0.3772852 0.2810931 0.4703226 0.9972079 0.4638337
0.7693467 0.2632594 0.7768967 0.2289029 0.4378519
0.5364077 0.9984784 0.60217 0.802702 0.7838591
0.4923722 0.6244668 0.6195428 0.2496878 0.201175
0.3239704 0.6511871 0.9929771 0.4419338 0.424049
0.314046 0.322367 0.8775423 0 0.518137
0.6612976 0.2463821 0.2054002 0.8941975 0.7581817
0.495689 0.6375191 0.2980731 0.3178079 0.6552892
0.02650039 0.3702607 0.6969465 0.01340718 0.9951439
0.2342214 0.4290063 0.7574099 0.8821738 0.5427135
0.9644943 0.2561527 0.1771262 0.1739908 0.3306456
0.2824558 0.6813339 0.127206 0.2604666 0.8709663
0.144749 0.4822243 0.3085008 0.5096581 0.5256106
0.3613836 0.6093169 0.9310297 0.2307507 0.7582661
0.3628131 0.1959782 0.3620772 0.06448823 0.9919103
0.5093568 0.1362385 0.7148796 0.974316 0.07939093
0.9698798 0.74479 0.252598 0.5156228 0.972812
0.7872067 0.6614107 0.8340536 0.9770925 0.8356814
0.9230656 0.00897394 0.01599337 0.7943908 0.9201349
0.4349099 0.4019374 0.8872818 0.9531108 0.9216989
0.02835928 0.8946542 0.604691 0.6205901 0.6862472
0.1015101 0.7073203 0.2981201 0.232876 0.9303233
0.7418537 0.364859 0.4998282 0.1772587 0.0986853
0.6426487 0.1255461 0.2405271 0.4489182 0.02280133
0.7014475 0.03964489 0.9487859 0.5757801 0.2146747
0.2417558 0.7123619 0.329552 0.6710425 0.6552451
0.4275913 0.08776864 0.7813626 0.9687923 0.07941544
0.4528798 0.6178895 0.6495653 0.5661416 0.3142083
0.8726527 0.5705378 0.5059328 0.08261401 0.2403231
0.8908933 0.946588 0.94008 0.7093768 0.1438432
0.5289503 0.02120077 0.2096687 0.5089009 0.6438679
0.2900196 0.2203559 0.2465575 0.4055026 0.9822823
0.713873 0.8978345 0.2533362 0.3963664 0.9099451
0.2798809 0.3172078 0.06951684 0.1275162 0.4363837
0.8711074 0.3798109 0.4345051 0.19064 0.6747627
0.9069584 0.009163754 0.07914551 0.6529817 0.6342462
0.9701802 0.8287924 0.4628472 0.202019 0.4372664
0.9199049 0.888418 0.1942988 0.7190234 0.3312862
0.9289113 0.8631856 0.4291345 0.3133306 0.4951228
0.5337154 0.3753562 0.8497936 0.7633537 0.4271577
0.3056424 0.8311131 0.6960154 0.9534074 0.01611158
0.9191165 0.9818421 0.382576 0.5056674 0.3957232
0.7929339 0.04353778 0.1308842 0.7235872 0.8476076
0.03713678 0.8046903 0.2063366 0.7146449 0.00390156
0.8818875 0.1186077 0.2112804 0.4155642 0.5764167
0.4572993 0.2941243 0.1672674 0.997196 0.8469181
0.5897655 0.2680103 0.9599571 0.5824467 0.1957203
0.1714206 0.5115974 0.9986427 0.4266176 0.7386444
0.739728 0.9939594 0.6741252 0.7970568 0.2510015
0.9840465 0.5082926 0.7783708 0.6927033 0.1939415
0.7695338 0.5919463 0.335627 0.3914547 0.0009781941
0.99499 0.127454 0.6211777 0.8145294 0.7959601
0.04475744 0.2865106 0.1817463 0.6938106 0.407378
0.7389122 0.9771629 0.6059873 0.2116205 0.3032183
0.6434751 0.8749846 0.2956281 0.2014696 0.09192395
0.8175995 0.5319674 0.0848191 0.140767 0.2617583
0.7856665 0.3033277 0.4679969 0.4422759 0.6304234
0.278089 0.4711441 0.4683258 0.6208916 0.7045097
0.4949006 0.8183258 0.05426663 0.4160187 0.6605754
0.9675858 0.5481763 0.08850088 0.4773917 0.6518743
0.7325307 0.1628051 0.5358112 0.9298323 0.9068318
0.8132318 0.09713925 0.2630248 0.5442173 0.1558703
0.303819 0.8380728 0.281149 0.8221117 0.5357418
0.4577102 0.2979607 0.2817873 0.939074 0.7462217
0.7191429 0.61881 0.05077075 0.3502809 0.0976237
0.2737726 0.2773127 0.4098442 0.7207834 0.006175178
0.1087502 0.5217851 0.7996452 0.3739138 0.2313225
0.8026614 0.03704662 0.5172751 0.3007154 0.9594244
0.4560862 0.1522085 0.8599649 0.3109408 0.1357806
0.6844015 0.7384388 0.5901442 0.2823162 0.3920708
0.8490778 0.3583761 0.3851906 0.01592185 0.6514393
0.9971952 0.1186376 0.4947979 0.9015391 0.1137889
0.9594651 0.2702927 0.4570359 0.1319962 0.3413296
0.2210881 0.6235636 0.07429586 0.6749649 0.6530266
0.9913893 0.2591123 0.6677202 0.4417112 0.2868086
0.7548482 0.2283197 0.8487907 0.2704854 0.8122694
0.397036 0.1085796 0.3514061 0.907617 0.5842803
0.2969838 0.3680034 0.4547596 0.9759489 0.9357702
0.05122728 0.1270256 0.4652017 0.9239709 0.04784583
0.2434974 0.7386015 0.3134759 0.8206284 0.8288942
0.9847351 0.1773866 0.5532985 0.3486828 0.1286987
0.6908136 0.07638423 0.1279116 0.9990793 0.3663133
0.6024464 0.4432905 0.09078682 0.70666 0.08870807
0.472916 0.03906254 0.6189693 0.051672 0.9973752
0.5095013 0.3797682 0.4612633 0.2681486 0.7506589
0.1917284 0.6165587 0.04744632 0.6464042 0.9323041
0.9004961 0.1651236 0.5765688 0.2844346 0.8254819
0.6914261 0.1520695 0.8055621 0.8986791 0.3145168
0.3348066 0.7076634 0.3611585 0.8644323 0.3245377
0.4353341 0.1904765 0.345886 0.0933896 0.9109133
0.4445147 0.7313686 0.3175286 0.6984591 0.8924645
0.8559816 0.4835799 0.4136867 0.5663488 0.9913385
0.036803 0.2064757 0.9081883 0.4366015 0.4043731
0.1099872 0.1868006 0.8201731 0.4942577 0.1497771
0.4141114 0.6858051 0.9806727 0.2183818 0.3800835
0.6447516 0.09925035 0.9382962 0.5770489 0.4246443
0.0900657 0.1694604 0.6880834 0.6190706 0.5081106
0.6608111 0.1695972 0.3432503 0.8908066 0.674235
0.7584868 0.4476159 0.3842971 0.6075832 0.2229533
0.8727335 0.02563363 0.006547792 0.4572281 0.1727273
1 0.2893532 0.533634 0.922394 0.1772168
0.5016881 0.2206365 0.1254386 0.3237407 0.1533913
0.7804898 0.9863865 0.005995977 0.03330192 0.9470273
0.3801566 0.2526936 0.5144336 0.5584592 0.1213111
0.9130365 0.6717484 0.9043253 0.4046147 0.691601
0.4520711 0.7343028 0.9053666 0.21327 0.7661753
0.203483 0.2850746 0.7147934 0.9864648 0.4090859
0.1083856 0.9861441 0.4310035 0.8076165 0.4366648
0.7332337 0.8956881 0.6533413 0.08046418 0.2883436
0.1638783 0.535989 0.981854 0.4950313 0.3269182
0.6844233 0.3527338 0.3446334 0.8473426 0.3194408
0.2210713 0.532732 0.3638472 0.370148 0.4903815
0.2824636 0.1194272 0.7785577 0.3424932 0.2696201
0.659128 0.6153274 0.8035543 0.1809897 0.6450116
0.3421385 0.8278902 0.3506149 0.09505102 0.538355
0.7197801 0.04936477 0.9478294 0.1421603 0.9217222
0.6356211 0.9329086 0.4096794 0.3799194 0.8476363
0.9009191 0.4418523 0.05107438 0.9256696 0.04708285
0.4267053 0.7020034 0.09633233 0.03617467 0.7373402
0.2065532 0.8447148 0.7087052 0.8916241 0.9956238
0.618152 0.5784573 0.8613121 0.8117939 0.6925796
0.355293 0.03952948 0.2893488 0.9985045 0.2383073
0.911208 0.8095626 0.7822382 0.2523201 0.4676725
0.3394252 0.5599574 0.001818958 0.7265349 0.009775036
0.5463086 0.2678178 0.154206 0.1138363 0.4663007
0.3453525 0.6608548 0.9422988 0.8284385 0.8911218
0.9478176 0.128563 0.5121336 0.1062726 0.5277336
0.7611975 0.6554306 0.2274813 0.5692669 0.3255547
0.4060696 0.8034553 0.7839034 0.2941841 0.03667789
0.03779649 0.4447007 0.9125766 0.02208098 0.9944783
0.4271626 0.3544726 0.428472 0.4512901 0.6586008
0.01368588 0.767279 0.3025127 0.3218769 0.1150447
0.131525 0.5022256 0.9075237 0.7810029 0.7768267
0.07236664 0.8089344 0.9892902 0.2312456 0.5863004
0.6785277 0.7103681 0.2717306 0.4403755 0.6363511
0.2131392 0.3935926 0.7896968 0.03393784 0.9931974
0.2714933 0.5092897 0.4306947 0.6611505 0.1251946
0.569383 0.2883338 0.4087493 0.3986512 0.7914773
0.7827205 0.5824606 0.1045757 0.1014765 0.9356038
0.5370524 0.7772988 0.7868642 0.9689431 0.7306751
0.8470791 0.4399779 0.323856 0.7720793 0.07386041
0.9928194 0.7421414 0.8793184 0.555208 0.7036475
0.1718584 0.5269343 0.9153981 0.5737247 0.0546954
0.9703582 0.360123 0.01473023 0.240646 0.7326676
0.9992422 0.9833097 0.722206 0.6480871 0.9010303
0.8953509 0.03061343 0.1584475 0.7490508 0.2443033
0.2232021 0.7860182 0.1312522 0.3136829 0.05108074
0.2404006 0.9872886 0.05447878 0.4912279 0.6569318
0.01547149 0.1387584 0.5790059 0.9944383 0.2713775
0.1792148 0.2224479 0.3404197 0.4786683 0.001430718
0.7520383 0.2932383 0.02298466 0.0192888 0.8313287
0.4480967 0.8979575 0.1551549 0.9579728 0.4299976
0.9633784 0.5375287 0.3505641 0.9244574 0.2475895
0.1680656 0.699127 0.1009405 0.7916451 0.4757496
0.1694327 0.1920669 0.2007729 0.6737155 0.9347844
0.5532643 0.9651561 0.1258644 0.3751914 0.609411
0.9700595 0.06104828 0.4288666 0.6471065 0.5515479
0.6160847 0.9738048 0.3388884 0.1366758 0.530053
0.5698508 0.9249666 0.8760405 0.9847442 0.1959972
0.4902774 0.2979753 0.8901044 0.9838195 0.1504183
0.9244826 0.6819481 0.5685286 0.4856899 0.1699292
0.2169357 0.9957999 0.8555694 0.7734248 0.6745268
0.9736382 0.584889 0.8010407 0.2299992 0.7559229
0.1187563 0.05948002 0.9040366 0.7843436 0.6040666
0.4227332 0.1635223 0.3846188 0.9129995 0.7468197
0.8117691 0.2067129 0.7578368 0.8445034 0.6701137
0.8647341 0.5587109 0.7318342 0.1016251 0.5390436
0.6157998 0.6310425 0.7146701 0.8678635 0.3364451
0.3303298 0.4877824 0.6548296 0.3529463 0.7230907
0.8215542 0.6156143 0.08061525 0.3816265 0.3697093
0.8015711 0.9007228 0.6291595 0.113623 0.9315829
0.1986429 0.9467598 0.0432711 0.2807652 0.1197687
0.6021043 0.1399708 0.5631592 0.2104705 0.7695225
0.7733191 0.2258512 0.6861677 0.6470208 0.8181035
0.5380656 0.952512 0.09857549 0.3605155 0.5096557
0.2721732 0.9886296 0.4524002 0.8107013 0.1433399
0.5671811 0.2636526 0.240435 0.9999734 0.1595353
0.5511712 0.8657576 0.01432082 0.227868 0.2618583
0.9746999 0.6032351 0.6636759 0.8087059 0.2039616
0.423229 0.8057946 0.07070443 0.6044878 0.5610642
0.05657572 0.7001985 0.6292658 0.7670808 0.7190515
0.01523082 0.2251492 0.9160284 0.2962196 0.6531329
0.5895677 0.7880534 0.5168418 0.964186 0.4183252
0.8111198 0.4996967 0.3024784 0.4643665 0.9872185
0.4475068 0.6445994 0.5511328 0.6347397 0.503987
0.8747481 0.7326783 0.9369078 0.9725634 0.4272426
0.7501883 0.0602145 0.3791755 0.3415353 0.2017404
0.5313466 0.4447862 0.820915 0.4816596 0.7430299
0.2953238 0.9834036 0.9653876 0.7213771 0.8168045
0.4632293 0.6674613 0.9837599 0.103089 0.07670885
0.4842713 0.9373582 0.04417037 0.8904295 0.6862393
0.9647328 0.7325248 0.6954372 0.0476882 0.6041782
0.414765 0.4065556 0.3722536 0.2820367 0.2979694
0.1216504 0.8317893 0.6133033 0.4619255 0.5859454
0.518722 0.7981292 0.4348234 0.4217243 0.8601468
0.9691388 0.1482393 0.8872868 0.02129123 0.8026324
0.7241477 0.2081609 0.1690236 0.9556516 0.305461
0.8257064 0.7285397 0.4222541 0.3961115 0.9048281
0.4592264 0.09607503 0.4560824 0.02586815 0.9554674
0.8945459 0.02201828 0.8476367 0.5092056 0.1407348
0.5314764 0.5781546 0.5899018 0.8234491 0.9261937
0.2782245 0.03502434 0.2104772 0.7197377 0.4959048
0.1622648 0.1542381 0.09724394 0.3867203 0.08613946
0.4687105 0.4775863 0.8192184 0.7546679 0.3971705
0.959318 0.4985291 0.5506034 0.9068288 0.05684069
0.5541325 0.9254163 0.9936014 0.3369405 0.9475506
0.3740657 0.6413039 0.9945264 0.8433482 0.6920363
0.9491148 0.357137 0.4603573 0.6553723 0.1486271
0.7439185 0.4508041 0.9815142 0.2412956 0.6919744
0.06746483 0.2298564 0.6696176 0.9140213 0.1552551
0.1190038 0.5385357 0.1941528 0.2503566 0.06811346
0.2536078 0.3201261 0.4385797 0.2135177 0.5650867
0.02921479 0.5548582 0.7686959 0.5056052 0.9041168
0.7557406 0.466703 0.7658826 0.02323511 0.3211157
0.3206759 0.8931634 0.6847495 0.2209669 0.9321741
0.821743 0.9897049 0.004788225 0.8835115 0.9541818
0.6138127 0.8548425 0.7353041 0.1564759 0.08856554
0.4116473 0.03931135 0.6623186 0.9348163 0.7219687
0.3256934 0.3588486 0.6801322 0.2441439 0.06330661
0.7516091 0.3142801 0.6268846 0.6705877 0.808542
0.9147222 0.3292715 0.9539242 0.9911269 0.3388721
0.5595036 0.5569496 0.2672547 0.9749761 0.3297513
0.1777518 0.4749707 0.6384601 0.9203658 0.7765652
0.2180288 0.8713997 0.3160777 0.1051442 0.2966395
0.0164348 0.8420369 0.229193 0.9782774 0.4345926
0.8002369 0.9217681 0.9892534 0.6455202 0.877156
0.6268984 0.4520298 0.09591152 0.9977292 0.0660694
0.03454931 0.05378172 0.5989957 0.06164622 0.1860611
0.9551734 0.7797556 0.6023729 0.1987598 0.9998335
0.9480065 0.6180081 0.5397939 0.08884853 0.08935708
0.1608577 0.8536317 0.8341269 0.0649879 0.4092601
0.8999805 0.1356604 0.3893555 0.7649678 0.08941159
0.5066153 0.05432543 0.9058612 0.3274767 0.2502446
0.1808764 0.09034103 0.5218787 0.4593421 0.9148298
