0.8191936 0.5426993 0.3039781 0.4501908 0.007846298
0.2357888 0.9192998 0.1254034 0.1884062 0.8080204
0.1898696 0.3959824 0.5876761 0.5544564 0.7716852
0.8161052 0.6207125 0.6827897 0.7266837 0.9008074
0.7900009 0.8341743 0.8282008 0.0565628 0.7441712
0.4107749 0.6579447 0.3053395 0.5414147 0.9716312
0.4677011 0.3162652 0.3371347 0.2341673 0.7997441
0.3608398 0.5047949 0.7048112 0.0001746243 0.6738982
0.9615509 0.5056252 0.2784878 0.4971031 0.5539073
0.5908221 0.07706645 0.8110315 0.03051375 0.596273
0.04665499 0.7073823 0.5881512 0.9076616 0.2934701
0.3895509 0.5939102 0.7906028 0.4148403 0.660884
0.1372778 0.7062468 0.4206527 0.6646134 0.1966077
0.5094709 0.2150928 0.4085485 0.3596894 0.6610999
0.1389976 0.02233351 0.4594005 0.7223738 0.3974769
0.8417089 0.6660446 0.0917696 0.7849798 0.5837123
0.155528 0.3383699 0.7590011 0.2552459 0.3358808
0.7780024 0.8332503 0.2230901 0.05444929 0.7809687
0.724794 0.01578773 0.3386187 0.3437802 0.6445462
0.01150967 0.7313326 0.0006443172 0.7420357 0.10896
0.5429347 0.9090437 0.6920027 0.9405845 0.3716387
0.7759845 0.2910682 0.9575917 0.1865088 0.1233565
0.8449228 0.930554 0.06309813 0.6513045 0.3508688
0.7650365 0.4463722 0.3750612 0.2675779 0.003214471
0.1466353 0.3621155 0.08659518 0.637127 0.383196
0.4865344 0.8519142 0.6748942 0.3415107 0.2450365
0.6392215 0.885872 0.001406426 0.2857711 0.04507004
0.7805018 0.3023567 0.03032027 0.1260168 0.1147856
0.3057756 0.4115757 0.06431984 0.4122412 0.179616
0.1858712 0.5689998 0.5232471 0.541334 0.2316447
0.3977109 0.8571502 0.7277329 0.2304379 0.1715758
0.8897073 0.2051361 0.2575978 0.9264837 0.09578964
0.4881431 0.1135965 0.7833187 0.3072145 0.144578
0.6352417 0.2749229 0.5198016 0.6079557 0.5259921
0.3649626 0.04601948 0.1336774 0.5213682 0.5948498
0.05001889 0.3412634 0.5453505 0.6262234 0.08913298
0.1539184 0.1397797 0.1636603 0.9299033 0.978017
0.5041769 0.0180029 0.3876026 0.3302202 0.7831086
0.9164639 0.6878861 0.5316078 0.1520289 0.8248738
0.9828147 0.6034758 0.2868401 0.4326875 0.408663
0.3498942 0.09195261 0.1301598 0.8149381 0.5659342
0.2842099 0.353473 0.7802743 0.9370534 0.965121
0.5431355 0.1918271 0.3728883 0.1816388 0.03807686
0.4775524 0.1888651 0.7786321 0.3490822 0.2543175
0.829741 0.7968188 0.09135191 0.327617 0.7648152
0.7625011 0.1213166 0.7681621 0.9500936 0.2304115
0.05027419 0.9172116 0.3288095 0.9598516 0.2889974
0.04679967 0.3293732 0.4102282 0.3460236 0.6413587
0.9027713 0.4892709 0.1683671 0.3826129 0.5445025
0.6119588 0.2221887 0.537846 0.5399923 0.07305707
0.4094187 0.06752681 0.3357749 0.7113372 0.1912562
0.9606615 0.4762886 0.2989604 0.06253293 0.4405952
0.4430638 0.6995784 0.5782765 0.08728944 0.2412163
0.7577445 0.08929822 0.4452159 0.1590272 0.088986
0.2470916 0.9619735 0.8508767 0.6112822 0.7350446
0.1263811 0.6133989 0.8645539 0.1235403 0.4228795
0.5887173 0.7932558 0.2957146 0.5479828 0.5336146
0.7956015 0.9899347 0.004598129 0.7426282 0.7548695
0.358513 0.8154089 0.7890809 0.7499463 0.9874682
0.5120341 0.7894919 0.147893 0.1037504 0.2098847
0.3676995 0.2374914 0.05515019 0.8604043 0.1675006
0.1957121 0.02009646 0.4467926 0.3275595 0.2672393
0.204564 0.5326428 0.5930405 0.1614889 0.052077
0.4229471 0.7289634 0.1737022 0.1780268 0.4958116
0.8679585 0.3425357 0.1933444 0.1212629 0.2348215
0.5912628 0.8695711 0.7805747 0.8030405 0.06350797
0.9024112 0.4387809 0.2942337 0.08887941 0.4439088
0.4283896 0.953018 0.7781584 0.736603 0.01419136
0.5485065 0.5254389 0.1235624 0.7778908 0.4314596
0.02409383 0.3931086 0.8736086 0.4121889 0.3389755
0.005473257 0.5616066 0.7423935 0.3154662 0.5732967
0.1216961 0.1238659 0.8973336 0.1983438 0.5503992
0.8525211 0.7429122 0.1072315 0.2012549 0.9925415
0.2926535 0.7512714 0.9321568 0.3808822 0.3975621
0.1074659 0.6611693 0.2278519 0.07669859 0.3193274
0.4768756 0.442938 0.615122 0.1317927 0.8410331
0.3865168 0.6388817 0.4560463 0.2227569 0.1800023
0.199182 0.8689687 0.2074983 0.2751786 0.01831374
0.6237657 0.4620767 0.003265182 0.5063503 0.9559849
0.9363538 0.2428976 0.5223918 0.2273385 0.449146
0.4851925 0.7095285 0.07096169 0.3825881 0.385441
0.2311732 0.9406605 0.7471692 0.4335574 0.2584029
0.514671 0.5119559 0.3476733 0.08470882 0.6009076
0.9623891 0.4064733 0.2653547 0.9751204 0.4130166
0.5949436 0.9515692 0.8666767 0.420196 0.4360878
0.904996 0.6231732 0.1119992 0.9057968 0.335406
0.2334148 0.477454 0.7630191 0.5324448 0.8932857
0.7120718 0.7891721 0.8593124 0.1523293 0.5117127
0.1558648 0.2207678 0.5930713 0.8050486 0.7433884
0.6975868 0.8574872 0.9127873 0.5450987 0.7795844
0.1517559 0.035974 0.6210051 0.5294227 0.176
0.3528034 0.3589857 0.6356939 0.7948924 0.6966556
0.7980227 0.6928911 0.5339628 0.3032828 0.8323713
0.6118706 0.6456162 0.5987413 0.2928409 0.9315928
0.6999651 0.8271625 0.388998 0.2211194 0.5937471
0.7433719 0.4693256 0.2965824 0.04165281 0.5131211
0.2122019 0.2462624 0.8804833 0.5341188 0.2219809
0.03629177 0.3751238 0.005278738 0.09243945 0.3150425
0.7299294 0.3647011 0.1557266 0.2160621 0.4443824
0.009235444 0.09759085 0.3011761 0.9459398 0.1622812
0.3693361 0.7948191 0.1620457 0.7012132 0.69091
0.749458 0.03378492 0.5896157 0.9277623 0.6133233
0.4549988 0.2696812 0.3538198 0.04663085 0.1056153
0 0.8899764 0.7302491 0.5219578 0.1390767
0.4212853 0.08076379 0.6228278 0.3010431 0.7138847
0.02572582 0.6487696 0.1817697 0.05934831 0.3840278
0.5054592 0.6333171 0.7592256 0.1814417 0.5842495
0.1524088 0.7596768 0.6539804 0.7087041 0.2220851
0.4733181 0.2999095 0.003420014 0.4531938 0.9727528
0.608036 0.3811291 0.6494823 0.7068369 0.5596614
0.7975758 0.9610432 0.0206579 0.07083518 0.562823
0.2146575 0.0821423 0.233696 0.3503919 0.1489323
0.7886326 0.9784641 0.3058365 0.8692053 0.8002363
0.08602907 0.2153225 0.3399068 0.6705286 0.5418162
0.8756727 0.3371158 0.3043418 0.3007631 0.8878966
0.05308858 0.3326672 0.1368963 0.5503595 0.1656545
0.9448199 0.6790863 0.1903405 0.7294101 0.7417632
0.05985302 0.6797395 0.8840464 0.9678754 0.3107636
0.696263 0.3899432 0.7518306 0.4501268 0.7948535
0.2657226 0.4075076 0.3108414 0.4412655 0.1700229
0.2830946 0.2494288 0.5010324 0.4724728 0.6338327
0.4549957 0.249027 0.1221137 0.8694378 0.08976313
0.09346663 0.1144525 0.07920247 0.6379353 0.3702591
0.6088307 0.09893299 0.7378251 0.005434805 0.7319959
0.4036817 0.9324235 0.8883706 0.9041339 0.9285992
0.01720876 0.399303 0.02408946 0.2952594 0.9723399
0.5877374 0.9455102 0.6019568 0.7332433 0.1444187
0.3270255 0.7287562 0.6441272 0.1058346 0.5228438
0.4744693 0.5010291 0.157614 0.3781231 0.2268143
0.9295841 0.1051074 0.01443289 0.5296756 0.1409496
0.2169436 0.4407546 0.7198243 0.8696715 0.04442047
0.3111229 0.976942 0.05878341 0.03825688 0.7131718
0.9912415 0.9227599 0.5133748 0.4710122 0.8622832
0.1451105 0.9270709 0.498186 0.1927644 0.02777281
0.2933471 0.6980255 0.9563791 0.3869976 0.1251658
0.1658099 0.1259366 0.1060828 0.6351563 0.06574245
0.6831256 0.2287289 0.499611 0.1893391 0.8074719
0.134984 0.6593216 0.06996993 0.7082971 0.9740479
0.1848159 0.7832566 0.4064027 0.6164542 0.2743614
0.4008271 0.6163216 0.6233092 0.9268581 0.1658544
0.8472811 0.2123324 0.8051757 0.862663 0.6320228
0.1052716 0.5270332 0.6039245 0.9333484 0.53868
0.472412 0.3604031 0.949756 0.3329288 0.9106401
0.111383 0.6004975 0.780749 0.9710181 0.3015955
0.1363091 0.7305792 0.1194937 0.06679329 0.4358781
0.4874618 0.450832 0.5851945 0.4462542 0.3572424
0.9281553 0.6043816 0.3813477 0.8716672 0.006914311
0.07198534 0.01792381 0.6046075 0.3280945 0.05494673
0.4229363 0.6881725 0.1630316 0.6924841 0.390426
0.5691684 0.6487222 0.6440804 0.04664279 0.391755
0.02708904 0.8209973 0.6532305 0.09209594 0.9917061
0.2073533 0.8618108 0.04427923 0.4006248 0.575933
0.5271439 0.6170218 0.5506139 0.29802 0.9690348
0.3466893 0.2616235 0.5257632 0.5552407 0.4699333
0.4913607 0.5284615 0.3672218 0.6860286 0.9251873
0.2264714 0.2314087 0.1384525 0.3131644 0.1493288
0.3230835 0.9023047 0.4135758 0.004565629 0.6911645
0.3673318 0.04534593 0.5878487 0.9957833 0.4673188
0.8819431 0.2092167 0.8584457 0.9771192 0.2572833
0.1750471 0.6619985 0.6297341 0.8295459 0.2087332
0.2131554 0.4322018 0.5127201 0.3769212 0.02801195
0.3455772 0.9278157 0.3033038 0.522473 0.07954836
0.3142503 0.5748401 0.1199244 0.0574276 0.9191036
0.3980916 0.3588107 0.2929626 0.7194695 0.8143744
0.5667229 0.5533357 0.6790552 0.0737646 0.4655541
0.7287031 0.6292346 0.940083 0.1176519 0.01454665
0.7317983 0.9156085 0.6567167 0.2204903 0.1173515
0.2210376 0.4923799 0.5660443 0.5239596 0.3396154
0.4343619 0.4336931 0.2204822 0.4513303 0.4511235
0.5255644 0.9784631 0.04312626 0.1756281 0.4015068
0.5658034 0.4044948 0.1244154 0.8233933 0.2577548
0.2800201 0.1508682 0.8429734 0.7821185 0.3514635
0.2292094 0.4491493 0.3107878 0.1516361 0.451663
0.2860948 0.3355749 0.7199504 0.5031543 0.5867604
0.5465163 0.9845137 0.1360412 0.7867784 0.07340281
0.3820715 0.2276505 0.4043649 0.4849448 0.7835665
0.6960763 0.08269749 0.02760562 0.1419024 0.02102175
0.4828534 0.4350877 0.9603602 0.833561 0.5045351
0.8659644 0.4622251 0.6228393 0.4775984 0.9747709
0.5230875 0.8125066 0.2065876 0.4501369 0.74258
0.8229847 0.8219172 0.9993486 0.9604008 0.4524215
0.6826942 0.7545835 0.332093 0.1180533 0.60624
0.6240152 0.9316061 0.8499483 0.773524 0.2746014
0.1893257 0.6372222 0.3115624 0.5371216 0.5989695
0.8912589 0.8457296 0.3151985 0.4641737 0.4365588
0.5079253 0.5695874 0.6583095 0.2000438 0.2717032
0.1638123 0.07878649 0.3421484 0.9887422 0.2967959
0.318189 0.4666854 0.4630874 0.01578632 0.5359003
0.6792936 0.8792668 0.4927279 0.4673152 0.2680634
0.9945813 0.4084108 0.3637286 0.244173 0.2369767
0.543871 0.3053175 0.9017855 0.5571813 0.2242835
0.1292529 0.04170149 0.2303132 0.3688138 0.609972
0.667509 0.7962668 0.6525428 0.107961 0.1736888
0.5436436 0.6347351 0.4766001 0.01748092 0.2521652
0.3925199 0.8092478 0.8866455 0.4963464 0.9965951
0.6251707 0.973762 0.9806141 0.001058834 0.4456116
0.8926158 0.2253686 0.7329619 0.7186016 0.96346
0.9878849 0.4802401 0.09435614 0.589425 0.7114749
0.8547932 0.8861152 0.4851252 0.1080182 0.7214219
0.5867744 0.9209383 0.326824 0.559626 0.4864442
0.3502728 0.383504 0.1992414 0.2566139 0.5212703
0.6957168 0.5518168 0.7600522 0.4107361 0.01680206
0.7682735 0.2314217 0.01912669 0.2653077 0.6182665
0.8914836 0.3319491 0.07918308 0.9555589 0.2921393
0.8573812 0.5304238 0.470437 0.8404396 0.01189836
0.2934544 0.09674844 0.6540174 0.1943744 0.4478524
0.8539951 0.429238 0.2380317 0.09579218 0.4896104
0.1565606 0.8114943 0.4044491 0.3047812 0.2439506
0.9638859 0.5915601 0.8212448 0.8809995 0.5976062
0.09797886 0.4717662 0.1527642 0.01025834 0.8240229
0.5091481 0.02231347 0.4402179 0.5578549 0.3815482
0.4064439 0.2291414 0.4592236 0.7849092 0.07683914
0.2394913 0.8693825 0.413307 0.2274948 0.5668067
0.8093786 0.1441089 0.7942627 0.06962814 0.9163366
0.1139195 0.3528838 0.2817196 0.8556352 0.2136
0.2790414 0.4525566 0.3635132 0.6745295 0.1741534
0.4120959 0.3328033 0.7013323 0.8547336 0.7544213
0.01688165 0.6344329 0.6213609 0.4508146 0.4153442
0.9283296 0.366506 0.7284504 0.855973 0.7466051
0.08332402 0.3883055 0.3121842 0.2848349 0.7590549
0.1734645 0.1913113 0.3620083 0.04266463 0.3175946
0.3817548 0.4118712 0.9581184 0.9326244 0.7232567
0.5247417 0.5046414 0.9076707 0.4686696 0.8737985
0.8279994 0.4966587 0.9526447 0.781242 0.8733325
0.4118668 0.1858595 0.1831377 0.3462968 0.6728109
0.7292827 0.7127642 0.9341647 0.4009776 0.0003878713
0.05025351 0.8735669 0.910216 0.2254241 0.3394983
0.7655143 0.8469206 0.1381275 0.6370905 0.5298958
0.2132498 0.3590549 0.6889393 0.7773382 0.3139554
0.7224833 0.04538591 0.03753573 0.9280686 0.1483248
0.4277174 0.5104667 0.7398331 0.5844567 0.3609614
0.1075465 0.07701977 0.2134305 0.8513392 0.5676407
0.1908852 0.09997289 0.01416202 0.1447133 0.8596969
0.06973628 0.0168065 0.5236173 0.4342775 0.8057216
0.4902672 0.7373582 0.9263023 0.010116 0.8748664
0.261478 0.9214271 0.4609531 0.7139516 0.8395218
0.355627 0.7025331 0.8396368 0.2394108 0.8443542
0.2790567 0.2002861 0.1209075 0.9231229 0.2509965
0.2307826 0.2373829 0.1985834 0.832186 0.8657013
0.9199077 0.3311862 0.2681447 0.1711611 0.892012
0.3358133 0.0882985 0.9398255 0.3092803 0.3278351
0.7703606 0.886107 0.7824288 0.3720453 0.9200949
0.5351297 0.4170342 0.2633516 0.7589228 0.0204491
1 0.5276333 0.3450348 0.3355213 0.6778784
0.8013241 0.4349656 0.4351981 0.5855725 0.4678594
0.4252912 0.4102684 0.07944668 0.7887678 0.1132243
0.919556 0.51036 0.4489638 0.5325855 0.5266671
0.1566748 0.6691428 0.6327724 0.1817101 0.2181154
0.5295844 0.9015695 0.9187849 0.3094032 0.5295163
0.5659347 0.8049123 0.5681412 0.3405449 0.5680591
