0.7575534 0.7700836 0.4963964 0.783444 0.1117698
0.8786509 0.7322557 0.6708842 0.2792373 0.9568686
0.9843991 0.2857989 0.6074901 0.323516 0.0745747
0.4201807 0.06506389 0.2447743 0.428767 0.7694056
0.4399945 0.1462323 0.5736414 0.3267627 0.4244105
0.03303998 0.4200488 0.9899123 0.8734998 0.2454372
0.8580714 0.4700169 0.1551018 0.2696958 0.3488812
0.4288949 0.7165107 0.05132372 0.99066 0.7350485
0.0778796 0.3215244 0.5598326 0.8763787 0.7598271
0.3051746 0.04093908 0.320001 0.7094197 0.08836221
0.5970975 0.2224413 0.280148 0.7377855 0.4564721
0.5032482 0.236301 0.1846552 0.4169384 0.3673834
0.949162 0.4049375 0.3606116 0.1715772 0.9873484
0.02343185 0.2807199 0.7242344 0.8002079 0.7071411
0.801197 0.3289632 0.6549935 0.9846562 0.4461231
0.2432784 0.05837357 0.2364545 0.668439 0.9117925
0.9598588 0.8847247 0.6922116 0.1284396 0.1179901
0.8044862 0.812275 0.8116504 0.3178517 0.282704
0.1230952 0.6344486 0.4136084 0.4670084 0.6957242
0.3445845 0.01239322 0.8540234 0.2415485 0.7296061
0.4336232 0.0973288 0.4402972 0.4688442 0.05172377
0.8119315 0.7239638 0.06274073 0.8334273 0.03998324
0.9094056 0.5036214 0.5220797 0.8122898 0.3025037
0.818397 0.4242982 0.07393126 0.9843637 0.2039177
0.3815286 0.3727154 0.3091875 0.7415425 0.9695589
0.5020405 0.7545863 0.6884412 0.6761322 0.1293918
0.3528432 0.2129308 0.8082824 0.1207915 0.2785373
0.6385128 0.8695362 0.4029181 0.7611479 0.2270648
0.2905972 0.2732851 0.326437 0.6977899 0.03483328
0.620885 0.1512345 0.5955527 0.789527 0.9395951
0.1934152 0.3724289 0.8133566 0.9547928 0.4035304
0.8465237 0.2668639 0.02147582 0.7476215 0.5620721
0.365219 0.6027179 0.9518428 0.5316334 0.8424998
0.1820651 0.3186406 0.7978274 0.9732698 0.5782113
0.3523561 0.5274778 0.322411 0.7150082 0.4697345
0.4418726 0.08816034 0.5727098 0.183982 0.4722912
0.4542555 0.07108001 0.1817939 0.8581687 0.9587863
0.0660724 0.3971669 0.7102951 0.5110662 0.02623515
0.3274729 0.8613651 0.6098479 0.4417501 0.2392616
0.9729688 0.7056409 0.3401538 0.4697807 0.1467816
0.9687376 0.9205137 0.7406925 0.2026534 0.8404108
0.7389821 0.5221585 0.572561 0.971746 0.6556676
0.8188019 0.4486795 0.157106 0.08403855 0.7072286
0.4362498 0.5586269 0.8743316 0.7980385 0.996252
0.4403845 0.1285565 0.6294493 0.3058182 0.8672946
0.3113334 0.03188758 0.4017968 0.865035 0.7575778
0.8605535 0.117044 0.1540778 0.5291945 0.8240661
0.9560577 0.9715398 0.06101203 0.6618087 0.3749422
0.3284624 0.6113254 0.4292956 0.3219513 0.8423276
0.5980735 0.9121335 0.758377 0.05124141 0.9054164
0.07302298 0.6204279 0.9212334 0.5169681 0.4109532
0.3639416 0.6543457 0.9770451 0.629591 0.985364
0.5610564 0.01807655 0.9729058 0.8778114 0.8486259
0.6846277 0.2031458 0.1429713 0.4787877 0.3910048
0.5491738 0.74515 0.6704034 0.4648846 0.004380826
0.3572225 0.4132937 0.2442384 0.3859882 0.5687812
0.3109642 0.7948349 0.7027201 0.7048797 0.7640447
0.8287661 0.8675683 0.07880425 0.9849205 0.2258277
0.6452041 0.4611599 0.2856431 0.2747565 0.4768055
0.7078362 0.3086663 0.916509 0.7146559 0.2451518
0.5481384 0.6851127 0.436641 0.1040113 0.0519522
0.30457 0.04117423 0.9310665 0.1931754 0.5789609
0.1581256 0.2492108 0.2290066 0.592256 0.9966188
0.5772352 0.8673454 0.3801402 0.8197185 0.7155541
0.006940161 0.3503995 0.8019332 0.5166351 0.4798315
0.06925824 0.04543913 0.2065213 0.3269093 0.02850386
0.3153837 0.2131051 0.1601109 0.5923109 0.636524
0.07921921 0.2457809 0.08494605 0.3529223 0.7807894
0.303158 0.4013926 0.8887971 0.3027787 0.06563558
0.6992854 0.084133 0.8173555 0.4077552 0.6244973
0.1896689 0.4752361 0.6864175 0.9594028 0.8296421
0.8493561 0.3744107 0.42829 0.2844086 0.7603549
0.5440208 0.9527461 0.4358754 0.06908602 0.3180961
0.0506457 0.5323428 0.8928183 0.9496678 0.4708034
0.02208498 0.6403361 0.5007007 0.5726227 0.4802244
0.1866427 0.494718 0.135007 0.8787531 0.3872434
0.01482813 0.2067851 0.6534392 0.7289732 0.09845092
0.6527601 0.8072951 0.8296407 0.2335832 0.1723743
0.3749497 0.5078232 0.6465655 0.4668526 0.308589
0.3114856 0.4348319 0.3889374 0.1730778 0.3080368
0.9895697 0.749675 0.2513431 0.2752626 0.1382598
0.4140064 0.9363416 0.3045505 0.1959235 0.1194061
0.4380073 0.9342407 0.367846 0.9874044 0.0113551
0.5675798 0.8365996 0.6173837 0.5162187 0.1702425
0.8520827 0.7494878 0.5794206 0.4839542 0.4715898
0.1404472 0.8994122 0.393344 0.1390927 0.3632459
0.5484256 0.06804466 0.8075931 0.092188 0.6638395
0.05099335 0.3882521 0.1575854 0.2535646 0.4835371
0.1061952 0.7611335 0.9631814 0.5812992 0.1642933
0.4437993 0.193481 0.1169035 0.8006398 0.8212342
0.7357152 0.1146188 0.800376 0.6323439 0.3409219
0.9273665 0.3192553 0.6134106 1 0.3587223
0.02914517 0.462548 0.5703633 0.3532651 0.705726
0.5646756 0.1978065 0.1110399 0.08641316 0.7273592
0.630434 0.6197949 0.2659017 0.04853247 0.5947164
0.5143868 0.341618 0.7420457 0.9297049 0.9327407
0.1681944 0.7461395 0.5919398 0.07582224 0.5919526
0.9007843 0.7612947 0.5704097 0.2829685 0.2930052
0.1022617 0.9054443 0.3262772 0.96583 0.2953341
0.7227843 0.5889334 0.06767967 0.8670316 0.6561661
0.6586487 0.7280594 0.08755762 0.4007575 0.6698165
0.6250359 0.1224475 0.8264934 0.738101 0.8353549
0.1383173 0.5661382 0.6932172 0.8612344 0.05456338
0.7750354 0.2432948 0.4753366 0.5043201 0.7273013
0.7600097 0.3646404 0.8566714 0.5963918 0.02193229
0.8694833 0.9051995 0.06942641 0.5780125 0.7829368
0.7923364 0.5755747 0.9136128 0.004008091 0.1515168
0.2361269 0.9426421 0.6782626 0.1881466 0.2499507
0.4939519 0.741813 0.7987164 0.7288358 0.8721972
0.6646652 0.2776783 0.2852401 0.4736123 0.8806735
0.1227572 0.5448214 0.8638034 0.5658371 0.3613831
0.5009755 0.5864728 0.02986782 0.9269421 0.3461236
0.3694223 0.6018468 0.7477811 0.2572144 0.4826247
0.5825498 0.1115411 0.8691079 0.8170036 0.9305722
0.336028 0.2387172 0.3530462 0.7796313 0.5258599
0.7820508 0.8725822 0.3144099 0.3441906 0.0673422
0.6210296 0.04183425 0.8341145 0.0983398 0.700306
0.5511145 0.7796407 0.5414944 0.2434546 0.9974447
0.9525188 0.5192799 0.1361803 0.8620022 0.9318164
0.03418575 0.2657039 0.5400266 0.0273165 0.2273965
0.1102725 0.776355 0.7941124 0.6334106 0.4139617
0.7254058 0.3279847 0.1751088 0.2482723 0.1483623
0.1044733 0.4815344 0.02650632 0.2750337 0.07917082
0.4716684 0.289096 0.7414622 0.3205521 0.2672289
0.8515673 0.774868 0.3918786 0.1355314 0.4171955
0.6984572 0.3430868 0.8413713 0.2149436 0.1691761
0.4012428 0.2179381 0.8033759 0.347705 0.438449
0.1622786 0.1962776 0.998798 0.2144022 0.8693915
0.8578574 0.1532732 0.2119098 0.2233852 0.8524371
0.7428611 0.6875872 0.863872 0.1664936 0.05381657
0.3701763 0.7848235 0.6934527 0.7809515 0.8056885
0.9697585 0.547099 0.4152032 0.5515985 0.6273627
0.5930571 0.04325965 0.307229 0.6129462 0.9925674
0.4161763 0.7791172 0.4091373 0.8459586 0.836918
0.6275265 0.8813666 0.9535008 0.03468836 0.5207301
0.4147039 0.1245584 0.07787453 0.86571 0.2437976
0.3229897 0.5960689 0.7411524 0.8376321 0.00293251
0.5928938 0.4689958 0.2625444 0.9991149 0.8630684
0.6360826 0.614472 0.4689158 0.4825807 0.7245151
0.298236 0.6377719 0.8422284 0.3717197 0.4573707
0.03759699 0.0198899 0.2872075 0.2199129 0.67921
0.8641133 0.1209362 0.3293544 0.7886275 0.1731427
0.1197525 0.5630215 0.4379584 0.5700751 0.9861882
0.8874578 0.1984208 0.5305044 0.4318917 0.3322659
0.4667581 0.6112528 0.4276154 0.319789 0.2590204
0.4838273 0.6081208 0.5852826 0.1420218 0.2139997
0.1986756 0.9238227 0.4561487 0.9116591 0.9003314
0.9174248 0.9915662 0.2784866 0.2077786 0.329531
0.2796064 0.3783552 0.7926558 0.1803291 0.1175621
0.8941533 0.7454927 0.9879857 0.9441685 0.5384246
0.3798992 0.8380997 0.006117581 0.4238664 0.2994726
0.6284429 0.5360735 0.4645821 0.05495117 0.9685574
0.8501959 0.9302945 0.6120431 0.6041868 0.6120968
0.3419599 0.01873947 0.1095925 0.9365968 0.1494538
0.9406742 0.9196491 0.6157358 0.2407794 0.35306
0.3254911 0.8639556 0.4006102 0.1164198 0.4898194
0.4496768 0.08461985 0.8482957 0.09941517 0.9077909
0.3115826 0.377193 0.4756766 0.2306264 0.6962512
0.07168176 0.4556155 0.9073692 0.6610863 0.6455138
0.4706003 0.4103675 0.6075092 0.8152351 0.5949518
0.152234 0.4663393 0.8708742 0.3870913 0.02950071
0.2126534 0.364158 0.2112035 0.9425103 0.843523
0.4482594 0.3119545 0.8499578 0.1969392 0.4788755
0.2205805 0.3951483 0.213996 0.5046345 0.3817024
0.2321716 0.06403374 0.630361 0.1789912 0.3931192
0.8050531 0.5573425 0.8154414 0.1461116 0.2782853
0.05013514 0.3961154 0.6713793 0.3587488 0.0253267
0.7211338 0.1067041 0.4910278 0.4167917 0.3842489
0.1569259 0.6260865 0.4535965 0.4751864 0.2568231
0.1901456 0.002270603 0.3408014 0.9 0.09400814
0.2609696 0.4007071 0.1991171 0.8726717 0.7863824
0.6789571 0.1315233 0.8159729 0.8634063 0.4635235
0.3955302 0.7659153 0.5604444 0.2364947 0.5940053
0.8281922 0.3903046 0.580138 0.07541131 0.2682468
0.2991972 0.7443858 0.9361226 0.7399682 0.7687632
0.1159399 0.2940223 0.5280771 0.01942725 0.7737651
0.6651859 0.1933498 0.4967865 0.3910068 0.9924343
0.2053997 0.5458568 0.5635347 0.194179 0.200435
0.3828397 0.9181262 0.5449291 0.5117216 0.05226935
0.1127946 0.3482501 0.5802112 0.5933089 0.7304138
0.7649931 0.592304 0.1606162 0.392847 0.7183364
0.3859145 0.06791169 0.6494507 0.3207608 0.5822027
0.5422852 0.1863287 0.3520059 0.08362482 0.1824126
0.3089951 0.4955119 0.01262399 0.9148798 0.3123624
0.948888 0.1285479 0.8670204 0.5666229 0.3719365
0.2847063 0.6302134 0.04335254 0.9317961 0.8572384
0.03975024 0.1597573 0.1954841 0.1631853 0.7827899
0.4171759 0.08356565 0.4288507 0.8960322 0.8319897
0.6258775 0.7358453 0.6097421 0.5766576 0.3071225
0.2380365 0.9313355 0.803846 0.8918968 0.8906442
0.9539815 0.3515935 0.7487226 0.8767837 0.8915155
0.1019038 0.4246208 0.06361161 0.3116513 0.100032
0.04716862 0.7132394 0.8473166 0.3624666 0.2734011
0.9181353 0.9525233 0.5759813 0.1524295 0.9791469
0.7035914 0.5484763 0.1729581 0.06194159 0.1070542
0.7036388 0.4995281 0.576252 0.9956659 0.5900226
0.8926641 0.2894998 0.3737353 0.91897 0.737256
0.161906 0.1730797 0.2426509 0.1300245 0.2406001
0.06629087 0.6209581 0.6847471 0.03554487 0.1444146
0.5190701 0.7813477 0.8490012 0.07983255 0.213462
0.3014424 0.3500844 0.1650982 0.6801578 0.5310382
0.6490589 0.7974811 0.2082184 0.1173303 0.2290778
0.6023081 0.6070692 0.4689619 0.113983 0.9573315
0.4239828 0.6303388 0.3852057 0.9442684 0.7756547
0.9758171 0.4355944 0.8320573 0.2107026 0.2531131
0.5755524 0.6342488 0.4706995 0.3708283 0.1009183
0.3274412 0.9184816 0.8168068 0.4782588 0.4880898
0.04180028 0.2447395 0.6100316 0.04422014 0.4839652
0.9714309 0.06064685 0.01472647 0.9809631 0.06955844
0.3684715 0.5689893 0.6849968 0.6762962 0.3416594
0.922047 0.3437916 0.3918543 0.3102356 0.9156517
0.322238 0.2254419 0.3985573 0.4260023 0.772734
0.5270127 0.9088002 0.9584934 0.7365401 0.5888623
0.07447542 0.7850432 0.9699422 0.7885832 0.8472707
0.9806126 0.08273551 0.1444338 0.3780387 0.0545731
0.6669304 0.8497136 0.6819051 0.1011049 0.7190819
0.5765871 0.355154 0.3434897 0.2306808 0.6471519
0.3063715 0.3261075 0.3716543 0.9827726 0.7812381
0.04454049 0.4684489 0.314963 0.1697502 0.9861252
0.004668023 0.5897385 0.6432989 0.3323317 0.7743007
0.4581285 0.3896549 0.9198905 0.6302436 0.4966776
0.7269851 0.1707263 0.478116 0.5494776 0.7427139
0.07708228 0.04997595 0.2990988 0.8279546 0.3653434
0.3102278 0.6561103 0.2704256 0.02904425 0.09538695
0.997476 0.0911047 0.8709342 0.00600405 0.386442
0.902087 0.4972385 0.207358 0.2038043 0.1822621
0.04885169 0.2933365 0.638516 0.852997 0.438015
0.2121146 0.6063225 0.554435 0.3931458 0.05433306
0.7858656 0.8411991 0.7242289 0.4770602 0.06590564
0.4637764 0.4907155 0.9088663 0.4124911 0.1353904
0.1643447 0.4809531 0.1191423 0.8093029 0.3214508
0.9966232 0.02764151 0.8710089 0.6869819 0.8729262
0.6708515 0.5380155 0.3521071 0.0343367 0.4818726
0.3631209 0.5530063 0.09941026 0.07533204 0.2740345
0.3429265 0.02147883 0.9136894 0.232415 0.8115058
0.8850107 0.03047728 0.5759232 0.2103433 0
0.9002696 0.3554612 0.4540756 0.7420733 0.4190559
0.1564759 0.862002 0.1659648 0.271436 0.6756402
0.4260126 0.3589284 0.2183622 0.7434466 0.4873165
0.6803615 0.08645001 0.3501763 0.02135589 0.9531944
0.7600896 0.784509 0.8709484 0.7503993 0.1373725
0.5456622 0.6914222 0.8272022 0.556185 0.4996314
0.5897223 0.9098841 0.5815845 0.7567685 0.1463145
0.3890311 0.2116081 0.5613601 0.3721027 0.4576701
0.7329579 0.9713602 0.4463615 0.5164341 0.009528636
0.3913664 0.976843 0.9170903 0.8063873 0.1342994
0.3890421 0.2393414 0.3038554 0.4310258 0.9520049
0.1886718 0.7580825 0.7158699 0.1453284 0.3636211
0.4110508 0.4822154 0.8280838 0.4450376 0.4250541
0.5509926 0.6534407 0.1463656 0.7986687 0.8355955
