0.3479067 0.2545376 0.7248515 0.8283125 0.6916839
0.903658 0.4047456 0.8318394 0.2958908 0.9944019
0.8199894 0.4522817 0.1698559 0.3899215 0.7758144
0.9275459 0.7885181 0.8932891 0.1962839 0.7347547
0.1895131 0.5400596 0.7012836 0.9980636 0.4844955
0.06317204 0.858808 0.8560833 0.2817192 0.2934586
0.2877641 0.9596715 0.5846698 0.5758995 0.1940033
0.188194 0.5620806 0.9129052 0.4267063 0.1612917
0.1504085 0.9831172 0.5528757 0.3409714 0.3493091
0.3690285 0.0482731 0.3658164 0.2933509 0.3456649
0.1668194 0.281913 0.9087735 0.2250945 0.8676706
0.707534 0.5008195 0.5665782 0.04856798 0.1778817
0.09021885 0.1796067 0.1238363 0.5445567 0.9505279
0.9794603 0.3023614 0.2997634 0.3284976 0.8861134
0.1349554 0.7615072 0.5646299 0.7575519 0.6351174
0.9354515 0.2247632 0.5500876 0.459674 0.6386464
0.2496124 0.6296658 0.5491261 0.3013186 0.4983127
0.1718197 0.8722499 0.08479811 0.6696401 0.8245665
0.7393383 0.05728882 0.6733197 0.02138709 0.457665
0.6795633 0.514587 0.8310767 0.4337407 0.791182
0.8033071 0.5715843 0.7589952 0.01592387 0.1788846
0.588349 0.7664586 0.3651313 0.5890692 0.8041805
0.8362659 0.8959078 0.630744 0.9263441 0.604217
0.8872809 0.7775757 0.9552396 0.1566589 0.50007
0.931928 0.4775155 0.5984207 0.5478491 0.7318584
0.2726511 0.7132887 0.8756714 0.6141873 0.52245
0.4710787 0.8850204 0.5787156 0.1692143 0.5003996
0.1947113 0.09027982 0.06500823 0.07083835 0.2456155
0.2334078 0.5169287 0.2730134 0.9068755 0.4472461
0.9558755 0.1510254 0.5733166 0.4893773 0.9390649
0.3887599 0.1207828 0.521143 0.751706 0.201709
0.07996113 0.1805293 0.02020826 0.815337 0.5965714
0.9451358 0.8112474 0.9860321 0.7442646 0.8851708
0.7363893 0.7405338 0.1158839 0.4827202 0.6160072
0.8851032 0.1369852 0.4800051 0.9772763 0.03725783
0.5405031 0.8027804 0.9193055 0.2074685 0.4718129
0.0976414 0.1112609 0.8187665 0.4530208 0.5754066
0.7835105 0.7504997 0.3876806 0.2208007 0.7618025
0.8036358 0.9523221 0.4399241 0.6697026 0.3813135
0.925121 0.1165574 0.2932315 0.171503 0.3176136
0.9330709 0.0254141 0.110292 0.3931591 0.3445627
0.89586 0.8550091 0.8187062 0.3604296 0.9461528
0.2784178 0.7273743 0.3301407 0.9776718 0.9559648
0.1931819 0.1703505 0.3977449 0.04116237 0.5595054
0.1879866 0.8782888 0.4575051 0.05468217 0.9014519
0.08544555 0.2868419 0.563967 0.006878174 0.7690905
0.4049282 0.874791 0.4930557 0.7096854 0.5346876
0.8786043 0.9104782 0.8946711 0.7675614 0.09100104
0.4174271 0.6170736 0.570079 0.5185502 0.4469809
0.9983245 0.1879778 0.9076817 0.5725537 0.8059022
0.1445569 0.3676341 0.7645359 0.06519029 0.4268615
0.9174579 0.8172031 0.3138032 0.3177562 0.1959869
0.3996017 0.05647052 0.4929916 0.4800273 0.2862383
0.6422313 0.2739333 0.2076387 0.9448334 0.7823758
0.08187307 0.9512675 0.5863719 0.7073129 0.8669032
0.3768716 0.8216974 0.2079274 0.3741461 0.1244583
0.1193604 0.4028115 0.5275941 0.1306069 0.7287174
0.8852356 0.6193812 0.2195775 0.2243251 0.3524264
0.7718686 0.749046 0.4205554 0.2277162 0.01805987
0.538488 0.5497901 0.03431592 0.5524867 0.6832716
0.218857 0.8558777 0.9544086 0.361705 0.2552011
0.09617186 0.3737388 0.3314231 0.2404005 0.7882728
0.2448656 0.7761388 0.5995431 0.173874 0.4185826
0.8510661 0.8474469 0.267315 0.2993223 0.6176204
0.3399699 0.7854161 0.1083577 0.5642129 0.6406455
0.7252261 0.2764423 0.8895169 0.4818182 0.2662072
0.8663022 0.7616068 0.1460826 0.3539644 0.9447946
0.2713248 0.4404645 0.3533323 0.5680431 0.001418091
0.4413531 0.5949635 0.2407763 0.6680258 0.5350128
0.4866322 0.1441067 0.8233879 0.03894542 0.1262114
0.4639677 0.05289008 0.3712338 0.1417243 0.1899858
0.8073876 0.08501888 0.632463 0.1841942 0.7373996
0.4506541 0.05965676 0.1032096 0.6106964 0.3405473
0.569566 0.9667265 0.8771714 0.3373201 0.02953191
0.7966036 0.881198 0.5022843 0.4370119 0.7193046
0.5158717 0.1789291 0.6084958 0.5977088 0.4663588
0.9758831 0.784151 0.3040797 0.6484431 0.462499
0.08563594 0.8440762 0.2864278 0.6114743 0.4660228
0.1817113 0.1237822 0.3844326 0.5742421 0.1511807
0.520516 0.03907224 0.269431 0.7624819 0.1172737
0.6944878 0.3890351 0.161895 0.6200266 0.06020384
0.6296702 0.47749 0.5853472 0.007676171 0.1495647
0.004520088 0.01947031 0.1454108 0.8219001 0.4721863
0.1431678 0.9654967 0.3091076 0.6216485 0.7326437
0.5270466 0.3850563 0.3971292 0.9900395 0.085133
0.2895122 0.1790006 0.6226564 0.5891841 0.4372082
0.280044 0.5449402 0.0005018057 0.2670963 0.6612028
0.09812603 0.01568073 0.6054381 0.2459903 0.2223659
0.5796357 0.8562329 0.3232088 0.5792141 0.9732892
0.08268934 0.8111276 0.9585232 0.6362703 0.008075495
0.5704779 0.9964002 0.2332192 0.4472269 0.2444228
0.3825564 0.6099677 0.3927302 0.4324553 0.95995
0.7604474 0.1408367 0.1807126 0.761941 0.7731262
0.8323509 0.5256456 0.339567 0.9588516 0.7062017
0.2734913 0.7812323 0.3986122 0.7257829 0.3656358
0.9742138 0.1580253 0.1386846 0.2452935 0.1877925
0.7991663 0.2770382 0.8327003 0.2388225 0.6523401
0.4659482 0.6538079 0.8128028 0.5347602 0.3165963
0.9701784 0.5933883 0.2044859 0.04044319 0.3749249
0.1131138 0.1387846 0.6893886 0.05649269 0.8485696
0.5308073 0.4197813 0.391377 0.7641138 0.7810605
0.9164925 0.4448801 0.6471214 0.5437255 0.2778344
0.575656 0.6070945 0.1921626 0.4057314 0.932606
0.3430652 0.6061893 0.9642069 0.8254169 0.04573716
0.7213074 0.6685577 0.2874077 0.6057306 0.01418745
0.7046636 0.1187473 0.9703229 0.4265463 0.1074464
0.6029419 0.996087 0.5685898 0.4741693 0.3922025
0.4359639 0.192512 0.02382528 0.8545688 0.8167331
0.9989412 0.5668633 0.04816919 0.07426202 0.9824284
0.6053073 0.9031203 0.1866968 0.6817436 0.01059836
0.4155577 0.9346382 0.8843077 0.1198985 0.07494177
0.1568982 0.1999328 0.9888403 0.4194295 0.5277951
0.2064127 0.1269778 0.1907865 0.6224478 0.7832112
0.5361702 0.2174291 0.8641937 0.3464121 0.4543391
0.003745152 0.4716837 0.3482622 0.07913023 0.918865
0.1369195 0.3850672 0.2236976 0.878843 0.612563
0.123056 0.1831113 0.6950993 0.7127406 0.4615423
0.08402403 0.003343181 0.7161046 0.6770406 0.02215495
0.9212993 0.2603943 0.116409 0.1800748 0.9638106
0.5448961 0.8018105 0.02475722 0.6892075 0.4249789
0.6894119 0.8340995 0.3746029 0.1559421 0.9505001
0.269624 0.5283204 0.1000658 0.2151734 0.2027397
0.457894 0.5468315 0.9112028 0.7828179 0.887052
0.5600126 0.7454894 0.4266189 0.8718571 0.3823781
0.4105111 0.4240202 0.932536 0.7381569 0.3779165
0.822958 0.3118322 0.8973698 0.8776046 0.9452508
0.8742664 0.3417356 0.1052004 0.4846589 0.6196441
0.755482 0.07026945 0.1270514 0.001446101 0.2808437
0.1499907 0.6866406 0.5076037 0.6517138 0.894621
0.03354493 0.02432362 0.01671951 0.4494677 0.2422352
0.654097 0.3028973 0.8953692 0.9515442 0.3170744
0.03273541 0.4598814 0.1959746 0.2629426 0.2460616
0.6824175 0.8135617 0.6692811 0.5193937 0.7831252
0.8570498 0.2353745 0.776535 0.7621294 0.6098393
0.3827041 0.7892672 0.9351299 0.829115 0.5380301
0.4879677 0.5164665 0.3598618 0.402112 0.8201804
0.3148576 0.3258798 0.01117032 0.05057134 0.3930186
0.05675756 0.6748892 0.6112186 0.7161805 0.914213
0.625774 0.8924944 0.9025488 0.9108896 0.04714192
0.7177471 0.4590506 0.6471987 0.4182335 0.1334536
0.6800795 0.4048909 0.794645 0.2430461 0.3894205
0.28676 0.6228906 0.6285693 0.05834773 0.2707464
0.2283424 0.9439714 0.2497653 0.6452546 0.8115002
0.920271 0.3662959 0.3402546 0.7420811 0.9981922
0.8699176 0.3102242 0.7138748 0.8402743 0.09016747
0.04030621 0.708415 0.5834365 0.3053034 0.95492
0.1044596 0.3765477 0.7536477 0.9315014 0.588964
0.7355563 0.4061012 0.9599239 0.4005329 0.5108333
0.3048472 0.9778942 0.4773357 0.7665854 0.6159635
0.8381716 0.1406062 0.2225152 0.5570641 0.4486626
0.5867765 0.4026342 0.3126871 0.9989795 0.3627239
0.08969614 0.7438015 0.0337355 0.1168134 0.4101334
0.5156163 0.7964357 0.382495 0.8334006 0.2731916
0.5376151 0.1713876 0.2170675 0.5214772 0.5330234
0.7100506 0.8922651 0.5475038 0.9669744 0.4354896
0.4607447 0.7299502 0.692311 0.3158606 0.4735937
0.1348382 0.774578 0.1438966 0.5941857 0.09660708
0.8877921 0.8299346 0.9132251 0.4757861 0.7709262
0.1994751 0.8676635 0.06638688 0.5547953 0.04824924
0.8733341 0.5507177 0.4271777 0.5474696 0.4895462
0.5069639 0.07328777 0.7367292 0.2112769 0.6293976
0.885936 0.2923807 0.3504765 0.5175017 0.6692739
0.6918517 0.8981859 0.06500824 0.4970143 0.467406
0.639158 0.5301876 0.6470112 0.3176347 0.7815334
0.09085115 0.08979301 0.5944849 0.4242635 0.7997363
0.1357714 0.7761636 0.5860923 0.9894284 0.9334879
0.3155653 0.3683399 0.7567517 0.2023166 0.3707321
0.9557676 0.9230346 0.420274 0.360693 0.5255684
0.5253937 0.6036959 0.783839 0.1368403 0.6242098
0.7153765 0.9938739 0.2205201 0.8728139 0.1690728
0.3883978 0.8000659 0.143629 0.1991284 0.9939891
0.8806527 0.4884105 0.7278159 0.1287696 0.1772463
0.6794838 0.5913539 0.3109153 0.2079805 0.05516794
0.7650866 0.1604072 0.1824738 0.509881 0.8403304
0.5676097 0.05788871 0.512241 0.4354187 0.6188372
0.1431727 0.2842235 0.726223 0.1393903 0.923676
0.1523384 0.9830024 0.7116864 0.9752119 0.2927583
0.1902982 0.2315228 0.5560743 0.652963 0.3071582
0.9281921 0.0910167 0.8631118 0.4692548 0.9054112
0.5801012 0.1248877 0.2285303 0.1140155 0.1593451
0.01888467 0.7815472 0.60011 0.3085077 0.3291971
0.09153099 0.9742535 0.9787656 0.3344969 0.004354855
0.9769473 0.4131138 0.167031 0.3388008 0.4853898
0.7420937 0.6448694 0 0.7877938 0.130886
0.004958134 0.007491114 0.3794748 0.2980868 0.8488014
0.6083752 0.1253057 0.2659856 0.06617016 0.7709786
0.4852588 0.4381254 0.6642552 0.9421416 0.8714469
0.4994811 0.1471945 0.3877138 0.9264338 0.315626
0.9806954 0.3805548 0.5401156 0.6386165 0.1512479
0.4239505 0.3931713 0.4129139 0.8072802 0.5802445
0.9003401 0.5177875 0.6321704 0.1693213 0.1042684
0.2262019 0.4605569 0.8790772 0.9072064 0.4905262
0.7104372 0.2539932 0.2199697 0.3119113 0.7081361
0.2019262 0.01060144 0.2255433 0.8661212 0.5673977
0.8716683 0.8029216 0.09391542 0.919843 0.3417371
0.6844812 0.6074078 0.8531784 0.4307369 0.4545819
0.2638495 0.8762898 0.09765178 0.08538233 0.7434363
0.196477 0.1031168 0.4655974 0.8087539 0.8632106
0.7249184 0.8144466 0.6484389 0.4814533 0.473606
0.4681703 0.336405 0.4503128 0.7156452 0.1815246
0.3445694 0.132821 0.5666858 0.8301093 0.4486229
0.4041903 0.8597992 0.9628609 0.1551409 0.149966
0.4501446 0.7517142 0.6022514 0.5334119 0.6741999
0.7032216 0.2593858 0.6866505 0.156309 0.7266331
0.9265822 0.203381 0.2362213 0.5371901 0.5618906
0.9907428 0.1171874 0.9807062 0.4831771 0.7640537
0.8686126 0.3412468 0.967649 0.8534757 0.8928159
0.9381717 0.9096887 0.4320781 0.1392569 0.8620563
0.1840402 0.05879376 0.9748869 0.2079204 0.629799
0.215973 0.0287599 0.1432315 0.904393 0.5536788
0.6399229 0.7803584 0.2109425 0.5773027 0.9649356
0.7956993 0.6385996 0.2820972 0.2688541 0.6900103
0.7795307 0.4183635 0.5273617 0.109312 0.2319069
0.5558767 0.606541 0.3335192 0.5245179 0.9211131
0.8095563 0.4265947 0.1514699 0.8833898 0.03397614
0.1895665 0.4093222 0.9309912 0.06269775 0.5587199
0.2498192 0.726407 0.820501 0.5530175 0.0584335
0.4224555 0.8237165 0.2961863 0.9142165 0.5947447
0.1144759 0.07475938 0.4214045 0.5203673 0.2639012
0.7674935 0.1336808 0.6038705 0.6280667 0.4599653
0.9324247 0.8374736 0.9726849 0.7307068 0.4487231
0.4228992 0.8077137 0.4819421 0.07131543 0.1321068
0.3939675 0.1257903 0.2509212 0.8372525 0.2180317
0.8923756 0.6988889 0.8024235 0.1329345 0.000264884
0.3314231 0.1896411 0.7899744 0.4368809 0.9532263
0.7742718 0.8160133 0.1295767 0.1037519 0.735065
0.4848012 0.1142771 0.9372275 0.4064329 0.5572155
0.2650844 0.168263 0.5046723 0.7015725 0.4261275
0.3976341 0.6068827 0.902262 0.756438 0.9431004
0.3078935 0.9065231 0.3501716 0.7954117 0.5844809
0.5238224 0.6419282 0.0292964 0.5685276 0.3564447
0.03858148 0.300165 0.8773774 0.2730861 0.8145308
0.1679547 0.2316546 0.6023886 0.3733138 0.2991056
0.09608807 0.3068173 0.01968022 0.8210095 0.04856563
0.1024151 0.4038768 0.4407783 0.2758079 0.2638944
0.3227396 0.4019313 0.7960367 0.8971167 0.4846244
0.4289843 0.634424 0.5441594 1 0.385559
0.3105677 0.06678223 0.7797391 0.7044505 0.7460465
0.3885253 0.9770912 0.4176499 0.1038713 0.5059693
0.6928436 0.2778799 0.3611825 0.960204 0.6221463
0.6265267 0.5497049 0.2891433 0.4551208 0.1880976
0.2178308 0.3815817 0.9431438 0.6553674 0.7185826
0.5879134 0.2994426 0.02060834 0.6276705 0.3142335
0.9989152 0.1114528 0.9768786 0.09954384 0.2981053
0.6318405 0.4284393 0.2667818 0.125629 0.531216
0.822975 0.8136508 0.3224367 0.4106075 0.6119733
0.5280593 0.8067332 0.828777 0.09632401 0.1103178
0.8336208 0.6961784 0.1066077 0.3657439 0.4694661
0.09219902 0.347011 0.3984564 0.1510457 0.3308244
0.1770181 0.5715701 0.4001597 0.1516612 0.8500219
