0.7952638 0.4667298 0.522173 0.890271 0.9835151
0.2208398 0.7750147 0.1781144 0.9187952 0.1664031
0.8967983 0.2058704 0.5258083 0.2566692 0.08842791
0.6438982 0.4225484 0.4959043 0.5588848 0.2776896
0.8643709 0.678058 0.309598 0.8144329 0.2967839
0.6617646 0.9246147 0.2994708 0.7947608 0.935628
0.1791412 0.8258292 0.8575635 0.326595 0.2612513
0.4370583 0.003851675 0.9494023 0.1012863 0.3996251
0.6942457 0.2863945 0.1979997 0.3191401 0.2574424
0.8766488 0.4349946 0.7645244 0.4100384 0.8810306
0.04106191 0.7702 0.2283283 0.8600074 0.1452832
0.003154485 0.4125612 0.008419558 0.9224732 0.09314626
0.2640739 0.625043 0.94408 0.08928137 0.5351055
0.8847809 0.4126426 0.3893248 0.1779664 0.2783956
0.7262194 0.8100402 0.7139332 0.6611048 0.5922486
0.4297117 0.4576887 0.1304354 0.1887263 0.6347983
0.09889138 0.7743447 0.0448759 0.308435 0.2182433
0.3019425 0.9618404 0.8370854 0.2396612 0.4284733
0.8031481 0.2614339 0.3480979 0.9091636 0.6885429
0.7909323 0.1591783 0.2239964 0.1380379 0.9293676
0.6890635 0.2428805 0.3605791 0.3223447 0.4923448
0.8195581 0.2690674 0.3021848 0.2104172 0.4603187
0.6846072 0.07595112 0.035706 0.5290605 0.5872166
0.6594239 0.6740299 0.03953944 0.2509214 0.5586753
0.6917444 0.0807404 0.8717665 0.1283671 0.2018788
0.4392291 0.2806072 0.04244899 0.503615 0.4946026
0.2227935 0.3377016 0.3530316 0.8774426 0.5855088
0.5763014 0.3666761 0.02497583 0.956299 0.629249
0.8379753 0.6782726 0.2716894 0.1654037 0.904821
0.3623453 0.03724517 0.1184829 0.8419072 0.3518056
0.5574416 0.9175811 0.1943858 0.03657499 0.6431109
0.2160031 0.380901 0.4771406 0.8780319 0.3892107
0.6457237 0.204852 0.7253093 0.787254 0.9313311
0.6041884 0.7512969 0.8538211 0.6620198 0.5630386
0.7720867 0.3225566 0.03659406 0.2745018 0.4124721
0.1857551 0.2377802 0.1576654 0.9510048 0.794052
0.6250952 0.8265704 0.00281144 0.4581878 0.5375858
0.7761449 0.833668 0.9773173 0.6671571 0.4981147
0.08251588 0.3453946 0.271472 0.6828551 0.2596942
0.411447 0.8459526 0.910848 0.4156888 0.2498609
0.4355001 0.2228261 0.8733863 0.7025366 0.4409172
0.4713249 0.4106637 0.7158207 0.216861 0.9313131
0.2077369 0.6591013 0.6762705 0.045836 0.9324674
0.3117843 0.2960309 0.6229388 0.6461211 0.5354199
0.3753212 0.766966 0.6833568 0.5167618 0.3707831
0.8166377 0.7499374 0.52718 0.7710656 0.06497175
0.9215646 0.343103 0.6435743 0.1303926 0.5397568
0.04240452 0.8229143 0.9454245 0.5827022 0.9600275
0.7690621 0.8011597 0.9916991 0.3022849 0.5517976
0.3370562 0.7974492 0.6433981 0.2602939 0.5471136
0.7946355 0.7100238 0.9427529 0.277485 0.9265579
0.6041798 0.8911802 0.3497185 0.1165747 0.4250902
0.5166124 0.1756421 0.9526418 0.6640279 0.3672544
0.8521609 0.04013538 0.688167 0.1752143 0.1923719
0.03292791 0.9673089 0.584179 0.4471986 0.4361551
0.9738291 0.6918398 0.9733579 0.864658 0.828319
0.605364 0.9747689 0.6538087 0.6099357 0.1589974
0.1603656 0.8201879 0.2898952 0.4016353 0.6273515
0.9110968 0.8935391 0.571075 0.2206532 0.8677189
0.6278154 0.3747557 0.2307646 0.01836036 0.4708089
0.6249053 0.8254323 0.1573889 0.5710107 0.8495236
0.6083665 0.9357863 0.1979356 0.9484754 0.4105867
0.4053676 0.7335726 0.2108026 0.4890401 0.7062566
0.7961727 0.3129517 0.2879414 0.1161102 0.5752874
0.599853 0.8536912 0.07033627 0.03990276 0.7030572
0.2328555 0.9512607 0.16549 0.1448389 0.5691995
0.0395596 0.3507815 0.58313 0.2280243 0.7698293
0.443708 0.9130302 0.542572 0.3894862 0.4756407
0.6738541 0.7758133 0.660324 0.8408713 0.7851624
0.4148942 0.9030628 0.281092 0.05812372 0.01320744
0.06262429 0.9556046 0.9931453 0.2018823 0.1757834
0.379031 0.8597741 0.4610963 0.1723163 0.667092
0.8037456 0.7862479 0.893282 0.8098167 0.4714508
0.8880741 0.547467 0.4389771 0.2060311 0.733458
0.367219 0.1064837 0.02329992 0.2475492 0.433465
0.001609768 0.8591916 0.2837011 0.9045728 0.878778
0.6792573 0.4974143 0.6620906 0.663843 0.147163
0.3321327 0.04953191 0.006856932 0.9756863 0.1074817
0.5794855 0.3102452 0.0336067 0.5569052 0.289932
0.5243908 0.7799162 0.9578482 0.5279119 0.9900978
0.2100666 0.4502322 0.1043203 0.2977025 0.7287191
0.7096015 0.9988861 0.5230901 0.8072805 0.8919131
0.7967969 0.3346235 0.8163145 0.7524522 0.8508325
0.6052918 0.6894629 0.7936835 0.05524926 0.01196965
0.2569718 0.4048412 0.7780552 0.6265233 0.01993911
0.6136032 0.6760889 0.2899505 0.7177904 0.5928377
0.6049343 0.5398851 0.4583765 0.003562508 0.863736
0.3134452 0.05233045 0.9368056 0.1167363 0.4729568
0.6540257 0.7191103 0.6567842 0.05499291 0.2565417
0.7211991 0.1898568 0.1482359 0.4522989 0.5234569
0.8255741 0.8846281 0.01151265 0.9450242 0.6569528
0.753425 0.03194493 0.4251319 0.1140881 0.9345981
0.474354 0.5974282 0.4989257 0.1247695 0.9851624
0.3856889 0.6043056 0.5595211 0.6239787 0.5368221
0.08884661 0.3237029 0.4133563 0.05108955 0.616124
0.8623968 0.7974166 0.5988134 0.09326845 0.141556
0.7736767 0.4336478 0.828538 0.9604293 0.4303318
0.1942075 0.7936885 0.2787972 0.02482002 0.6952714
0.2596409 0.5073916 0.02651707 0.4845906 0.6041306
0.8015925 0.318877 0.330473 0.8712439 0.2607682
0.6051496 0.6060142 0.6651514 0.7799553 0.955809
0.507671 0.2422856 0.9355255 0.0744922 0.3384057
0.5940526 0.3164292 0.794457 0.7899514 0.2207474
0.9037176 0.3251677 0.1962907 0.319952 0.4107704
0.1495305 0.8223259 0.6079079 0.7461391 0.05790303
0.2573602 0.1630541 0.2607925 0.5790836 0.04395882
0.5188045 0.4373878 0.9975471 0.2862869 0.7756851
0.3464154 0.6165787 0.1155439 0.2763735 0.6402586
0.9585256 0.529759 0.151637 0.1267918 0.5597598
0.4033786 0.8458822 0.7181612 0.7572805 0.3772753
0.6129482 0.6692921 0.7090818 0.9351246 0.6157785
0.9321385 0.6271133 0.4501395 0.4321365 0.02472498
0.2402172 0.1704714 0.1667081 0.5638625 0.5371838
0.7350404 0.4605467 0.5302133 0.8616238 0.07329139
0.241843 0.4948382 0.5856787 0.9735211 0.2697354
0.5744754 0.3002596 0.1329571 0.3068316 0.8695013
0.6593935 0.9305589 0.5866935 0.7978661 0.8857694
0.2137389 0.08815491 0.03003249 0.9647616 0.5906661
0.3869247 0.154199 0.8393606 0.8724107 0.5016088
0.7337737 0.5280832 0.8682114 0.5956887 0.1745993
0.1201711 0.03787328 0.8866378 0.9416904 0.6042888
0.1394192 0.6040852 0.7574137 0.7199827 0.02733903
0.8314206 0.376261 0.1475868 0.5392514 0.8389919
0.6246358 0.4332897 0.5277072 0.6231969 0.02329975
0.840961 0.4510362 0.1339714 0.2373235 0.1705603
0.4954288 0.1401197 0.6929926 0.2236146 0.7337153
0.2392827 0.8320449 0.5792963 0.7928151 0.1785284
0.6047974 0.4807755 0.8408058 0.5989939 0.06766537
0.9204831 0.2753662 0.2777568 0.1510667 0.3603314
0.1883359 0.5742732 0.8278875 0.6519878 0.7025978
0.1254714 0.9243275 0.4768578 0.2613894 0.6500988
0.05592253 0.4091007 0.3431066 0.6872155 0.6561616
0.9842018 0.8855504 0.005162338 0.3269684 0.4441375
0.5254238 0.9682506 0.895862 0.0533909 0.5565284
0.09528272 0.5612713 0.8845696 0.2191603 0.3826763
0.282858 0.8508782 0.543967 0.7237488 0.9193645
0.6752421 0.9358529 0.7693825 0.5694978 0.507087
0.8381816 0.6169518 0.09686362 0.4933719 0.08535018
0.4126119 0.3658408 0.7529623 0.04518201 0.8292936
0.692752 0.9301922 0.8572725 0.09767472 0.9542478
0.4816789 0.3066587 0.4419649 0.226879 0.4296684
0.01963185 0.3342732 0.5196393 0.4573275 0.1653693
0.5062043 0.323734 0.8016524 0.1634411 0.1497576
0.8042552 0.6363038 0.1802966 0.492711 0.2473371
0.6089095 0.5264367 0.8466087 0.6260051 0.818363
0.2269825 0.07885189 0.7456372 0.9650407 0.7598882
0.4241738 0.3125886 0.4121612 0.3374899 0.7254122
0.5852195 0.9599336 0.3254859 0.3035743 0.7493356
0.6415558 0.7853184 0.86001 0.9870879 0.1695629
0.1887445 0.5132139 0.5740498 0.6111801 0.9130601
0.1439906 0.5641455 0.7457851 0.3833412 0.4209235
0.144658 0.661836 0.4715976 0.946196 0.8398287
0.875625 0.7268208 0.4790075 0.9756139 0.734359
0.05757638 0.7496784 0.6640265 0.471129 0.7041288
0.7639144 0.01469407 0.7968408 0.7955175 0.3730077
0.7808261 0.8681662 0.1698691 0.912561 0.04277936
0.07700686 0.8811821 0.03202322 0.6161387 0.5555697
0.2105815 0.1226047 0.1262401 0.8143714 0.993568
0.8262269 0.3542051 0.5902489 0.6583002 0.628535
0.3588529 0.7958245 0.4915778 0.1563358 0.2686179
0.9034008 0.5111435 0.7119951 0.3866441 0.3765306
0.2919912 0.9149651 0.5462384 0.2273919 0.6100003
0.236116 0.6305834 0.6164802 0.9212683 0.561596
0.4754077 0.5180976 0.7744567 0.9189987 0.3446878
0.1130009 0.2069937 0.8913355 0.4215167 0.5322503
0.007401361 0.0354569 0.5203225 0.9011283 0.3757387
0.8055786 0.3025904 0.2645449 0.6795837 0.3576892
0.944085 0.7135615 0.05730817 0.7992242 0.7912811
0.07426118 0.2709184 0.7832309 0.6786423 0.2447165
0.861335 0.6437802 0.04570339 0.01137075 0.5786995
0.4928907 0.901808 0.1602562 0.6990944 0.05821659
0.4121576 0.2941607 0.6294147 0.1194139 0.4641573
0.001913612 0.9152959 0.9208348 0.05506193 0.8566174
0.8963533 0.888214 0.03257362 0.1668735 0.3199653
0.0233418 0.09298051 0.2369742 0.427153 0.7978155
0.1567966 0.06189562 0.4896553 0.839308 0.1809084
0.3148361 0.9635915 0.7621578 0.8463038 0.1963356
0.9561124 0.5453052 0.5608574 0.455763 0.2873557
0.7204931 0.7546293 0.1560332 0.07329528 0.7851321
0.5277762 0.1863257 0.5029553 0.1893711 0.3036443
0.1109513 0.5585295 0.6236746 0.9986055 0.1553843
0.3128742 0.8233796 0.7718451 0.01119307 0.9934744
0.4747617 0.730399 0.3575711 0.4033081 0.9415537
0.2989917 0.6835239 0.6919088 0.8026595 0.8030445
0.2719829 0.4959107 0.7206416 0.502743 0.2112571
0.7272885 0.7591442 0.2448636 0.9497397 0.8092025
0.832866 0.9699929 0.4350007 0.6147466 0.9253559
0.9600989 0.454303 0.7735336 0.8502176 0.8745759
0.1081784 0.1898292 0.6504239 0.3546588 0.6624587
0.9324541 0.8671825 0.8834435 0.5986696 0.719828
0.6157317 0.7616736 0.71265 0.4294502 0.7707023
0.1074493 0.2191875 0.4727374 0.7766739 0.6948064
0.9786948 0.04614261 0.03570699 0.4798846 0.3658407
0.7946926 0.5657772 0.5510096 0.8311326 0.5092882
0.3297859 0.2292017 0.7976759 0.2623123 0.3803161
0.1499689 0.7524001 0.4501989 0.6098113 0.07134826
0.7639636 0.533256 0.6994635 0.6655134 0.3698226
0.2061515 0.9637299 0.7051088 0.2190238 0.2172656
0.6156744 0.1051464 0.178041 1 0.1756004
0.8672092 0.3385474 0.2953547 0.6495143 0.3000014
0.1167252 0.6229614 0.1244862 0.4962942 0.724293
0.9788294 0.3693452 0.7447434 0.200999 0.9683722
0.4898714 0.2458726 0.8948785 0.9444647 0.7751953
0.9610566 0.4345512 0.7781843 0.201584 0.62666
0.9293245 0.5740057 0.8365364 0.3826892 0.406531
0.3012601 0.8688327 0.7637538 0.3246813 0.249723
0.7512106 0.2374904 0.08423615 0.2762228 0.9494991
0.2126264 0.01043937 0.3327867 0.4717961 0.7848325
0.7247905 0.7692543 0 0.361312 0.4925409
0.0733974 0.09439265 0.4410603 0.65308 0.8462464
0.6022614 0.7108017 0.2634078 0.5148145 0.7982122
0.3620741 0.5863866 0.4582601 0.0696724 0.1069357
0.2038259 0.01408905 0.3834672 0.05603832 0.3486887
0.3684217 0.8038747 0.8373508 0.7659974 0.7202269
0.9453488 0.5823246 0.8748626 0.7575168 0.5353606
0.06070952 0.4035717 0.0971833 0.8608077 0.3070891
0.0302704 0.7826095 0.3810251 0.4372227 0.3952245
0.7091642 0.5848684 0.6376318 0.06605712 0.7440026
0.03243183 0.04548636 0.8563915 0.9788889 0.2436712
0.5638931 0.7376867 0.6202897 0.9209361 0.9610504
0.2971714 0.4475199 0.327381 0.5216617 0.7916984
0.4698574 0.3906265 0.1003272 0.5429942 0.2378896
0.0295101 0.201258 0.7848732 0.3597761 0.5165598
0.4473082 0.7535574 0.5872523 0.7364689 0.3544044
0.09378287 0.4579811 0.3153113 0.7635516 0.5467647
0.8217958 0.2959987 0.3008146 0.1768968 0.07139912
0.7931246 0.8357322 0.4153451 0.6443405 0.3394341
0.6260311 0.1956872 0.05145281 0.9515772 0.3068083
0.3643153 0.9611232 0.4712326 0.009790721 0.7266233
0.5182949 0.6979761 0.105768 0.5278534 0.5069312
0.4139294 0.86505 0.04439195 0.06045306 0.3577728
0.4829349 0.1478429 0.2806095 0.3661951 0.7912288
0.7788188 0.5466147 0.3814258 0.1278392 0.6944842
0.5733359 0.04004988 0.2091944 0.4546827 0.2790124
0.4132163 0.2882238 0.7368308 0.7476346 0.3488219
0.4857302 0.2280715 0.08079558 0.9644689 0.80807
0.6030596 0.09958761 0.6805941 0.07505397 0.7311787
0.7272723 0.940208 0.4949281 0.1983796 0.05245354
0.541097 0.2773588 0.2240069 0.2061373 0.1495717
0.1223475 0.5305475 0.5369725 0.1372479 0.04091575
0.815299 0.04388397 0.3907498 0.5503652 0.3480683
0.2548032 0.3937795 0.643993 0.40913 0.5694638
0.2844455 0.2456578 0.6026919 0.4583607 0.5907976
0.1813759 0.8889041 0.4622125 0.011844 0.4839167
0.9094235 0.8900111 0.4312749 0.9200024 0.5721828
0.6411857 0.4798884 0.3652179 0.8630552 0.8646267
0.8072294 0.2249437 0.575497 0.2258768 0.03394317
0.09256176 0.09936563 0.8747122 0.879859 0.4072905
0.2050535 0.07674754 0.1383097 0.8339202 0.9508478
0.8655891 0.006708237 0.1172128 0.989482 0.06081145
