0.3031416 0.03797742 0.1578886 0.3099886 0.4986674
0.5726778 0.07455096 0.7115693 0.4690157 0.2124178
0.3687021 0.9961405 0.02293169 0.3187055 0.05144193
0.3004711 0.02086889 0.4703013 0.1501329 0.2717575
0.5705304 0.09291149 0.5679039 0.05745025 0.6912957
0.5423035 0.6470249 0.9903802 0.006547081 0.2416773
0.9939146 0.5394109 0.2117866 0.0133738 0.9118363
0.01811273 0.5836027 0.7917962 0.6350854 0.06254563
0.4656935 0.2753123 0.9105643 0.723857 0.356179
0.6826656 0.2021859 0.7340202 0.3892033 0.02447377
0.618009 0.5294525 0.901723 0.1374696 0.9582537
0.7846512 0.7960894 0.4174851 0.3946102 0.7324714
0.5620512 0.8572896 0.0979997 0.1053798 0.947695
0.409461 0.71414 0.04071947 0.3611265 0.5294453
0.2898587 0.9260508 0.384811 0.6450004 0.06610739
0.6446126 0.9525653 0.9943489 0.6146753 0.5125009
0.1988772 0.03288404 0.6757648 0.6960393 0.6695648
0.3865057 0.8958466 0.8175182 0.4384673 0.4778012
0.5560122 0.6491726 0.09979574 0.1913434 0.4048669
0.7339668 0.7237117 0.8620071 0.1330888 0.6727526
0.8656253 0.4009927 0.06183029 0.5631631 0.4881635
0.5691991 0.6675079 0.6433796 0.3672919 0.7815582
0.3316176 0.4724622 0.7540467 0.5241304 0.5865938
0.4692757 0.1805465 0.8098863 0.03984472 0.4230125
0.4214567 0.09579137 0.06101406 0.5643573 0.317365
0.4780312 0.6671318 0.1501085 0.2803359 0.9175434
0.6441309 0.8354958 0.07631108 0.3514308 0.4638083
0.1128662 0.871804 0.7210253 0.4114696 0.0828217
0.6401037 0.6591507 0.7889008 0.9313073 0.6857903
0.002068288 0.4751876 0.782979 0.6896132 0.9996953
0.9298739 0.03532078 0.4661123 0.8121209 0.6236488
0.8088273 0.7813143 0.08959106 0.2935151 0.8265512
0.4537289 0.2391319 0.8451036 0.520554 0.04341331
0.9365824 0.05691893 0.3068881 0.7822144 0.5349981
0.9766578 0.2111573 0.7282205 0 0.7937271
0.2949303 0.3844951 0.6862106 0.577035 0.6173649
0.8639505 0.8779956 0.8888427 0.9445568 0.3497793
0.7884858 0.1700415 0.04137534 0.8647864 0.2238929
0.5264291 0.3762293 0.1223043 0.7037197 0.9929817
0.6736324 0.2795661 0.7574043 0.4167731 0.07804631
0.4645651 0.2340982 0.7619909 0.3010192 0.4626521
0.7911428 0.04832235 0.01572889 0.2616551 0.0985644
0.6710921 0.1879638 0.3644325 0.9890473 0.6324024
0.282361 0.2796682 0.1025927 0.5364118 0.9816183
0.4069553 0.4715442 0.2993838 0.109694 0.5889368
0.5827448 0.144193 0.9142119 0.747313 0.2461929
0.4449669 0.2033251 0.7861006 0.9023328 0.7196348
0.06014885 0.3522466 0.02713072 0.1555354 0.6554382
0.007088913 0.272262 0.815514 0.8141129 0.02626484
0.09096655 0.9204168 0.09146087 0.4244881 0.6162185
0.8317153 0.5738174 0.5144953 0.2986962 0.1416933
0.4817194 0.6396146 0.7634485 0.1655344 0.8195138
0.4780749 0.07282065 0.2981171 0.794842 0.7464738
0.5188874 0.2796915 0.5370813 0.9220344 0.9139249
0.9634857 0.3198313 0.205703 0.4437641 0.7520552
0.01644309 0.2952204 0.9060058 0.2097935 0.998276
0.005127476 0.1900466 0.3066601 0.5074602 0.8803946
0.9449574 0.978726 0.9248168 0.9905339 0.3225979
0.5549541 0.6189559 0.8746448 0.7453915 0.5907412
0.8070497 0.6439754 0.2187458 0.291321 0.781212
0.7167099 0.3066941 0.7437325 0.04292767 0.8626299
0.8031503 0.9478789 0.8388864 0.7016433 0.2699588
0.3443372 0.2832695 0.4746941 0.1669717 0.9072244
0.9626886 0.1333418 0.5835522 0.8998705 0.778618
0.7457192 0.285971 0.404961 0.5333849 0.08748497
0.8285821 0.7511235 0.3316647 0.2828459 0.1660705
0.2917505 0.7954951 0.6857422 0.1341012 0.1986029
0.04649954 0.7696289 0.3777197 0.4185684 0.5654124
0.2333052 0.7209458 0.8328594 0.1794428 0.6039961
0.9992804 0.8157349 0.1938147 0.6710493 0.7320014
0.2577815 0.1505718 0.3109864 0.7706866 0.7030626
0.601326 0.1023146 0.9266417 0.6110074 0.8013649
0.4894864 0.9702 0.840014 0.2153397 0.09515786
0.8382753 0.01902223 0.8053645 0.3105576 0.14546
0.5113535 0.8928949 0.4927252 0.9124994 0.7779021
0.2450596 0.03108079 0.3856941 0.2408201 0.8040339
0.1062916 0.06082151 0.9767922 0.1155045 0.229816
0.7078452 0.3260859 0.8201254 0.7200281 0.9851688
0.606587 0.9263168 0.2605927 0.5714285 0.8788193
0.3175032 0.7194675 0.5109184 0.4995548 0.8204061
0.6201686 0.395176 0.6494397 0.3042996 0.5574935
0.8535997 0.8864532 0.399216 0.02000411 0.7549595
0.008831559 0.6092948 0.1285727 0.2929282 0.9833247
0.3956141 0.06515543 0.4907023 0.7038365 0.5373679
0.6361116 0.639044 0.008226226 0.8142099 0.9559711
0.8449192 0.9079349 0.2608764 0.7048763 0.1549484
0.2677083 0.6637551 0.5591025 0.9108699 0.1734907
0.5071253 0.1566174 0.7362384 0.209639 0.9042419
0.8563445 0.228582 0.8428531 0.9940183 0.6217616
0.3669243 0.6649179 0.3078817 0.8432993 0.1120336
0.1972891 0.8678465 0.5046257 0.2718933 0.8203319
0.03583549 0.2855003 0.7111911 0.0631244 0.5456379
0.4684161 0.6602021 0.5396169 0.0006755721 0.06185269
0.3212111 0.7658782 0.6688406 0.3957913 0.4278278
0.1246552 0.7383417 0.0894885 0.03856953 0.01403351
0.9788269 0.4612436 0.2618483 0.5431232 0.01281315
0.6777302 0.4914038 0.3349009 0.9474803 0.7327598
0.9845899 0.08284009 0.3272758 0.3209536 0.04641809
0.8420313 0.8561921 0.2111884 0.903227 0.03309977
0.8827168 0.8121668 0.2876221 0.3211446 0.2757861
0.1548 0.4670276 0.7368051 0.8374363 0.5160029
0.9586909 0.3062464 0.8050127 0.2100274 0.2596521
0.1380719 0.1860799 0.03962283 0.1590063 0.1297455
0.8146586 0.2691201 0.4674653 0.2547894 0.2897918
0.9767843 0.3789593 0.8641835 0.8170455 0.3854893
0.4889447 0.3484101 0.8613873 0.938165 0.1892351
0.1490998 0.9879403 0.8931375 0.9779005 0.8834936
0.6872738 0.800886 0.3619908 0.7962115 0.2587607
0.2743533 0.9623993 0.9008761 0.05070485 0.7204696
0.9057626 0.4211481 0.3444375 0.7283764 0.07603602
0.3172564 0.2830638 0.150456 0.8882119 0.592644
0.4984275 0.4628881 0.9038637 0.08921925 0.7431465
0.9768496 0.564152 0.0714666 0.1669512 0.09582311
0.7181319 0.8836487 0.3142127 0.052835 0.2449816
0.3380709 0.7565229 0.3309901 0.3814358 0.01134046
0.200194 0.3277678 0.2483006 0.2948837 0.440933
0.9367129 0.3536122 0.0490321 0.7692675 0.05006691
0.289415 0.1057607 0.9378168 0.05455755 0.8870642
0.7921163 0.09423606 0.1820492 0.2577162 0.04707949
0.242004 0.7561795 0.2269475 0.3235519 0.2163656
0.9800252 0.7416058 0.4190121 0.682098 0.1659405
0.3338365 0.4847056 0.6671905 0.7590133 0.9386022
0.7833472 0.1259495 0.7786567 0.3997061 0.05157543
0.5462751 0.1535331 0.507103 0.001867465 0.8623512
0.1116542 0.7289211 0.3777406 0.964926 0.8154904
0.5737234 0.5441808 0.4058093 0.1735856 0.8498498
0.5715731 0.04466958 0.5729349 0.5701139 0.0153695
0.09946841 0.1944814 0.6694838 0.1269552 0.00804415
0.2976807 0.5029346 0.2224875 0.884442 0.916258
0.8842543 0.1519238 0.7643812 0.7352407 0.4522396
0.3190803 0.7665926 0.6972627 0.3274469 0.9839351
0.3788277 0.9339382 0.5141593 0.8374384 1
0.6140287 0.6343289 0.000421457 0.2477981 0.4028318
0.7397357 0.7119146 0.5442961 0.3289018 0.04990741
0.2212967 0.2034576 0.4470526 0.5891317 0.1301362
0.8956651 0.9151944 0.7892343 0.4740437 0.5196085
0.5530457 0.4916415 0.5281489 0.5934485 0.211688
0.4527346 0.06880857 0.3011851 0.1456491 0.6976561
0.7069022 0.2393675 0.915617 0.5530376 0.7107306
0.4918763 0.4338397 0.279562 0.3732875 0.4306797
0.139271 0.5391156 0.9430081 0.8830532 0.277758
0.03187531 0.9528047 0.7988452 0.3557866 0.8736858
0.6025928 0.1350607 0.7521122 0.3264534 0.3882293
0.6034018 0.08498488 0.9259643 0.7323926 0.7369276
0.1155298 0.2972541 0.9145184 0.1663225 0.2578905
0.8803833 0.4914141 0.2329098 0.332037 0.9949925
0.6187107 0.04961924 0.890279 0.7424045 0.1333692
0.7631894 0.1251116 0.9854828 0.9873257 0.8620995
0.09735857 0.2953587 0.3396633 0.05257678 0.6244538
0.2131768 0.04005706 0.05946306 0.5347585 0.3131756
0.9726574 0.1149951 0.7429122 0.6969747 0.8557974
0.3872041 0.8606733 0.2797103 0.7832219 0.1874936
0.8276083 0.409798 0.5960598 0.05255848 0.6103106
0.7145514 0.2924276 0.7898876 0.3183824 0.4474761
0.5618385 0.5476008 0.511822 0.8955606 0.8576964
0.8807414 0.5873215 0.6712786 0.08730536 0.8863196
0.9643051 0.8339346 0.8856801 0.4598969 0.5250208
0.9694872 0.5793406 0.2847416 0.06628626 0.1336934
0.6779907 0.353114 0.07025287 0.1274402 0.03400025
0.3140451 0.4339088 0.2385057 0.9226672 0.9430755
0.3381431 0.7493673 0.2476569 0.9785676 0.2382031
0.9738619 0.1931609 0.06242941 0.9529982 0.5026097
0.4855663 0.391009 0.5836645 0.7596306 0.4764519
0.9475793 0.9871134 0.8288662 0.1823031 0.4483515
0.9370731 0.7596039 0.1381984 0.7334123 0.8404136
0.7148442 0.7987959 0.5859401 0.6975929 0.6218185
0.2727379 0.3513212 0.01887724 0.9393263 0.4640968
0.5978823 0.3202784 0.5411773 0.2597901 0.8727452
0.9472616 0.6387948 0.4270731 0.921872 0.4104109
0.2287619 0.9358284 0.536117 0.2474512 0.8016001
0.6008488 0.4004402 0.0009307253 0.3079498 0.6095995
0.7683196 0.6397773 0.3621316 0.2858512 0.2728597
0.4104215 0.7186465 0.1737966 0.7325811 0.6223343
0.5161817 0.1314565 0.09450417 0.3570536 0.9094445
0.9290046 0.6707945 0.5434208 0.5671147 0.889826
0.2312322 0.3848128 0.3802603 0.8717066 0.3957836
0.7569982 0.8934666 0.7666306 0.7654715 0.1200201
0.4921637 0.6810678 0.9905652 0.3984506 0.1726622
0.2010289 0.4633557 0.125643 0.9316129 0.5193997
0.889465 0.7705702 0.141644 0.4285879 0.2639135
0.260835 0.4470713 0.5871297 0.1515128 0.3870425
0.2719843 0.07041972 0.2366243 0.3706458 0.1872263
0.7984357 0.5133825 0.509816 0.5382636 0.6348684
0.7313015 0.7868438 0.790859 0.07499737 0.664927
0.7967962 0.4847078 0.2735291 0.5792637 0.3146306
0.01710708 0.4204161 0.7302822 0.2814164 0.4378194
0.7732229 0.8769839 0.6124489 0.4019062 0.9716261
0.8495278 0.8401154 0.6162444 0.9316293 0.1517963
0.6046958 0.4603951 0.5338887 0.6236457 0.9556712
0.5706797 0.4148787 0.02102831 0.6514552 0.7420673
0.455631 0.587783 0.8835107 0.5029939 0.3737382
0.8064307 0.9964839 0.777887 0.4997207 0.01768417
0.9118551 0.7133796 0.08953817 0.03619997 0.1854602
0.6188369 0.04444277 0.3153696 0.9179413 0.01878669
0.1426192 0.4175492 0.03611919 0.8281045 0.1758658
0.9814407 0.426622 0.07924985 0.02863428 0.8505262
0.1442908 0.806963 0.8633038 0.04783336 0.3129614
0.702777 0.621769 0.8110423 0.5117625 0.7961288
0.579038 0.3939554 0.5584177 0.7964574 0.2110056
0.40005 0.9193912 0.4256789 0.1624137 0.8520583
0.2267856 0.07203895 0.9792783 0.06689969 0.9975412
0.423555 0.4835001 0.5128005 0.68649 0.01785327
0.7492678 0.2848549 0.6592366 0.6582203 0.5183517
0.4086442 0.3142847 0.6960265 0.3360006 0.6566647
0.2717898 0.973445 0.07924878 0.7973921 0.9339368
0.5933313 0.2546099 0.7556904 0.8553238 0.3043646
0.8845527 0.6403829 0.8711489 0.8772829 0.955111
0.555476 0.2190125 0.716617 0.7613557 0.4977835
0.1468597 0.6785115 0.7443263 0.84482 0.03846147
0.825729 0.382531 0.3435741 0.8714916 0.9248831
0.07438287 0.8083624 0.07758599 0.9975453 0.2703933
0.4753457 0.2017743 0.9396927 0.1985008 0.3619685
0.9221342 0.06644683 0.3724946 0.8090489 0.636134
0.4539019 0.9887937 0.9186096 0.09024283 0.5280919
0.01562874 0.3549882 0.07238439 0.9351334 0.705346
0.4298927 0.153232 0.957053 0.413409 0.9669587
0.8068083 0.5309867 0.9005002 0.6765583 0.3690328
0.7558497 0.8648712 0.4498843 0.3917681 0.3612332
0.0560854 0.6486448 0.6837912 0.06568027 0.3457495
0.6320925 0.922481 0.6081007 0.1488908 0.4317338
0.0405193 0.2875624 0.04201027 0.2443865 0.4433184
0.2616124 0.5968221 0.3029656 0.3581586 0.1305973
0.1906035 0.6076031 0.1538203 0.2833294 0.10025
0.0823057 0.3649985 0.1164594 0.948431 0.3407865
0.1398339 0.4310219 0.3027359 0.3398027 0.2119154
0.777061 0.1890762 0.6159949 0.4012491 0.8927189
0.4439003 0.8634009 0.7312017 0.3644478 0.8004921
0.8774542 0.3871156 0.4401793 0.559919 0.9831811
0.7860306 0.9061996 0.1128358 0.4049311 0.6101349
0.9234023 0.5500706 0.4929809 0.7887107 0.9836764
0.6759096 0.9911806 0.6088761 0.9356539 0.210053
0.9270125 0.7793851 0.08226495 0.05999581 0.9421042
0.7625097 0.4748077 0.1443184 0.01470889 0.8014697
0.2191606 0.435887 0.229449 0.2570941 0.6924242
0.7120196 0.2666434 0.9637677 0.3247957 0.5432303
0.6192906 0.861111 0.3524105 0.256209 0.830973
0.9640744 0.2266293 0.7719113 0.980634 0.9731154
0.5349495 0.07082964 0.2763788 0.4890276 0.8441558
0.8254735 0.6014073 0.724777 0.5670843 0.6614708
0.1428171 0.2364439 0.2202971 0.09911589 0.1483843
0.6905762 0.07830227 0.7642337 0.0671848 0.1968917
0.2140909 0.4467247 0.9276227 0.5501024 0.03302467
0.9250353 0.2449046 0.4719853 0.07923783 0.7344837
0.9661731 0.6067513 0.689431 0.6405629 0.9527354
0.8512119 0.9069374 0.6195327 0.07089925 0.8178364
0.4743567 0.7287083 0.6203645 0.09090087 0.9953214
0.1595421 0.276682 0.70237 0.5676247 0.5145543
0.7584055 0.509148 0.9683625 0.2214821 0.5576566
0.6118009 0.58988 0.6912997 0.3474282 0.8092008
0.4213245 0.4424174 0.1851282 0.611682 0.03760774
