0.2334358 0.6455069 0.833597 0.05589336 0.297485
0.5009923 0.4351207 0.7484888 0.7917578 0.2200512
0.353777 0.3972401 0.06995735 0.07870567 0.4533946
0.9164791 0.8686217 0.6494577 0.5062873 0.6526628
0.3636582 0.00397063 0.159262 0.6931621 0.3965798
0.5618095 0.4546013 0.4860499 0.5144847 0.8304873
0.5340862 1 0.8620512 0.5714264 0.18368
0.3712698 0.8182047 0.4920635 0.6355938 0.9665059
0.5543177 0.3050327 0.264374 0.7382555 0.05275603
0.4673582 0.02880534 0.01772662 0.7398298 0.2253356
0.6039901 0.1028467 0.3555686 0.288731 0.4896814
0.09057476 0.4775852 0.3578889 0.5256616 0.4670049
0.8228598 0.05512709 0.3608542 0.9904304 0.7448467
0.6787498 0.0287026 0.8642038 0.5643987 0.5031807
0.4124937 0.1422725 0.9144093 0.332096 0.5445356
0.2683544 0.6683491 0.9428189 0.1267131 0.9015733
0.8221961 0.1576688 0.5268735 0.5164606 0.006025597
0.5154422 0.2096042 0.1461697 0.4651519 0.8748898
0.6785338 0.3559586 0.2669701 0.6838228 0.8391426
0.5350998 0.4222607 0.8636988 0.6169433 0.6244573
0.5259017 0.4848646 0.0963179 0.7394817 0.5202883
0.192115 0.07523641 0.4111393 0.9936622 0.5421466
0.3490332 0.8017084 0.5253102 0.3223845 0.9187678
0.89361 0.02741162 0.7401348 0.5434905 0.07469748
0.6493932 0.9946927 0.7905912 0.8804142 0.3583936
0.5670165 0.4281946 0.4227007 0.6986356 0.6655997
0.4834694 0.9800748 0.4741579 0.7360531 0.8502143
0.1175129 0.04104761 0.6969639 0.4996586 0.3334699
0.6577006 0.1527594 0.05930407 0.1773618 0.4396856
0.7003089 0.969411 0.2850348 0.7165628 0.4906504
0.243205 0.9266032 0.1179453 0.8008871 0.1523329
0.7404701 0.07711147 0.6974468 0.3740985 0.04705265
0.6528693 0.4072723 0.6450095 0.6951122 0.9124792
0.1010808 0.3383255 0.1776369 0.5958912 0.8556694
0.20145 0.9163702 0.2993948 0.2353227 0.008988045
0.2474895 0.2195804 0.9284695 0.4799268 0.06596432
0.9311111 0.4341439 0.5449525 0.187448 0.731922
0.8970846 0.2518786 0.6385329 0.25874 0.9898849
0.03709075 0.7047479 0.979428 0.8313417 0.6553232
0.9434452 0.910993 0.2444537 0.08994908 0.6563608
0.788312 0.3517198 0.3821065 0.2274757 0.2007337
0.1055465 0.4307569 0.9610797 0.918262 0.9981002
0.6869717 0.6141786 0.1070371 0.5752109 0.1089995
0.3057871 0.2325067 0.2388108 0.5434428 0.9757898
0.3419239 0.9520057 0.7691343 0.5312377 0.5961083
0.4371272 0.6677496 0.3062767 0.1777235 0.6639564
0.6473688 0.1017244 0.9432951 0.4624666 0.6503536
0.4409956 0.7633414 0.6928889 0.1619438 0.05911179
0.1441284 0.4018163 0.2035589 0.7261411 0.07482458
0.6783418 0.1784122 0.1044039 0.9857166 0.5165444
0.3327901 0.8533171 0.144819 0.6743359 0.5457502
0.1462137 0.2157119 0.2029043 0.3694149 0.09732849
0.09683915 0.1245478 0.5080803 0.8230206 0.9997038
0.436548 0.2711634 0.5756711 0.6033059 0.06205404
0.9624306 0.2342306 0.05899296 0.6043666 0.5961038
0.7265071 0.3319306 0.07220321 0.2310722 0.2547308
0.9124993 0.9185969 0.7322425 0.3644948 0.2580138
0.08018005 0.4774538 0.9614872 0.6794238 0.6189241
0.3204848 0.8684203 0.3710431 0.2038107 0.5752989
0.3079807 0.6432042 0.7774887 0.4394446 0.5809602
0.515942 0.353141 0.01163319 0.7620015 0.6058105
0.6675445 0.6280218 0.1372503 0.3982038 0.7989369
0.1802313 0.7143778 0.4891439 0.1663089 0.5703252
0.01923918 0.1054418 0.4994018 0.1068206 0.7735511
0.7513189 0.8971498 0.5830835 0.5278812 0.018268
0.464594 0.3142888 0.8555251 0.6985003 0.5951789
0.264964 0.9751891 0.669652 0.7895356 0.389733
0.8752335 0.6948378 0.4622062 0.7408372 0.1232706
0.6680975 0.09795534 0.2692656 0.8440595 0.4256203
0.5454385 0.3458417 0.7789944 0.6144962 0.01919917
0.5552228 0.4436956 0.6012691 0.1301863 0.7207616
0.2164822 0.6161773 0.5051424 0.9405242 0.3602917
0.1081678 0.07422264 0.2674185 0.1123588 0.4483568
0.4704349 0.7829854 0.3265248 0.4006137 0.7938097
0.617751 0.2674502 0.1167616 0.8374546 0.1876389
0.5220517 0.1804356 0.09388085 0.1480235 0.9478021
0.03172795 0.9969804 0.09276276 0.1689577 0.8064488
0.3556505 0.1414265 0.1355084 0.6538466 0.1155344
0.6834193 0.6952199 0.7512444 0.7743501 0.2845602
0.847316 0.1289266 0.3017619 0.1422524 0.6753921
0.1493586 0.9653372 0.1012877 0.41529 0.2355921
0.1734803 0.6184654 0.08230094 0.622418 0.09772889
0.9513932 0.04810746 0.04146631 0.06251059 0.07958902
0.5664784 0.5312325 0.2587462 0.5027528 0.380025
0.5993996 0.7892069 0.7771759 0.05298089 0.06987896
0.2182102 0.803731 0.01528083 0.3236587 0.956677
0.3522722 0.1577525 0.9861677 0.6451802 0.01102632
0.7562963 0.4981301 0.3603349 0.2900869 0.4468591
0.7102231 0.6645504 0.6529465 0.1559905 0.5293887
0.7248783 0.3009981 0.3027958 0.2837797 0.2081788
0.8620983 0.5246794 0.8390247 0.135342 0.2574207
0.5924812 0.2039516 0.2016168 0.1064176 0.6783087
0.7528734 0.8276043 0.4392994 0.3024401 0.3020112
0.5630218 0.8040045 0.8743871 0.3376298 0.3995255
0.09168788 0.05376487 0.3075771 0.7713014 0.127543
0.2275887 0.6902087 0.1932725 0.6452949 0.8948517
0.2977042 0.61924 0.9310823 0.3690039 0.3430358
0.04711078 0.9475971 0.8808325 0.9897905 0.28499
0.612045 0.00675255 0.2507115 0.3936055 0.1182835
0.3189631 0.9474604 0.495201 0.493829 0.08726858
0.9745102 0.5600821 0.1703688 0.9663622 0.4924748
0.2685782 0.4062939 0.05438781 0.1994655 0.8559315
0.2968596 0.8087616 0.7248204 0.837798 0.326094
0.9586071 0.9224698 0.9727108 0.9082613 0.3118978
0.7818854 0.9235443 0.6377733 0.7749382 0.8714253
0.316103 0.1187492 0.2945909 0.1073506 0.7230907
0.3070156 0.6639136 0.3596354 0.02926048 0.7644049
0.1065818 0.1498661 0.2320925 0.9568577 0.03160283
0.602836 0.01680388 0.213359 0.2592248 0.4371309
0.3311067 0.1799552 0.2481522 0.3678868 0.7907736
0.9732791 0.4369108 0.7789828 0.6516079 0.533371
0.5894045 0.5385616 0.2870289 0.8524356 0.7503056
0.6174476 0.4206062 0.5400872 0.7432331 0.7773292
0.5488515 0.7548623 0.2794455 0.8804679 0.8792436
0.9264381 0.8776635 0.6711538 0.5005296 0.3115326
0.7168711 0.4754168 0.08922484 0.5225328 0.637644
0.8657894 0.8476679 0.437358 0.08504162 0.7639482
0.6339835 0.2314651 0.288823 0.873912 0.0238493
0.7774956 0.9552216 0.1315222 0.9749592 0.133833
0.1372526 0.309091 0.16543 0.134661 0.3326593
0.2099941 0.4226513 0.2739203 0.8235969 0.2682229
0.4531813 0.4289844 0.3337873 0.3180909 0.8662335
0.1283501 0.6703494 0.8584862 0.03956781 0.7986226
0.08001546 0.2901366 0.8302657 0.1292044 0.9553444
0.8659149 0.770211 0.7677606 0.6405654 0.7718217
0.2428181 0.2045935 0.4696343 0.5341315 0.01245013
0.1092365 0.4858913 0.2053956 0.5062662 0.3633615
0.6207301 0.49167 0.937104 0.07413588 0.6756063
0.2674908 0.1063022 0.6682779 0.3159764 0.3072423
0.7272311 0.8473602 0.3751426 0.6866891 0.2725516
0.6760712 0.704032 0.1266297 0.8764415 0.1329228
0.02258082 0.8756691 0.2374839 0.152454 0.8758238
0.03004373 0.6269035 0.327503 0.7979769 0.3638194
0.9555781 0.2708377 0.4072393 0.5867959 0.4465537
0.6710308 0.4856826 0.4477339 0.754462 0.2145222
0.03200235 0.9986351 0.5125665 0.7767868 0.6409733
0.2486423 0.2009376 0.9865888 0.3563271 0.6799581
0.6004666 0.311263 0.9847108 0.5229289 0.1473367
0.640909 0.7167827 0.7081789 0.4297856 0.9364433
0.7081496 0.3673688 0.4925317 0.6374036 0.3702547
0.3974615 0.9085575 0.1813975 0.8231774 0.3496491
0.8122076 0.188791 0.4510502 0.4085312 0.4399884
0.2961818 0.7837565 0.1208456 0.4516117 0.622135
0.9410411 0.000109395 0.02400977 0.1658571 0.0351528
0.9180978 0.8819565 0.8606762 0.9168183 0.5943256
0.1834218 0.07349415 0.1500009 0.0848308 0.5557277
0.6482537 0.303006 0.6124852 0.8757679 0.1038574
0.04893713 0.02718293 0.2909053 0.1876129 0.1935049
0.6602973 0.7653621 0.3880005 0.0699416 0.3490327
0.6462907 0.2106855 0.6803752 0.4305245 0.9745458
0.4724666 0.05346368 0.6796899 0.3506844 0.480989
0.1044817 0.976611 0.7310576 0.4693923 0.1901888
0.4212969 0.07121279 0.5233859 0.1515221 0.1232329
0.2737702 0.05051731 0.1665817 0.2839162 0.9522164
0.523775 0.4877025 0.473633 0.7567406 0.07464008
0.3951365 0.01337945 0.05373888 0.135665 0.3750783
0.2495961 0.4493546 0.9936109 0.01760779 0.6115388
0.9247597 0.4747235 0.2695213 0.2306155 0.06372105
0.2491442 0.1033625 0.7372268 0.4452472 0.4706925
0.2378235 0.07299582 0.7612919 0.01896478 0.3093775
0.8614174 0.2826041 0.8239863 0.2289731 0.2493551
0.5994872 0.6489369 0.2588121 0.2154515 0.4939263
0.7763458 0.4349786 0.2199285 0.8812387 0.4971071
0.301894 0.7817987 0.2946061 0.2751624 0.5759285
0.3752929 0.0791332 0.536109 0.642723 0.1259555
0.4623094 0.8348966 0.6267244 0.5698593 0.5485169
0.5192637 0.3312883 0.6256209 0.3564035 0.3144797
0.2870529 0.618654 0.15265 0.7791981 0.08008656
0.5288 0.9991561 0.8150096 0.028032 0.2293416
0.04707809 0.8559629 0.4957656 0.4606063 0.8639677
0.8144721 0.8139517 0.1521809 0.6070527 0.1265347
0.4888942 0.5816003 0.5816528 0.9984504 0.192948
0.07982253 0.2714839 0.0700306 0.7825216 0.7999306
0.3705907 0.8624432 0.4132758 0.7103751 0.9956367
0.465716 0.4257793 0.8346769 0.09190453 0.883347
0.2322766 0.1148902 0.3609177 0.3241214 0.923519
0.9774314 0.6659555 0.2915333 0.2954508 0.911473
0.3008331 0.3984715 0.2783781 0.5535496 0.5718826
0.5839994 0.2558556 0.629725 0.21995 0.969628
0.8691653 0.7930515 0.6136323 0.6573094 0.7633949
0.7888318 0.3952604 0.2197496 0.2689822 0.9156542
0 0.9561101 0.6013865 0.4680559 0.4495036
0.4662712 0.3558102 0.3012991 0.3277017 0.2686006
0.5197168 0.353503 0.1905143 0.4343249 0.7450519
0.3117801 0.5054843 0.7949328 0.3162891 0.5631434
0.666002 0.3825715 0.8419462 0.8261187 0.07935047
0.897082 0.7443539 0.1953749 0.3014947 0.07395062
0.2151355 0.5738995 0.9653705 0.05653834 0.9643966
0.9949872 0.9827508 0.7162716 0.7461563 0.8213162
0.9896216 0.2774042 0.7314705 0.9670745 0.8992775
0.8038154 0.08497083 0.3712645 0.4971163 0.8062823
0.3627471 0.7244605 0.1682772 0.5458425 0.7663164
0.940627 0.7495493 0.8039848 0.1620203 0.1721476
0.8559533 0.206784 0.6840276 0.2605713 0.4440909
0.4914886 0.2208648 0.5793212 0.04312748 0.8385974
0.2295992 0.09059374 0.5540454 0.7868934 0.1996861
0.6605302 0.831967 0.3826642 0.5072723 0.6041729
0.2860439 0.726284 0.5788121 0.7119075 0.3619474
0.01737512 0.1271156 0.5938339 0.1010233 0.5998766
0.3501028 0.9917343 0.5861176 0.5677309 0.7596925
0.3200527 0.8442624 0.5531309 0.6472177 0.3568709
0.668473 0.1235769 0.6999942 0.4717626 0.8386986
0.6566416 0.6805822 0.06935778 0.08563668 0.2109216
0.2017623 0.09363225 0.7144665 0.4130455 0.3021149
0.4889753 0.1801377 0.001096129 0.7297922 0.5788092
0.4661531 0.4421541 0.1395821 0.5891582 0.9635598
0.6789768 0.9755432 0.1858212 0.5340362 0.1152566
0.8884356 0.4723966 0.9410142 0.2948501 0.4479681
0.6166374 0.5805776 0.6447122 0.6919888 0.7769894
0.6676991 0.6815659 0.29524 0.8114127 0.4518131
0.5268996 0.3140615 0.5441746 0.9386544 0.1356321
0.4857041 0.3133732 0.7479538 0.6418298 0.3732614
0.321885 0.6186218 0.9666175 0.9886238 0.6051751
0.3920839 0.301908 0.8310882 0.0462228 0.6664895
0.3332976 0.08876529 0.07013822 0.5809412 0.5120916
0.9706185 0.3106214 0.2132623 0.7321649 0.4054167
0.6223105 0.8136626 0.2887092 0.1908307 0.4009162
0.1071329 0.09770396 0.3035956 0.9730078 0.07757707
0.6076927 0.02392336 0.02283531 0.1085292 0.9115876
0.5978987 0.1508743 0.6548051 0.4825107 0.7944234
0.6012818 0.7704769 0.01973023 0.8602549 0.4663075
0.7420693 0.8189153 0.01778873 0.6620388 0.6707552
0.8296706 0.005085802 0.6430858 0.3527218 0.8247321
0.1344694 0.1105828 0.3284304 0.1084629 0.1232305
0.9394435 0.4505834 0.6884375 0.3853028 0.2156636
0.4377313 0.2600286 0.453373 0.8203156 0.2330329
0.8211275 0.8076568 0.7002526 0.6513265 0.8381579
0.282475 0.1858309 0.8567289 0.8795755 0.02102697
0.7478887 0.2822448 0.0367403 0.98235 0.9167222
0.6556589 0.4390786 0.07767408 0.3974339 0.1544933
0.6638411 0.3014398 0.01052598 0.7039535 0.300414
0.6289949 0.3534911 0.3306074 0.6288544 0.5641917
0.9959709 0.6185771 0.4611688 0.4974903 0.7095317
0.6033713 0.744976 0.4200967 0.03190012 0.7210154
0.6512075 0.3684914 0.5435544 0.5582038 0.6075921
0.1497648 0.6660773 0.1845546 0.5674658 0.4725127
0.3815665 0.4682056 0.6221176 0.7754071 0.1482691
0.3631404 0.6582615 0.09850211 0.8981472 0.07760893
0.8821366 0.1339076 0.8407041 0.4093459 0.9294218
0.4234663 0.0004560885 0.2284661 0.365093 0.5046739
0.7537769 0.7361717 0.7106507 0.8536156 0.07001842
0.3345151 0.4190212 0.5558388 0.7459034 0.3932347
0.02844941 0.938728 0.5260563 0.03191162 0.1159694
0.9891647 0.8875304 0.8973059 0.8571821 0.0311116
0.5785486 0.2470874 0.7051762 0.8074799 0.484108
0.8182818 0.3216138 0.2909132 0.5474549 0.4561556
0.3627931 0.1421872 0.8723556 0.1732041 0.3688415
0.03927933 0.7102803 0.4982412 0.5202998 0.6152401
0.5007726 0.0532096 0.4435181 0.3795838 0.7137885
0.5872595 0.5697446 0.7015142 0.07246732 0.3126471
