0.7039002 0.2198299 0.6923146 0.5183117 0.3849822
0.0119589 0.5045557 0.3868706 0.1761497 0.8495974
0.6137874 0.01599096 0.7251822 0.9196463 0.4243766
0.1817448 0.8456731 0.5219739 0.8879538 0.7219071
0.944585 0.899209 0.6435981 0.7196052 0.9263363
0.8856066 0.2877843 0.7020501 0.2741935 0.382106
0.3478538 0.86438 0.1043439 0.5439231 0.5391045
0.7268265 0.1516797 0.5425444 0.695887 0.4827034
0.4051201 0.6468326 0.5791983 0.3722868 0.8647295
0.9151833 0.6228911 0.2594678 0.54128 0.117303
0.4902233 0.6972195 0.02883947 0.1530221 0.7564805
0.9185137 0.9975954 0.9588859 0.02583845 0.1102315
0.676007 0.04142503 0.3867545 0.6141436 0.1797654
0.9627409 0.9808928 0.08384097 0.4577578 0.5637256
0.6758556 0.498482 0.7556252 0.3919134 0.7572377
0.2972424 0.7249236 0.1951631 0.4920542 0.7535222
0.4683155 0.8156927 0.1775874 0.4280134 0.3278497
0.02292349 0.06752241 0.2957566 0.7193472 0.4468055
0.6464184 0.1374236 0.347959 0.6398607 0.3304831
0.4557904 0.36099 0.03187354 0.991332 0.178388
0.8693923 0.4794193 0.6071273 0.4635489 0.2568953
0.1510848 0.167559 0.2230865 0.1598841 0.8836038
0.1708032 0.5731004 0.8284922 0.102652 0.08136162
0.07391363 0.4619442 0.9299253 0.3697362 0.6085463
0.8695184 0.6128845 0.4551239 0.902128 0.05563249
0.2054267 0.5070927 0.5589793 0.1619577 0.2631709
0.8823728 0.01559723 0.2125566 0.7656668 0.4387603
0.02426002 0.1660303 0.07641551 0.9735229 0.8216837
0.02528899 0.6054967 0.8119149 0.7636204 0.3856834
0.421586 0.8437914 0.3052172 0.2536961 0.683463
0.5745886 0.3469407 0.1371723 0.780639 0.7818994
0.8532875 0.007515865 0.2095489 0.2904675 0.3168216
0.3393147 0.007636671 0.4364578 0.5764897 0.7648615
0.9579622 0.5728868 0.1054985 0.9521811 0.9764798
0.2081899 0.6499124 0.8301838 0.8617657 0.576171
0.89397 0.1789104 0.8035959 0.4107451 0.81044
0.9968383 0.959224 0.3524971 0.09572902 0.313985
0.01056013 0.2882948 0.02819071 0.3976123 0.5849236
0.6752702 0.06247017 0.4748403 0.8552628 0.4192588
0.4327393 0.4461641 0.132179 0.8123823 0.748963
0.1636232 0.9211078 0.7214677 0.8989834 0.84156
0.4060776 0.643061 0.856848 0.8626301 0.5860288
0.4156745 0.8749322 0.1805995 0.1678861 0.4971699
0.4856429 0.8750457 0.7557969 0.9088787 0.1310477
0.5509808 0.8618618 0.2722076 0.8130075 0.2818856
0.6550729 0.463253 0.9636343 0.04226357 0.2259749
0.7801539 0.7013242 1 0.8215919 0.8278145
0.7368286 0.1617331 0.8858108 0.1903798 0.1893103
0.1664801 0.257985 0.5289964 0.0385218 0.8306476
0.5869877 0.3097922 0.2735726 0.01910263 0.3636211
0.9422378 0.5486977 0.6350001 0.568627 0.2450382
0.08960254 0.8097027 0.05462655 0.7423627 0.3328402
0.1769496 0.1889271 0.4367964 0.842904 0.4795696
0.1097835 0.485172 0.7799921 0.7793536 0.9793432
0.2374914 0.8349319 0.5971243 0.2637108 0.8740362
0.05762511 0.3959928 0.09072359 0.9219154 0.2535087
0.6269792 0.267994 0.5251625 0.9457187 0.3277192
0.09376124 0.5266258 0.4348488 0.03178893 0.6511083
0.8816363 0.5797324 0.3387235 0.8231168 0.186
0.9831937 0.5874176 0.2904502 0.6878089 0.3372706
0.881667 0.1116137 0.3735408 0.2730062 0.8322851
0.6894163 0.2027565 0.9501899 0.6084027 0.1694026
0.4035184 0.06207557 0.4788613 0.07860073 0.2219135
0.3077437 0.7104519 0.4637843 0.6936194 0.002811572
0.8713171 0.6908505 0.4777384 0.612721 0.4017034
0.6571116 0.892544 0.3540633 0.8431943 0.9441342
0.957943 0.3490661 0.9276304 0.3691098 0.4181417
0.360911 0.01131282 0.7612454 0.6280361 0.7301625
0.9025234 0.7843631 0.756456 0.2939587 0.7508794
0.6592874 0.2927548 0.905013 0.5005537 0.8876593
0.8909482 0.8209297 0.9754772 0.5851753 0.3616243
0.7854952 0.2671227 0.235174 0.8747745 0.5384394
0.01479847 0.11059 0.4280382 0.662151 0.7167699
0.4428817 0.3023965 0.1778031 0.4711022 0.4228056
0.7488211 0.1761519 0.4333671 0.1077253 0.2053718
0.8843942 0.3828159 0.1520857 0.2125091 0.05346369
0.6387707 0.6070944 0.3140377 0.1036492 0.1900816
0.2560554 0.7632265 0.5873885 0.862333 0.3399122
0.8444568 0.8373568 0.5366945 0.04976095 0.4372469
0.07147683 0.5361038 0.4872029 0.009196188 0.08504219
0.6168015 0.01306053 0.833776 0.2514527 0.5464332
0.5246346 0.3640581 0.8071321 0.7357677 0.7324079
0.3127911 0.8385956 0.6337458 0.2848141 0.1919428
0.1456103 0.4940377 0.6803051 0.5513019 0.5027508
0.707265 0.6936667 0.7450808 0.8402778 0.4125237
0.01405877 0.6718535 0.6951432 0.1296326 0.01368501
0.5777777 0.6684128 0.8483336 0.4953995 0.3815452
0.9614082 0.21787 0.8495568 0.3903716 0.9124926
0.6582899 0.582202 0.5380498 0.4495287 0.7809237
0.5545442 0.06487941 0.7540426 0.5130066 0.9193306
0.5537706 0.31953 0.3961944 0.1106145 0.6373488
0.6828956 0.9031791 0.1660809 0.3099001 0.2354041
0.1825873 0.1989332 0.06609223 0.2857704 0.03919965
0.1354607 0.3502757 0.645441 0.112849 0.4094121
0.9203832 0.9278262 0.1958666 0.1411761 0.470986
0.5744871 0.2274798 0.2288785 0.476496 0.0419596
0.3292823 0.7263708 0.2100793 0.08466079 0.2318759
0.8744485 0.8358451 0.2251102 0.6743535 0.02061353
0.7558835 0.5067853 0.9413986 0.1344374 0.467874
0.05521055 0.7335391 0.8152706 0.2223422 0.4879275
0.9149955 0.4392549 0.1739434 0.1664432 0.7959573
0.2718955 0.9413225 0.9875459 0.7291477 0.3943803
0.6872808 0.8915786 0.1863962 0.6131228 0.4206183
0.979923 0.7299419 0.7102044 0.2216168 0.2326548
0.785893 0.3010954 0.1533731 0.5161048 0.2320388
0.4872655 0.8924384 0.5339585 0.4728254 0.03053808
0.8713911 0.1282874 0.8155136 0.8049059 0.143273
0.06715952 0.2878547 0.2005729 0.2124982 0.01422847
0.2827799 0.1358954 0.134222 0.2573695 0.5586131
0.9128281 0.1579964 0.4651845 0.3892544 0.5886209
0.2845519 0.602568 0.9721456 0.8570564 0.8654791
0.9938139 0.5654941 0.6072727 0.6399282 0.976665
0.9553517 0.2480099 0.7840572 0.9600809 0.394612
0.324059 0.9813799 0.6363342 0.04490109 0.3385338
0.01999916 0.4405471 0.1182939 0.142946 0.979909
0.7053293 0.7795248 0.4535589 0.8179181 0.5569282
0.3622244 0.5022991 0.2651081 0.2990897 0.6106107
0.938639 0.9137632 0.1645095 0.2231152 0.3748688
0.3525993 0.200467 0.9675552 0.01022452 0.1535731
0.2954533 0.214174 0.2439076 0.8869029 0.1032404
0.1802992 0.2278607 0.432199 0.6565847 0.02984075
0.2286714 0.7065348 0.1420561 0.9227309 0.879271
0.5236008 0.1393709 0.661669 0.08047591 0.5937849
0.936992 0.6668841 0.4557737 0.1677851 0.09769866
0.5623249 0.1635736 0.1679583 0.446343 0.9866222
0.2705301 0.7817539 0.2940353 0.1851996 0.3106029
0.3754196 0.7881341 0.9638774 0.6086814 0.8882944
0.8030339 0.1904846 0.4340884 0.2373127 0.5271467
0.9903199 0.3581046 0.1526502 0.3529575 0.9325075
0.02458911 0.4476178 0.4933782 0.01551137 0.4725548
0.6541357 0.7715875 0.2956225 0.530347 0.3314854
0.6901804 0.01062272 0.1300025 0.2484581 0.384648
0.3174616 0.5534227 0.08267695 0.206331 0.6179631
0.5314708 0.5128803 0.5090179 0.8411084 0.5544698
0.8547372 0.2963671 0.5076275 0.4702288 0.5427427
0.790081 0.6266234 0.8872706 0.0187206 0.341627
0.1406469 0.4694315 0.653011 0.7757761 0.5468029
0.540244 0.4540881 0.5987257 0.5655668 0.7038738
0.6800812 0.3540219 0.4015749 0.9909143 0.4799109
0.2375238 0.61757 0.662573 0.3949799 0.2852485
0.8322136 0.4895143 0.2496521 0.8275395 0.8753563
0.7267431 0.287652 0.170071 0.2372961 0.4756861
0.1222603 0.2421578 0.0199314 0.1442489 0.1730198
0.7337012 0.9122783 0.1409824 0.8267322 0.5513657
0.2727166 0.6653079 0.9949507 0.1318724 0.9002831
0.7637502 0.5328009 0.03463966 0.2648414 0.9525028
0.9974359 0.7461091 0.7793964 0.3249209 0.7169217
0.3271961 0.6112566 0.713264 0.9197393 0.1184643
0.0570984 0.7347306 0.488477 0.0678972 0.5075832
0.3293813 0.7072069 0.1703569 0.08526063 0.5800892
0.03583448 0.4829925 0.6758619 0.8634039 0.03499244
0.0004739821 0.4282181 0.7997152 0.6992321 0.2749982
0.1342758 0.9662582 0.9810021 0.2312182 0.4286092
0.4273886 0.5045222 0.890798 0.4912924 0.2569715
0.5409707 0.4974781 0.02806348 0.8088698 0.08256958
0.4531764 0.1851397 0.2287278 0.6378773 0.3171083
0.2828978 0.8670854 0.6812731 0.9020345 0.4468594
0.8479019 0.7957409 0.6724505 0.9194429 0.208287
0.6647418 0.9379857 0.7623624 0.858571 0.2719301
0.7915537 0.1393768 0.7117078 0.4455559 0.7704907
0.7998372 0.9679153 0.7549896 0.6564617 0.3761318
0.4111657 0.0066015 0.6720437 0.5022842 0.6872294
0.0201882 0.3354928 0.2615112 0.5687454 0.746226
0.5235625 0.2327024 0 0.74645 0.05263775
0.5917003 0.7417982 0.5577415 0.7104042 0.2218483
0.1647018 0.6164146 0.9653469 0.3757955 0.6372599
0.6023343 0.8533817 0.3722473 0.5387724 0.03872134
0.4439265 0.9445545 0.7355053 0.03527478 0.213004
0.1513276 0.7092548 0.3260201 0.3668732 0.4184088
0.74487 0.1407087 0.2535721 0.7321494 0.1714098
0.6928553 0.1480316 0.09044533 0.1445907 0.6713743
0.560391 0.9255762 0.4650564 0.6800445 0.4303825
0.5426883 0.03035866 0.4318803 0.5795278 0.2116644
0.495655 0.449718 0.5980631 0.0780094 0.5509096
0.3573346 0.8995878 0.5375972 0.02094479 0.1891975
0.1132739 0.4480658 0.2478012 0.5267856 0.6362892
0.3092904 0.2594197 0.5498373 0.06053457 0.4026242
0.9154209 0.04987189 0.588266 0.2597953 0.9858881
0.4678933 0.09292119 0.106731 0.9221013 0.9068289
0.2042799 0.8060255 0.3693804 0.5607404 0.6882592
0.5624481 0.5003483 0.3338661 0.06374359 0.9617704
0.3740367 0.635832 0.3449789 0.2359025 0.1723511
0.5061086 0.1951356 0.06002464 0.1408928 0.3043377
0.4152442 0.74545 0.9732391 0.4658373 0.9246191
0.7136197 0.140362 0.5658399 0.4993616 0.1954685
0.8186228 0.3939521 0.3374856 0.3459154 0.5024916
0.5180001 0.5933621 0.7814501 0.8794894 0.2481443
0.959879 0.3177241 0.8655696 0.0009157216 0.4901764
0.5622863 0.6065644 0.4930732 0.8138834 0.4280825
0.9813516 0.5960564 0.4171403 0.8400388 0.6636287
0.2157117 0.7068773 0.8347263 0.6910141 0.4883202
0.3500316 0.5506983 0.3088987 0.7963595 0.7056281
0.254117 0.7350157 0.17846 0.04802792 0.5633395
0.0327285 0.8633631 0.4846978 0.6501258 0.6785956
0.9652134 0.09364212 0.7729411 0.6983125 0.9033109
0.8100755 0.1681334 0.7513057 0.5031896 0.9168237
0.6286776 0.1647299 0.7499865 0.1226556 0.7790678
0.9284954 0.7159371 0.3129005 0.6211505 0.7597164
0.380907 0.5218451 0.1476952 0.6664123 0.06459332
0.7283831 0.6712352 0.7443114 0.780468 0.3256274
0.4008296 0.1330031 0.8572713 0.2867569 0.92574
0.05895084 0.01971254 0.306434 0.5084186 0.6433582
0.01242705 0.2148569 0.3950306 0.3320653 0.3299547
0.5295625 0.324637 0.6010418 0.507131 0.5827846
0.9072739 0.9265043 0.009799536 0.3530795 0.07155227
0.07863683 0.7745503 0.5475746 0.1681647 0.05000536
0.1450133 0.5062272 0.4500642 0.5317477 0.3654492
0.7755142 0.3728355 0.5970781 0.0003971024 0.6348566
0.08983268 0.2620806 0.319903 0.04032413 0.1397514
0.8479053 0.7574501 0.7928277 0.9193654 0.616516
0.3352085 0.3672794 0.7636719 0.9410429 0.8040337
0.6049498 0.02067496 0.9488168 0.121007 0.6536264
0.4092087 0.91925 0.8193811 0.772843 0.756982
0.6454969 0.5844317 0.5247002 0.4301824 0.6651357
0.3271693 0.463173 0.5676298 0.2656198 0.4460261
0.6289259 0.5848247 0.6132252 0.7449801 0.2733618
0.9297559 0.1104577 0.5717025 0.5018748 0.6370188
0.3283669 0.7997355 0.07771819 0.7510121 0.2868517
0.6325919 0.1146207 0.070455 0.06245377 0.1457413
0.5116431 0.9278293 0.4523646 0.1280136 0.9168015
0.6066247 0.4354817 0.06327877 0.616172 0.6772348
0.4868526 0.08029384 0.4638149 0.2610182 0.138891
0.7036737 0.346427 0.03468076 0.1809228 0.03766225
0.8692365 0.915625 0.4140767 0.4291022 0.8713285
0.3584041 0.7937278 0.1441383 0.9226009 0.4365527
0.3937769 0.4295292 0.3429246 0.7061932 0.02517164
0.1768678 0.5277173 0.8550455 0.2208043 0.7311197
0.47028 0.8712609 0.7637067 0.3540487 0.9263222
0.6750479 0.4798381 0.8048285 0.7288354 0.4115649
0.455923 0.5480543 0.5878606 0.6813095 0.3266424
0.5104086 0.2564486 0.3119523 0.1947594 0.2190408
0.7323094 0.854317 0.2441483 0.7051429 0.2733371
0.05068612 0.9015782 0.4689385 0.3874734 0.8455869
0.5433694 0.2264404 0.9290412 0.7370348 0.528484
0.9361819 0.6718313 0.2297378 0.4053638 0.7911712
0.332115 0.1626249 0.05532839 0.07883398 0.6030031
0.0005888137 0.1158183 0.9373067 0.8075684 0.6195764
0.6011465 0.6717374 0.9072653 0.6614387 0.153096
0.8436777 0.8950628 0.1256852 0.3199304 0.2534646
0.2497684 0.5654268 0.78979 0.3167174 0.002455312
0.5965936 0.7532301 0.3412971 0.5045698 0.5838616
0.7227151 0.05874284 0.03251133 0.8745156 0.3254463
0.04176145 0.3924314 0.4050995 0.8571693 0.9482734
0.8646938 0.3499843 0.7083592 0.4110768 0.6920079
0.4808741 0.2702354 0.2191144 0.4673074 0.3193207
0.2690383 0.2644975 0.71259 0.458762 0.7563735
0.360161 0.9962374 0.4936702 0.7885461 0.8923263
0.2876781 0.6023821 0.8109634 0.3247918 0.129443
0.2712432 0.04518484 0.07488407 0.4353575 0.4015202
0.8673712 0.2086907 0.7915456 0.09389051 0.3914472
