0.3292064 0.9672173 0.6917731 0.363715 0.9854852
0.1064747 0.5500965 0.2843091 0.8043915 0.8121147
0.3030308 0.6893042 0.09331055 0.2667758 0.3376767
0.3676687 0.5101452 0.2763346 0.5241133 0.9688483
0.3781527 0.5782761 0.9863777 0.5828969 0.17269
0.9547313 0.5293993 0.789761 0.9986113 0.3446491
0.008261416 0.04995523 0.5714179 0.08195671 0.5693646
0.687604 0.05480064 0.5196451 0.2052591 0.8680289
0.4510351 0.1867196 0.8470527 0.6259299 0.3344003
0.6488981 0.6775197 0.7944167 0.8613027 0.3912886
0.05633703 0.3440527 0.8850314 0.04154312 0.5109171
0.1643234 0.1551974 0.05493146 0.1274538 0.3802435
0.9104991 0.4701026 0.3752059 0.9128564 0.8954423
0.1044918 0.1865555 0.9994314 0.01390678 0.980488
0.8216984 0.03263669 0.4374484 0.3259514 0.5963088
0.6660269 0.9305654 0.2075921 0.1226232 0.3190395
0.01650586 0.07908652 0.6343401 0.1491106 0.5108917
0.8955828 0.05176771 0.01333004 0.3732056 0.9849812
0.3659616 0.4537044 0.5507411 0.4155936 0.08333546
0.6920949 0.2341653 0.8352652 0.7262459 0.2384133
0.08711603 0.6643708 0.4946839 0.1950171 0.1344779
0.7673744 0.7218183 0.2417626 0.9934156 0.9517261
0.2251843 0.805884 0.970027 0.6409963 0.3571564
0.8607674 0.0275847 0.7840266 0.9063408 0.4006105
0.02166818 0.335533 0.1156 0.2290255 0.7971329
0.7638 0.9320413 0.6853721 0.5973074 0.07443559
0.574594 0.06997478 0.9929287 0.2484817 0.1531422
0.5949259 0.2851826 0.9504855 0.4518623 0.2088597
0.271914 0.5923928 0.2228944 0.1118125 0.9727672
0.7146106 0.3676398 0.3865996 0.4887178 0.6791071
0.7215604 0.0165783 0.5203632 0.7435565 0.4970496
0.9694595 0.1655067 0.948809 0.5805562 0.4841034
0.07223712 0.9764599 0.2884037 0.04013293 0.8762926
0.9109874 0.9382551 0.2443884 0.253079 0.2051715
0.7090018 0.5241605 0.1722445 0.2488248 0.1144312
0.1428877 0.680428 0.1228615 0.7941616 0.797681
0.8288092 0.960228 0.4343726 0.2657808 0.4415571
0.225428 0.2756418 0.6729045 0.301046 0.4155589
0.2562332 0.1300424 0.9239421 0.3309476 0.09929481
0.9847818 0.9218244 0.5187624 0.8566918 0
0.1331608 0.6427701 0.6237631 0.3682272 0.0188657
0.9247214 0.01980973 0.3628837 0.8220918 0.2123229
0.3723889 0.8629181 0.7412371 0.9463902 0.6371255
0.7554653 0.3824889 0.09144168 0.7338375 0.03415249
0.2539983 0.7202647 0.9179365 0.6078175 0.6371348
0.3699414 0.6469046 0.7733711 0.7437088 0.1295886
0.8303723 0.4009056 0.9736678 0.6655427 0.82317
0.6344905 0.7848287 0.3713329 0.4246749 0.9637741
0.5760618 0.7206326 0.01462026 0.5276021 0.8339104
0.8738543 0.5377719 0.1196925 0.4114404 0.07933548
0.9309762 0.08757735 0.3311129 0.5886491 0.6446759
0.9549588 0.6609938 0.2370843 0.1289576 0.5771939
0.8765307 0.5371988 0.7664842 0.8782103 0.6711314
0.7209447 0.1757844 0.1115888 0.7872677 0.1636232
0.7769925 0.9235596 0.3529643 0.5654548 0.3640372
0.02692331 0.4952132 0.659379 0.3101957 0.0722051
0.1693825 0.5784608 0.5674046 0.2537418 0.7242434
0.4700975 0.2805583 0.926572 0.4128098 0.3727439
0.08808394 0.3650354 0.9029791 0.3080885 0.5430863
0.3730036 0.7957365 0.2933305 0.9493458 0.4385621
0.7817724 0.8517759 0.8252573 0.3745323 0.5940644
0.7550678 0.68872 0.9358765 0.2845802 0.3598672
0.6363299 0.381446 0.1785745 0.05152105 0.8820164
0.7323786 0.9684998 0.5979557 0.8345487 0.2690755
0.9855089 0.6706745 0.3338089 0.664984 0.836868
1 0.003183911 0.2411823 0.01244047 0.7060691
0.4590156 0.1030421 0.3407672 0.07789915 0.1574913
0.8804564 0.2293283 0.8218126 0.7065668 0.3396401
0.2807191 0.4743558 0.1096562 0.4722959 0.2170692
0.203358 0.1043935 0.09175887 0.01660821 0.6426919
0.4451153 0.5445477 0.70526 0.447028 0.6353007
0.1757989 0.4308176 0.8788764 0.7863481 0.5221097
0.2910984 0.3608894 0.9432067 0.2525553 0.3281898
0.8004039 0.01482314 0.4318379 0.3925427 0.06661858
0.7981738 0.7588383 0.6732747 0.3139022 0.07787773
0.981623 0.5213216 0.9545902 0.0008416279 0.8647498
0.5876793 0.529016 0.566295 0.2422536 0.7586285
0.7468214 0.3231469 0.3499387 0.6992226 0.2767528
0.1125922 0.3114162 0.5637154 0.4814437 0.2739076
0.8065308 0.6207705 0.167591 0.5630734 0.4348951
0.5659274 0.2595308 0.4820084 0.2643602 0.9960916
0.9650597 0.04690425 0.9575878 0.493297 0.5931531
0.5230216 0.9296076 0.2261998 0.2848128 0.266082
0.1110507 0.1038922 0.292006 0.1861101 0.3576954
0.9344733 0.9988508 0.686373 0.5537259 0.2312328
0.9272104 0.9523859 0.6127471 0.3864987 0.8300985
0.4246159 0.9571804 0.7708766 0.5071177 0.5769839
0.6835162 0.6024625 0.7766008 0.1559736 0.6886005
0.9422538 0.8558755 0.952201 0.5163286 0.5949468
0.8383467 0.06972993 0.9747885 0.1199221 0.2904216
0.3944007 0.5397878 0.7464344 0.3028649 0.885031
0.5530786 0.2999643 0.3242217 0.8010012 0.7699878
0.6948583 0.7430909 0.2221642 0.7424838 0.6848098
0.08385022 0.2857822 0.03122807 0.953497 0.1402158
0.08322174 0.8572093 0.7858828 0.6967611 0.8272929
0.1987097 0.2372527 0.441992 0.3516651 0.2382639
0.5195571 0.9024039 0.1280443 0.934049 0.3492362
0.1258486 0.3243026 0.4088791 0.7814744 0.4044543
0.4199684 0.2803737 0.4350888 0.2452195 0.1075048
0.5989107 0.6000456 0.8424108 0.04650928 0.9438258
0.05908042 0.4537634 0.5141042 0.3572122 0.5528459
0.2458774 0.842771 0.1627298 0.7067276 0.2241192
0.2451629 0.7576557 0.6371569 0.5934616 0.9313382
0.4363918 0.0324167 0.6726299 0.63017 0.7768801
0.4734752 0.3094764 0.8566256 0.8926619 0.1434328
0.6713725 0.1317845 0.09629423 0.7346074 0.1275894
0.6237271 0.1080567 0.09723281 0.138611 0.1888363
0.762067 0.7215762 0.04044796 0.08279597 0.2560493
0.1988155 0.2279801 0.6764891 0.3023525 0.5856985
0.5311758 0.06418851 0.1078851 0.3061296 0.1093904
0.0960846 0.5322805 0.7500047 0.8023386 0.570223
0.2859104 0.1195197 0.7262783 0.3814734 0.8153631
0.8643219 0.7986059 0.7297113 0.8657486 0.1841907
0.03759747 0.9491009 0.7817557 0.2965167 0.4488485
0.5084688 0.5961415 0.8507862 0.8929817 0.3199167
0.4664905 0.3832712 0.860367 0.5760277 0.09190304
0.6131261 0.7715097 0.2864321 0.9460826 0.01592039
0.4082853 0.932929 0.3616454 0.3937101 0.3565515
0.7969387 0.8679683 0.4777521 0.6461506 0.4688448
0.9081865 0.2899833 0.5876983 0.5859519 0.9327635
0.06852041 0.2440848 0.5137629 0.08423578 0.5805369
0.3530894 0.8006292 0.3806794 0.0407956 0.2307467
0.88014 0.02909397 0.596898 0.4838877 0.5880366
0.7069857 0.8642358 0.3920493 0.6845733 0.2579494
0.02353963 0.7927796 0.1224499 0.8767199 0.7001819
0.6298503 0.1101509 0.1668005 0.3179016 0.1890403
0.5427734 0.9286217 0.5443511 0.8918911 0.9066291
0.7249134 0.2961686 0.8186636 0.6245249 0.6684633
0.4209133 0.2585205 0.4882882 0.4727584 0.6985088
0.3518058 0.9876638 0.6587339 0.5232176 0.8530339
0.2424984 0.7924387 0.3704985 0.8712414 0.9075876
0.3049624 0.875014 0.02331374 0.8461057 0.6766783
0.563374 0.8648593 0.7159866 0.9168195 0.6130895
0.1400342 0.3339724 0.2628236 0.1655884 0.5745698
0.3761844 0.186443 0.8485376 0.08348757 0.9941451
0.5826268 0.5717773 0.7374919 0.7206368 0.5555389
0.8870039 0.9410898 0.2646462 0.846947 0.9481811
0.8433705 0.3628683 0.353923 0.1370799 0.0503155
0.1821759 0.5078084 0.9559623 0.8259632 0.9710909
0.5237536 0.68729 0.8545295 0.15021 0.2716438
0.8306174 0.1075273 0.8189302 0.8094068 0.452324
0.8654241 0.6006884 0.0523454 0.8250699 0.1099207
0.2929346 0.2027007 0.1566449 0.6694939 0.9256575
0.1445687 0.2036119 0.4001193 0.3910626 0.6585233
0.9803699 0.2455956 0.778006 0.7883531 0.07636574
0.5764846 0.317391 0.518373 0.1990796 0.8562546
0.2032491 0.7984852 0.1590313 0.5697031 0.3118694
0.8138896 0.5223313 0.6354053 0.345152 0.4385192
0.593884 0.3045993 0.5608196 0.1403051 0.3239599
0.7045993 0.09788409 0.2160843 0.2164712 0.5574611
0.04009508 0.5044439 0.4585194 0.8643655 0.5038001
0.8340461 0.6493767 0.05119549 0.89266 0.9330894
0.006916285 0.1999363 0.8779942 0.2742194 0.5568702
0.3310253 0.8297902 0.6699063 0.2733693 0.17969
0.6595825 0.9196231 0.2225908 0.7547479 0.05700482
0.06579103 0.2124862 0.7531391 0.1206994 0.8876441
0.9839485 0.7913544 0.8598363 0.02388828 0.7059204
0.7174857 0.7792202 0.2623022 0.8578986 0.4020871
0.1345416 0.8673326 0.5766531 0.0837739 0.7078096
0.5917189 0.9486512 0.9439737 0.01170756 0.6171073
0.7477273 0.1716483 0.8262481 0.2675034 0.313831
0.8201837 0.883626 0.363613 0.8368712 0.3773748
0.7640941 0.6294683 0.0385729 0.7686938 0.1056709
0.671972 0.3549387 0.2404069 0.4168403 0.2846741
0.4787668 0.7988854 0.5565541 0.8102629 0.8549409
0.6232565 0.4735807 0.2012397 0.4440097 0.7859496
0.7610479 0.6261694 0.5498159 0.4780607 0.5322825
0.0203875 0.03143584 0.1155932 0.4307801 0.01899009
0.1925577 0.1691405 0.2062312 0.09156599 0.4859168
0.1340747 0.6341282 0.3776921 0.2021373 0.4076363
0.7738128 0.08333326 0.3108587 0.7294116 0.2273755
0.2028034 0.9965903 0.4243161 0.08120208 0.725306
0.02392502 0.6709855 0.4641291 0.4238379 0.1820729
0.9990777 0.2633614 0.1749152 0.1212593 0.4785453
0.2942872 0.1035758 0.1627135 0.7615462 0.7900609
0.1455466 0.354298 0.4203048 0.6416086 0.4839364
0.7586882 0.7394281 0.969326 0.8812867 0.326964
0.4810928 0.2769728 0.2510225 0.4813619 0.06033967
0.7892152 0.3703527 0.1913663 0.4848071 0.936967
0.8211289 0.3114962 0.505869 0.3983052 0.03780018
0.792544 0.6338592 0.9253253 0.8134399 0.1199961
0.4801786 0.7407007 0.8807934 0.7826866 0.1808096
0.1050673 0.9696273 0.5761467 0.1979001 0.1840468
0.359064 0.6262204 0.6730792 0.774704 0.9153875
0.715799 0.8927354 0.3807448 0.88603 0.7683177
0.5522473 0.2430466 0.7842277 0.8055537 0.4957347
0.5051796 0.0439553 0.007565273 0.08989518 0.5890361
0.1232681 0.8865816 0.6446592 0.3908494 0.6177916
0.4580179 0.05689069 0.5011422 0.6983088 0.8994463
0.9593366 0.9887827 0.8567104 0.1906294 0.9019451
0.5230949 0.4283993 0.5481117 0.02812529 0.156775
0.4827159 0.909928 0.2250133 0.7462821 0.9803978
0.3771339 0.09325852 0.06102378 0.09846221 0.9815209
0.8293276 0.06952473 0.2859328 0.6039347 0.3853294
0.7760737 0.01477874 0.1564209 0.357918 0.8101101
0.9048754 0.2045186 0.06365524 0.9476369 0.01385959
0.1178126 0.7879043 0.4366989 0.953512 0.927794
0.2263426 0.359966 0.7574993 0.5814694 0.9765497
0.03759336 0.3810893 0.4805824 0.3846154 0.9664606
0.6677372 0.2075569 0.9640189 0.1958197 0.272979
0.6960667 0.7048264 0.4032974 0.01042222 0.5815468
0.1653091 0.958902 0.1660556 0.0592715 0.1011496
0.5873942 0.6073156 0.8551834 0.4876817 0.8820912
0.2945319 0.6075903 0.09663181 0.7663001 0.1637912
0.4295196 0.725446 0.826074 0.05047779 0.7264931
0.1450978 0.8441483 0.9255434 0.4785137 0.07078368
0.1820071 0.05351499 0.9049792 0.01868888 0.4483156
0.2235854 0.4527204 0.6779483 0.07347757 0.9104377
0.9921887 0.4201073 0.6654885 0.8541818 0.01466887
0.5537758 0.1912491 0.7602652 0.08148202 0.4751481
0.4072682 0.5616611 0.894152 0.4856754 0.7806127
0.4711573 0.1865844 0.2107607 0.1765164 0.04374991
0.9429061 0.01918058 0.4657372 0.2448852 0.9435669
0.88561 0.6254413 0.07447985 0.9743275 0.3460931
0.09770559 0.8259194 0.9912495 0.4240472 0.9004769
0.1153705 0.8613581 0.4463607 0.05426115 0.6317234
0.9970041 0.7654932 0.05012437 0.8882532 0.908445
0.7266258 0.3302966 0.7780669 0.8322574 0.7654274
0.2968224 0.5884206 0.3146377 0.3304939 0.7813492
0.3250904 0.5737669 0.4189373 0.7457476 0.3325479
0.5937739 0.8059186 0.8490493 0.1450668 0.9632863
0.346683 0.3541453 0.2370043 0.02024187 0.4070517
0.5057859 0.3339634 0.90596 0.5836782 0.4357725
0.8791829 0.01818529 0.3752187 0.06764919 0.8656191
0.4478174 0.5530599 0.7430607 0.9012284 0.3101783
0.4356571 0.5436942 0.7869842 0.9757056 0.6456316
0.5364883 0.5359506 0.6180896 0.1507423 0.6303596
0.6666356 0.9714584 0.6801329 0.2353377 0.7424209
0.8618363 0.8268965 0.4584708 0.01124962 0.0693818
0.768383 0.6013396 0.9264661 0.1398676 0.2315202
0.9027755 0.9863738 0.4098078 0.8308103 0.2926299
0.4150823 0.2760777 0.4678343 0.6527402 0.5081215
0.2993482 0.3102277 0.002708843 0.2392453 0.5745752
0.6452065 0.3724444 0.8878259 0.9311474 0.2086919
0.9720429 0.4512797 0.3550783 0.6089084 0.7151957
0.8752741 0.4378 0.3966347 0.9156342 0.6032366
0.8282514 0.830847 0.7025179 0.9724489 0.3413802
0.8379432 0.1835596 0.3399636 0.9733973 0.3302837
0.6143664 0.5863479 0.7944774 0.07881191 0.6759554
0.7809202 0.3914915 0.8886339 0.3490979 0.09170674
0.7457583 0.4455129 0.07992187 0.3101125 0.3650766
0.09596911 0.7255997 0.7824253 0.7810396 0.461897
0.7498523 0.8154116 0.2124442 0.8750774 0.6408991
0.8512189 0.4049697 0.6439409 0.9397995 0.8258657
0.3707082 0.1564658 0.05576538 0.1954328 0.4977411
0.6253836 0.7097552 0.4631575 0.7179484 0.7992677
0.4824241 0.4252168 0.9335828 0.2426794 0.5946814
0.04613852 0.4674553 0.6687868 0.03559316 0.5037501
0.9708085 0.9961362 0.6472867 0.7203292 0.2589132
0.7513926 0.7067327 0.5617194 0.8394625 0.5381057
