0.3711947 0.8524533 0.7445471 0.7170778 0.1456586
0.3187904 0.6918337 0.8646466 0.4762673 0.8992542
0.7346118 0.8175263 0.6739292 0.470737 0.6976212
0.5829014 0.1112452 0.764666 0.5861653 0.09183365
0.09879224 0.1889258 0.2292024 0.4704553 0.7719118
0.3553849 0.3035732 0.7877485 0.607359 0.2333881
0.3081486 0.05319621 0.1300731 0.5446345 0.3057769
0.5705935 0.3830191 0.6044409 0.7576857 0.3013296
0.3112787 0.8544554 0.02207498 0.8149326 0.6735148
0.6864801 0.798122 0.8264721 0.9649455 0.09995921
0.9695559 0.654809 0.3537609 0.6012327 0.9352116
0.6881454 0.04790991 0.189447 0.267316 0.8898117
0.2281757 0.4303996 0.3021786 0.4941943 0.4229559
0.7826189 0.6269414 0.0287499 0.782723 0.7645313
0.8977587 0.9846928 0.6592172 0.6201419 0.6844598
0.6953562 0.8129039 0.6754335 0.04158986 0.02845946
0.842578 0.9288703 0.2008808 0.05827418 0.9170988
0.9906532 0.3766206 0.5356278 0.7799814 0.7073916
0.3004677 0.3565086 0.3490785 0.5097107 0.8716684
0.4803999 0.9895446 0.1359543 0.1085682 0.4324925
0.1889102 0.976039 0.132455 0.8572806 0.4472778
0.6706294 0.3584534 0.4929941 0.2113437 0.1501453
0.9219652 0.7234295 0.8626242 0.9106437 0.8435309
0.6753528 0.4904196 0.8611071 0.1184442 0.1434288
0.9737808 0.5138347 0.1600302 0.7887865 0.2458634
0.1033101 0.8246882 0.5718112 0.6069843 0.1930049
0.5315608 0.3724334 0.4873975 0.764227 0.4111179
0.5113051 0.4070355 0.5733113 0.5534219 0.8864787
0.174633 0.04130376 0.4554063 0.120335 0.5270207
0.9655254 0.6400912 0.1151022 0.2987607 0.1108312
0.814256 0.5715048 0.6278967 0.2049395 0.9239777
0.755098 0.8389493 0.3398618 0.8294604 0.6459583
0.8626648 0.6905594 0.5278708 0.6619675 0.9872796
0.4755926 0.2702161 0.5872846 0.2539952 0.3904778
0.2961061 0.4022963 0.6580787 0.4786792 0.9862605
0.7368134 0.3038493 0.9732954 0.8233172 0.4902089
0.447717 0.003773718 0.1556928 0.4801782 0.02708367
0.005283372 0.1033223 0.5859512 0.5993318 0.5873883
0.4083573 0.8214839 0.9413718 0.7086044 0.1043519
0.7632117 0.4135525 0.7907396 0.242838 0.03663964
0.5903899 0.7657996 0.9811269 0.2628441 0.04613075
0.981858 0.605147 0.2490956 0.6602037 0.7999226
0.775097 0.1633847 0.3358165 0.3420132 0.5304617
0.7156543 0.707419 0.712835 0.9780687 0.1608574
0.07554929 0.7388642 0.6925025 0.2713626 0.1672081
0.7564091 0.5509653 0.2069855 0.7959725 0.1378373
0.6795368 0.6987243 0.2761682 0.06857997 0.6533002
0.7932385 0.3242178 0.8511879 0.8658482 0.335522
0.9195273 0.5330592 0.7952417 0.6923926 0.2755289
0.3987209 0.6079405 0.3115138 0.4186808 0.2208158
0.6889475 0.09292674 0.6424 0.01584332 0.9874713
0.4524069 0.8034035 0.9035328 0.1203514 0.3382607
0.50324 0.7084044 0.7480063 0.6021065 0.1062047
0.1651965 0.6736116 0.6613494 0.1556415 0.8200354
0.6303965 0.9799995 0.6272427 0.5729682 0.4832537
0.3974811 0.1614589 0.1792234 0.8429377 0.9207989
0.4140473 0.4217217 0.3981434 0.5240864 0.01295106
0.3614856 0.9423251 0.4076611 0.6227496 0.9372026
0.413603 0.04605161 0.3909277 0.425775 0.243606
0.1217501 0.04913189 0.6058505 0.7230222 0.2018699
0.9970191 0.3814118 0.05069227 0.005690511 0.2178309
0.3701007 0.7745188 0.5281819 0.4995726 0.5085614
0.6710565 0.3271378 0.2941126 0.7971598 0.1179624
0.555997 0.5908073 0.788269 0.1205005 0.7007918
0.5848556 0.3466332 0.7413009 0.3189981 0.4562409
0.5260882 0.6295565 0.6805763 0.5314504 0.2482731
0.2800186 0.3842878 0.4207566 0.262217 0.01827595
0.2841335 0.06792111 0.7111349 0.9233813 0.3385069
0.5713767 0.2655489 0.1779448 0.5561266 0.7189476
0.3282025 0.9032997 0.05110155 0.1912607 0.6836512
0.1158841 0.2802126 0.4155211 0.1026637 0.8172945
0.5672968 0.3611638 0.7935839 0.6150444 0.6049667
0.5971209 0.338135 0.2031902 0.8290963 0.3958592
0.7757799 0.5227543 0.1184848 0.4642969 0.1363173
0.9250149 0.7713758 0.3639451 0.4783186 0.7455799
0.2429071 0.92427 0.833502 0.3983538 0.9836517
0.7621629 0.01207203 0.09989644 0.7622017 0.124911
0.02949614 0.360396 0.5459762 0.3499845 0.6117616
1 0.1456208 0.4657789 0.612752 0.2648218
0.1439437 0.02273645 0.496107 0.5609241 0.5283806
0.431626 0.3741332 0.4719123 0.6281649 0.3700009
0.7917477 0.07501485 0.08555039 0.71562 0.6647576
0.0450933 0.6248866 0.8073197 0.1768895 0.4920154
0.6462288 0.7478597 0.5970603 0.7846161 0.01530801
0.3042821 0.8196648 0.553683 0 0.3657152
0.3426276 0.8363175 0.8187482 0.2064796 0.3012534
0.05681328 0.7794365 0.8940095 0.1629224 0.06696942
0.1143145 0.5392752 0.386638 0.02811953 0.0257493
0.8307179 0.9854787 0.3096689 0.6614778 0.2725676
0.3807324 0.9464069 0.5487631 0.773508 0.1406241
0.6626093 0.3776187 0.500497 0.7686353 0.5456262
0.03558213 0.5834489 0.1093886 0.5592714 0.6122968
0.3511217 0.1128991 0.6247961 0.2859687 0.733443
0.3697167 0.2304467 0.6009195 0.002920682 0.7410383
0.2732095 0.2820418 0.4576393 0.4304717 0.3798271
0.2186734 0.1691408 0.9734084 0.4535748 0.8391952
0.009403567 0.04817103 0.6841318 0.2150004 0.1316795
0.09990052 0.2399944 0.2895864 0.3882404 0.5941346
0.9359525 0.7360717 0.8225705 0.3097396 0.2734082
0.1751295 0.4592845 0.5935873 0.7699153 0.9624322
0.6976078 0.3366922 0.4446678 0.8628332 0.5808859
0.2080174 0.709967 0.03039298 0.01637048 0.2245699
0.9414477 0.1408092 0.3569531 0.0478244 0.7973207
0.08952561 0.6943772 0.806732 0.9300117 0.01950074
0.4182709 0.2002731 0.1020026 0.09892684 0.2845432
0.4304508 0.4538462 0.2780313 0.201628 0.8741623
0.3894457 0.5096449 0.5830455 0.1496128 0.2885919
0.4254267 0.2286452 0.573385 0.367559 0.7654237
0.9941056 0.9919185 0.5474892 0.9829583 0.7879865
0.5671146 0.4352865 0.5226269 0.6728687 0.8258294
0.9177223 0.3747645 0.2147395 0.002042492 0.3769309
0.5798496 0.5404907 0.7367069 0.8756506 0.1684386
0.8191422 0.8129009 0.7799213 0.3665871 0.2615032
0.7041557 0.2314951 0.2096616 0.7969795 0.05310293
0.1444439 0.6897199 0.1856078 0.3037317 0.7302924
0.8274404 0.04465666 0.6371615 0.1533798 0.6996005
0.5883647 0.6630925 0.5580127 0.2554144 0.5892344
0.4712481 0.4666021 0.08672015 0.6791232 0.4798094
0.3286692 0.5785692 0.1144877 0.08664367 0.9575172
0.04074896 0.5694111 0.2412172 0.6934539 0.1009398
0.4028672 0.3925109 0.5682212 0.992237 0.8288939
0.5088675 0.8145456 0.9503564 0.05331201 0.4834384
0.09971357 0.1112917 0.0662186 0.179528 0.515629
0.1901429 0.8568176 0.2456426 0.08682752 0.001570971
0.9444235 0.6472606 0.4825725 0.4240559 0.09997175
0.1748833 0.04836847 0.8792293 0.01204534 0.08343953
0.04906342 0.7621746 0.3767855 0.3860258 0.6411231
0.6124127 0.2127202 0.2290272 0.6677046 0.4589667
0.6710989 0.7252049 0.2056381 0.04728935 0.8774663
0.49778 0.06318821 0.1577997 0.3996545 0.9348647
0.965533 0.3041049 0.7237917 0.6340517 0.6528033
0.4826558 0.6787029 0.8116346 0.1975722 0.214678
0.3396495 0.8724243 0.2661522 0.1331416 0.9901506
0.7905866 0.8838207 0.9769697 0.8167011 0.2693474
0.2365884 0.01762765 0.2265859 0.1737017 0.009460511
0.3002932 0.5441682 0.7770262 0.8321235 0.5053885
0.5484433 0.1906229 0.04049452 0.5500693 0.6203299
0.4717806 0.1750298 0.2859936 0.6383224 0.2359643
0.5863949 0.3243837 0.2929804 0.9234047 0.1047109
0.6752133 0.3053149 0.4621551 0.4272977 0.7384893
0.1795106 0.7149841 0.1628664 0.4894755 0.3093334
0.4904916 0.8001843 0.6475279 0.1647425 0.3641666
0.6788201 0.2241743 0.7214118 0.3744394 0.02222171
0.5187123 0.9276753 0.2594049 0.009433335 0.1246213
0.5110555 0.3652682 0.06589114 0.5885796 0.7931864
0.006713493 0.4857792 0.5200506 0.9704748 0.4790374
0.1807793 0.03810716 0.3252834 0.3672759 0.6628042
0.8136373 0.1782193 0.5399265 0.06023452 0.568936
0.822979 0.435231 0.941495 0.9621889 0.4401403
0.5289561 0.8884583 0.1966227 0.5967097 0.8472918
0.5685266 0.01427844 0.3045846 0.4093979 0.6592104
0.3892012 0.6649698 0.3183502 0.9769266 0.3142431
0.4856192 0.7889434 0.6580449 0.1804627 0.9734608
0.0756578 0.7720463 0.9719513 0.4426538 0.007607466
0.1499827 0.5990306 0.5921843 0.1176758 0.744301
0.5832548 0.7713941 0.02844603 0.9500539 0.3695947
0.01613502 0.9946296 0.1050254 0.5480622 0.154306
0.0757335 0.2017323 0.5877937 0.8779272 0.3864681
0.0441247 0.2517416 0.8652593 0.7740366 0.0623468
0.1777529 0.8294376 0.3448327 0.2870864 0.8777764
0.7557121 0.1465403 0.4613309 0.2224382 0.8204934
0.4613311 0.9139269 0.899762 0.9755508 0.9525466
0.5138735 0.6095501 0.2075626 0.6130227 0.08527653
0.6408945 0.3430928 0.7479452 0.4007569 0.630394
0.2336239 0.6604531 0.7533716 0.09265959 0.4991637
0.498721 0.4988463 0.1937494 0.02731065 0.8384167
0.059653 0.800378 0.2407288 0.6916962 0.5175794
0.2532885 0.6028647 0.3915893 0.7217996 0.8651377
0.18181 0.4760232 0.1984631 0.3346141 0.6945641
0.1612355 0.200707 0.705315 0.8935986 0.3831107
0.05438717 0.7135092 0.1672674 0.8386194 0.6273759
0.6300125 0.4187291 0.08771874 0.9181827 0.9373239
0.8778223 0.4583881 0.8783278 0.2328337 0.1834641
0.221811 0.3463377 0.5813862 0.4960971 0.8488752
0.04337272 0.2070438 0.3966878 0.05006066 0.8557837
0.5447768 0.7778007 0.1276731 0.4335639 0.7348966
0.768453 0.3410397 0.1860207 0.3093184 0.1401673
0.299196 0.3056612 0.817552 0.1964739 0.06409871
0.3010614 0.3714996 0.3471965 0.6641976 0.5712036
0.2460917 0.7838157 0.7544666 0.1971354 0.3647374
0.8808984 0.2828029 0.9672409 0.4166562 0.8331513
0.8940704 0.7501404 0.2092311 0.7584351 0.7710079
0.6221165 0.4760592 0.6164824 0.9474789 0.5565106
0.08555448 0.5662587 0.00163683 0.9167564 0.03659451
0.2434923 0.1259217 0.3961399 0.312755 0.3783656
0.9784673 0.6377762 0.9483712 0.2033498 0.6133494
0.9611205 0.3223717 0.4790472 0.2503677 0.8333088
0.2937867 0.4037928 0.6409801 0.8693099 0.9795606
0.4639078 0.6330926 0.6767933 0.5620401 0.3465447
0.4897848 0.4280267 0.02467106 0.8572655 0.9576116
0.6689581 0.3565504 0.5713696 0.7013984 0.3922395
0.1051975 0.2857576 0.9094126 0.1760224 0.1942272
0.2157462 0.1083176 0.6206641 0.0586557 0.3446903
0.4735367 0.1800999 0.2295317 0.6611029 0.8080619
0.6920577 0.1185324 0.9619045 0.5025155 0.7709346
0.5106973 0.3334654 0.01105024 0.1821922 0.271996
0.6346368 0.843142 0.5528059 0.2097366 0.283169
0.3165204 0.2099178 0.5429854 0.1902221 0.2684643
0.9412107 0.852007 0.8655613 0.8668294 0.04942972
0.9286608 0.4938653 0.2332718 0.4797961 0.7159227
0.5404621 0.708547 0.7931119 0.8838657 0.02469335
0.2676544 0.6465784 0.8881832 0.9863576 0.2024087
0.5348353 0.03100047 0.8926563 0.06830178 0.3634458
0.6008606 0.1527997 0.5632619 0.6079867 0.3669633
0.005607089 0.9168935 0.2236433 0.1951783 0.617675
0.6092717 0.6542091 0.8437051 0.3034458 0.4946014
0.7603879 0.4922081 0.1198405 0.9816071 0.2940635
0.5966872 0.6774833 0.979661 0.9033368 0.3473955
0.6502328 0.1361169 0.5191425 0.1009695 0.5373499
0.03809505 0.1644689 0.3088956 0.3571369 0.9859865
0.1914893 0.1676406 0.3347652 0.4665268 0.1511749
0.8705495 0.262999 0.493342 0.1521603 0.8906172
0.3407212 0.8831076 0.8618883 0.2685986 0.9996311
0.4259733 0.09289076 0.6793932 0.1501037 0.9274694
0.02651476 0.5100461 0.3849938 0.2927873 0.3749021
0.6043839 0.05356409 0.4440447 0.3955089 0.7338227
0.1763999 0.4561014 0.9250496 0.7980771 0.05281623
0.7634821 0.1729583 0.2300367 0.5786958 0.5738973
0.02792181 0.4842975 0.2424631 0.3465762 0.1276647
0.06053878 0.3037391 0.9898338 0.514844 0.4476999
0.4435372 0.001378741 0.5136844 0.3570793 0.4487193
0.3906154 0.3624544 0.7974715 0.8641384 0.8108512
0.9005262 0.2042977 0.8813347 0.5097327 0.8585254
0.3225325 0.8901907 0.7624054 0.1393987 0.8003264
0.4987581 0.07392504 0.3930535 0.8740968 0.1418011
0.7402579 0.02574026 0.5327448 0.7007115 0.4448868
0.1650598 0.8141357 0.2754236 0.1368859 0.9028215
0.604288 0.7895458 0.01636006 0.3357755 0.896972
0.4937832 0.900762 0.7073374 0.9662319 0.4644764
0.704228 0.467001 0.9479864 0.2430151 0.1777353
0.003760231 0.6962868 0.08283633 0.8448808 0.9265103
0.8065566 0.8896554 0.9186393 0.5382765 0.9767724
0.531563 0.3944882 0.4794761 0.7895282 0.2419582
0.3516312 0.955311 0.3749399 0.4434621 0.2841024
0.4227821 0.3148806 0.135645 0.9294865 0.2669652
0.3435286 0.1117663 0.6756065 0.02131897 0.5821971
0.3292963 0.6787677 0.7358988 0.6224971 0.7078833
0.4914228 0.06617432 0.4780711 0.2873877 0.6211849
0.4083997 0.1423267 0.4849274 0.8872901 0.3826687
0.8759108 0.4119857 0.3521385 0.4959234 0.3477374
0.02104449 0.01715382 0.7841003 0.9522294 0.05747816
0.5202498 0.9594051 0.05881426 0.1864471 0.4386477
0.6688644 0.69281 0.3912178 0.9886987 0.09133834
0.7188468 0.9496764 0.354182 0.1530708 0.9969197
0.5207941 0.2773434 0.6810446 0.5112936 0.8902459
0.005952917 0.2106484 0.3419641 0.1122925 0.570461
0.003221146 0.7910199 0.6958284 0.167637 0.7468473
0.02030829 0.7474104 0.3147552 0.03246232 0.1865386
0.552625 0.9005392 0.165003 0.3487899 0.9809042
0.5825522 0.6253391 0.554382 0.1183031 0.9625205
