0.0998079 0.1802767 0.1735615 0.3999385 0.9316529
0.7560131 0.5292942 0.1618124 0.07376283 0.962726
0.6488645 0.4965997 0.6402572 0.4736751 0.7149833
0.5627585 0.5670051 0.9301017 0.3123718 0.06621874
0.1250913 0.8236211 0.5827992 0.8087306 0.3706974
0.423438 0.7889405 0.004599871 0.3147716 0.01779773
0.9255431 0.2724726 0.3325496 0.7246821 0.4614291
0.05428684 0.6731949 0.07590078 0.7827266 0.8406547
0.852985 0.9461757 0.5517782 0.5363427 0.2784304
0.7087309 0.2260218 0.08999141 0.7275793 0.2415243
0.58503 0.769896 0.9145206 0.2614451 0.1325994
0.6704874 0.4274701 0.7507685 0.2767495 0.07760784
0.128711 0.2914067 0.968929 0.3445633 0.8461098
0.3760225 0.141619 0.6301938 0.7676628 0.7774781
0.4733267 0.2091423 0.2684661 0.5162948 0.01732172
0.1774195 0.3088874 0.7695461 0.4720462 0.3258812
0.4142013 0.4237107 0.4633216 0.8095954 0.4716929
0.3091445 0.7483017 0.3956259 0.1801556 0.1515437
0.21516 0.0723614 0.08012062 0.4374503 0.8917836
0.7669406 0.2915344 0.6622575 0.3093509 0.02832138
0.6474115 0.8105286 0.6699179 0.6303075 0.2694069
0.2638306 0.4250809 0.2404799 0.8781929 0.31534
0.206733 0.268691 0.6408454 0.668248 0.3523163
0.7020328 0.7483346 0.428034 0.3673185 0.7424623
0.2654094 0.851347 0.03808881 0.5445081 0.6653862
0.5775551 0.8638428 0.7620844 0.9007308 0.2383371
0.5347389 0.7085335 0.8280167 0.4103661 0.6846126
0.7439339 0.8805273 0.9621151 0.1153174 0.1042898
0.02200332 0.4528497 0.915103 0.02843428 0.5451253
0.7209268 0.8135399 0.9211344 0.5828827 0.8102706
0.4186676 0.4142803 0.1922331 0.09460702 0.3965216
0.7951446 0.6456102 0.8513204 0.1541144 0.05547461
0.2784366 0.6952873 0.3274612 0.05395952 0.4447147
0.6069392 0.5407541 0.2624533 0.2225357 0.5715483
0.5106622 0.02582328 0.4607679 0.1163496 0.2712408
0.63281 0.9697419 0.5402875 0.4091594 0.008926457
0.8310848 0.09418111 0.9383214 0.6380673 0.4659053
0.5419322 0.685264 0.6389015 0.8267588 0.04001853
0.275582 0.9077952 0.8066609 0.0648764 0.6542565
0.8876834 0.3319727 0.472417 0.4750939 0.258945
0.8409823 0.543439 0.5290461 0.9937294 0.8676062
0.2970424 0.671816 0.8378503 0.2259055 0.3291728
0.6423408 0.1392489 0.3387756 0.3869763 0.1221237
0.4174121 0.9272151 0.3915317 0.1590149 0.6266951
0.6645884 0.2274323 0.3889489 0.9902525 0.6991644
0.4155193 0.03172541 0.4594441 0.7785741 0.7907108
0.7208539 0.3471934 0.5659361 0.3422156 0.6353169
0.8588797 0.9051874 0.02269456 0.498714 0.03617913
0.6075127 0.1360687 0.790711 0.3813221 0.3650756
0.9123654 0.2027285 0.2892898 0.529417 0.06969641
0.5418221 0.7747903 0.3345649 0.7805696 0.2008605
0.7488361 0.5858154 0.05875095 0.07494566 0.275029
0.3253507 0.5747649 0.4907474 0.059162 0.4107257
0.3758326 0.3451576 0.6942474 0.8298287 0.822754
0.2064072 0.1801615 0.3442883 0.3685915 0.694922
0.6371572 0.1172458 0.2340058 0.379629 0.2051454
0.7619113 0.4562576 0.04657438 0.3010734 0.822504
0.5995091 0.3950217 0.1672315 0.6220187 0.4312279
0.2127223 0.1332619 0.2588628 0.9913211 0.9493954
0.6889493 0.4762203 0.762693 0.95083 0.08982657
0.6734159 0.5199279 0.2072852 1 0.08817027
0.4847126 0.4172565 0.8974631 0.1414395 0.1984966
0.3258047 0.89198 0.6937181 0.500375 0.5614057
0.8393294 0.3860558 0.6829319 0.3705829 0.6005027
0.3626785 0.4161881 0.5262403 0.4213355 0.7162012
0.5098326 0.07276013 0.1182236 0.6126987 0.8949105
0.7091664 0.9829321 0.8701354 0.6226519 0.2410982
0.8461041 0.7621959 0.1959957 0.0937827 0.1039177
0.6667263 0.921741 0.8932079 0.4297188 0.9772092
0.6846266 0.3700952 0.530991 0.03960475 0.4874774
0.3464021 0.4103971 0.6653549 0.834031 0.4463499
0.8567421 0.7963206 0.8351685 0.7086121 0.2487265
0.7109647 0.2119439 0.6515749 0.2567296 0.6835097
0.6317996 0.6958558 0.8821453 0.2406093 0.2439622
0.496582 0.1681862 0.290839 0.1010132 0.8139658
0.05673824 0.8875404 0.6881124 0.6423365 0.5295482
0.7232648 0.5073909 0.59507 0.5875653 0.8894037
0.1419063 0.09333642 0.8958297 0.326434 0.2264725
0.4981505 0.5113134 0.3624299 0.2214473 0.2884164
0.3814885 0.5278645 0.107595 0.5324469 0.3596728
0.5119271 0.1906296 0.7930982 0.1890009 0.2681708
0.9859021 0.5071773 0.8302374 0.4260099 0.4777883
0.04777057 0.2909087 0.870671 0.7366548 0.9821822
0.005936972 0.5238955 0.8310261 0.04890045 0.2359555
0.2621471 0.8681798 0.8025695 0.5524085 0
0.297551 0.2928186 0.9898955 0.3683527 0.1374228
0.4587269 0.2071467 0.6486918 0.6690685 0.5578768
0.7911072 0.5061924 0.2524567 0.8643698 0.5415848
0.219015 0.8060046 0.1815585 0.8582561 0.4433996
0.9890147 0.8810751 0.9894247 0.05794453 0.2301836
0.5859656 0.03575783 0.02591197 0.5748842 0.8475328
0.5025659 0.4107756 0.9777467 0.02183383 0.2120428
0.8026946 0.1477735 0.819809 0.1328016 0.2391297
0.8556168 0.5159688 0.8317054 0.694463 0.7886384
0.4751202 0.1527801 0.104679 0.7032617 0.2630111
0.5914443 0.473022 0.8941542 0.6169548 0.9394088
0.4719316 0.985909 0.4486713 0.8575523 0.4302677
0.6470618 0.5903133 0.5553873 0.3402337 0.6222026
0.9927022 0.3009949 0.7429358 0.6020856 0.3586776
0.9724483 0.1790745 0.8597835 0.1150325 0.5970597
0.4479937 0.1663865 0.8455483 0.1467435 0.5985286
0.8618349 0.04317957 0.7826637 0.79083 0.2689374
0.9195233 0.8558279 0.8436454 0.2637663 0.04271858
0.563799 0.6331835 0.1182045 0.7053127 0.917216
0.9184144 0.3143905 0.9290611 0.6207923 0.2366727
0.7351586 0.7157758 0.06798167 0.5590982 0.8995977
0.9549685 0.2205758 0.596014 0.3565384 0.9053698
0.3200817 0.9027 0.01710579 0.8519135 0.927991
0.2632366 0.06604605 0.7138454 0.331438 0.2635759
0.9343718 0.4464853 0.3209292 0.2249254 0.7744191
0.3285503 0.136457 0.5810725 0.9744132 0.03742901
0.9702511 0.2190848 0.73946 0.3252062 0.2764325
0.4268153 0.4244845 0.9436352 0.4081814 0.6558442
0.4726296 0.0486509 0.2995591 0.05021156 0.876343
0.2030851 0.1009573 0.2699607 0.7027349 0.3764609
0.3528737 0.6391584 0.5635767 0.826689 0.1554295
0.3778944 0.2601868 0.4878856 0.4659968 0.6877888
0.03360656 0.3347115 0.005362841 0.1651514 0.302862
0.6211599 0.5034983 0.1409967 0.07709896 0.7972312
0.02874718 0.5765988 0.1089332 0.8559994 0.3526782
0.3976908 0.5623368 0.3470068 0.7600549 0.007599544
0.2625263 0.3520819 0.3828012 0.8946158 0.5220385
0.6895945 0.1501473 0.04525166 0.06421553 0.8056862
0.3480964 0.7600021 0.09963672 0.1596833 0.0435566
0.6544375 0.2221381 0.8247717 0.1861185 0.2167761
0.5994421 0.1381619 0.5097164 0.4009851 0.1239389
0.06270171 0.6286361 0.5081134 0.9678544 0.4077668
0.5336347 0.6072278 0.8163539 0.1993553 0.6239761
0.6776486 0.01436693 0.8119604 0.8550798 0.258572
0.6101285 0.09105187 0.01479019 0.7856151 0.07164071
0.1014974 0.7238437 0.7696888 0.7387255 0.2191473
0.5431418 0.9278131 0.8295185 0.3066619 0.8241355
0.7974596 0.3027411 0.4213547 0.4629217 0.5860857
0.4449823 0.01438375 0.7677472 0.8187388 0.4418984
0.313923 0.3518877 0.413261 0.6035285 0.1599814
0.59369 0.5679545 0.7744671 0.1131875 0.5041517
0.404685 0.9326272 0.8104421 0.266091 0.6937749
0.6225324 0.04087148 0.4506563 0.3012106 0.06374612
0.9303449 0.7974853 0.8773972 0.9288444 0.799655
0.5515945 0.8502082 0.5561524 0.3529506 0.7808993
0.2387364 0.3374723 0.3786239 0.1260982 0.968029
0.3917998 0.8192365 0.005430762 0.6859172 0.9549408
0.06605433 0.9332078 0.8693954 0.9155467 0.08032837
0.881684 0.9293779 0.6770132 0.4226234 0.8178196
0.04793158 0.5702927 0.3905818 0.8471867 0.9837875
0.6274536 0.9252726 0.5349579 0.6962155 0.9607564
0.2149954 0.315073 0.3043922 0.4079509 0.339686
0.101526 0.5541195 0.76132 0.3520218 0.4050475
0.303896 0.5911009 0.5920135 0.4124984 0.9696996
0.2847078 0.0763512 0.7964112 0.134573 0.01646582
0.427186 0.5683759 0.5303075 0.8136929 0.308765
0.1801591 0.2000361 0.3489823 0.02940738 0.3799633
0.03066553 0.5474472 0.478931 0.7133485 0.7055011
0.1944111 0.2925816 0.7015908 0.5829044 0.4450001
0.215586 0.5851651 0.732273 0.03246514 0.6277985
0.2602364 0.3551764 0.8378268 0.2000738 0.4060281
0.9279562 0.8100409 0.4075619 0.4965964 0.5021515
0.687034 0.2125553 0.8443767 0.5894225 0.7353227
0.09097909 0.40196 0.4831779 0.1090759 0.8974441
0.481715 0.3412532 0.2202474 0.4633917 0.3714466
0.3659766 0.5599405 0.6792132 0.8217893 0.6906691
0.4809015 0.8135919 0.7792288 0.3132049 0.3151478
0.06936481 0.3553937 0.1340819 0.02533292 0.01980931
0.02212252 0.3307668 0.6891966 0.2986468 0.2538043
0.6102145 0.7683187 0.2007984 0.7981098 0.9397591
0.3372834 0.3323525 0.8973839 0.9379708 0.2754952
0.3188445 0.5642824 0.8484287 0.6099641 0.4597354
0.8916786 0.2983557 0.3799603 0.4507101 0.1143621
0.1488327 0.6521244 0.07947802 0.1676068 0.5182748
0.477274 0.1968278 0.4420837 0.8194947 0.4154179
0.9317076 0.6503005 0.8746615 0.7412043 0.287001
0.9840705 0.09664781 0.4774318 0.08852412 0.08329804
0.2116241 0.1805488 0.9642586 0.1673498 0.09612993
0.9824941 0.587832 0.05959132 0.6109403 0.5089041
0.4547462 0.5775874 0.5787035 0.2697016 0.4859986
0.9474865 0.8280908 0.1450644 0.06569363 0.5368496
0.6597078 0.5469173 0.3808703 0.8406565 0.5857581
0.2740223 0.2782467 0.4037821 0.3298243 0.6255795
0.7328279 0.599314 0.836235 0.84619 0.4887036
0.7814394 0.4124091 0.2417552 0.363467 0.9118488
0.8709762 0.2115442 0.9623511 0.9338971 0.4059499
0.8647625 0.08086486 0.8999335 0.6350418 0.3356295
0.04512286 0.7490663 0.3762125 0.191816 0.3358472
0.7021554 0.688716 0.2478694 0.825576 0.6018308
0.4782475 0.255175 0.5135873 0.6751416 0.2246332
0.3571852 0.964213 0.6953222 0.4956194 0.8396123
0.1874741 0.1153717 0.1080455 0.1503632 0.1070721
0.9366051 0.5682499 0.249743 0.7819859 0.2921799
0.9924448 0.5151056 0.7167244 0.8726955 0.02565443
0.5461689 0.1062511 0.8771646 0.8934685 0.3730421
0.08825476 0.974445 0.5162801 0.1430246 0.4263378
0.8686592 0.6358076 0.8617373 0.7816836 0.9894929
0.4296051 0.5297852 0.595958 0.6435154 0.3437605
0.4611029 0.8917052 0.4031976 0.1426224 0.5318321
0.1948185 0.7121456 0.01030162 0.7972346 0.5079072
0.5798288 0.3798991 0.4264008 0.8501941 0.8216487
0.9526294 0.7699588 0.4991941 0.408818 0.3276093
0.2656634 0.01795048 0.4847509 0.0546975 0.9107327
0.2290836 0.02043488 0.6822249 0.1795711 0.2430754
0.130142 0.002390608 0.09246598 0.2202231 0.8648055
0.7382218 0.08689435 0.943624 0.8137229 0.2046594
0.5719218 0.1976402 0.7773313 0.5560843 0.393447
0.7362539 0.9528269 0.2736355 0.4096865 0.2805357
0.0782136 0.6293969 0.05673871 0.07050285 0.06615667
0.991328 0.62362 0.2054085 0.9826414 0.1942851
0.4903855 0.8046541 0.8476998 0.660845 0.9356845
0.4789264 0.3528155 0.9344359 0.6273416 0.4157347
0.5260046 0.4777016 0.2066658 0.9096925 0.09389387
0.6953203 0.4417848 0.7066007 0.5407231 0.7460411
0.503559 0.29788 0.142884 0.006052985 0.2804678
0.4398558 0.6740484 0.07745774 0.0660846 0.5358288
0.908052 0.2502893 0.8459514 0.5698946 0.005561043
0.6053174 0.1774928 0.6478093 0.2799964 0.6080956
0.3106483 0.7866395 0.7569636 0.7523719 0.496992
0.9464408 0.09687174 0.4267767 0.9029587 0.1024245
0.2343134 0.4826081 0.4628587 0.4905283 0.59616
0.1512598 0.5428392 0.8767537 0.416359 0.5025286
0.1981892 0.6096776 0.02386438 0.2855029 0.9581758
0.4134182 0.4218516 0.381356 0.1002254 0.2782402
0.6104307 0.7005022 0.3102979 0.3542235 0.7993806
0.3314744 0.6486381 0.8760187 0.4774578 0.3616265
0.08655418 0.4556628 0.4132556 0.005042115 0.4113926
0.9225271 0.5073785 0.8482925 0.6897964 0.3657425
0.896386 0.4587004 0.9251014 0.3074935 0.6204021
0.3189348 0.5637145 0.7382808 0.158088 0.5265702
0.8162446 0.562838 0.5981427 0.2085527 0.2145754
0.4905974 0.01163535 0.4729999 0.864786 0.3082818
0.5636469 0.6656226 0.9884091 0.3233939 0.7445974
0.8420192 0.5992475 0.3879563 0.973642 0.4394625
0.1408225 0.6598247 0.4045733 0.3151617 0.08609066
0.03396572 0.9077071 0.4112702 0.6056384 0.7783065
0.3101916 0.5578005 0.7179036 0.7477917 0.7122859
0.5650481 0.3047547 0.8167612 0.9638373 0.532609
0.4262598 0.3199198 0.9809929 0.05476297 0.4826267
0.2513457 0.8182116 0.4559992 0.3415591 0.1081964
0.7378844 0.8032403 0.8285516 0.3514452 0.3180802
0.4471162 0.638773 0.7609756 0.7603283 0.9801707
0.6722988 0.7459168 0.8629207 0.8655609 0.464077
0.6258316 0.9443786 0.7011829 0.8629699 0.5947739
0.773594 0.4100631 0.5532805 0.0885453 0.6199461
0.9777913 0.3220974 0.7416597 0.9973131 0.474629
0.925569 0.5583265 0.4584827 0.6423429 0.8345561
0.5087537 0.9419231 0.5745651 0.4341191 0.3081437
0.8890683 0.2877873 0.9524175 0.3402389 0.3731194
0.3148189 0.1052615 0.6944416 0.6858185 0.4306895
0.608074 0.4027438 0.5443691 0.2511451 0.6172563
0.6351828 0.8908762 0.8606833 0.3392815 0.4731741
0.4498339 0.7852714 0.5019405 0.2575276 0.989974
0.2616383 0.5777417 0.3358154 0.9798768 0.2742433
0.9326624 0.5451253 0.8861534 0.04861735 0.6897748
