0.7257251 0.4469779 0.05152247 0.4188472 0.9075607
0.05092377 0.2127402 0.2335917 0.2220854 0.01947674
0.6307401 0.8515896 0.4065409 0.9645306 0.08003298
0.251919 0.4756621 0.240005 0.7350521 0.6417635
0.5451576 0.9234833 0.7931864 0.02802817 0.006529553
0.9850909 0.7786147 0.8533902 0.6488858 0.9548002
0.79814 0.7953425 0.3027845 0.1560581 0.1995816
0.06376349 0.07564421 0.541795 0.7955186 0.7112848
0.4640074 0.01014451 0.8928688 0.1291209 0.790148
0.9234833 0.8756078 0.8433092 0.3137126 0.5250746
0.4506127 0.5860008 0.1287812 0.9761256 0.6739708
0.6261425 0.2314168 0.2231006 0.9970231 0.6876459
0.546723 0.9110873 0.8972808 0.07077027 0.2445838
0.2390487 0.5065505 0.2192446 0.5044656 0.9412384
0.958119 0.1691277 0.7838902 0.7170746 0.5039655
0.383616 0.8848636 0.1328166 0.9299082 0.9303185
0.339582 0.3433832 0.2481861 0.914039 0.2972991
0.4065223 0.1946691 0.1439231 0.2075441 0.4350141
0.2049264 0.9677277 0.6116476 0.1995362 0.55824
0.9034111 0.4952603 0.1410467 0.76941 0.7859723
0.9350181 0.4573371 0.6487262 0.9995753 0.6163524
0.9307434 0.9381504 0.7120023 0.1152529 0.8603714
0.4730072 0.3010351 0.102446 0.758546 0.9165211
0.8375621 0.0571117 0.4757977 0.6006663 0.2294122
0.1678909 0.7463045 0.9457774 0.4498404 0.258331
0.9419899 0.8596055 0.1505085 0.633263 0.3282268
0.4786615 0.02748581 0.01394223 0.3710022 0.1162252
0.9917811 0.8334099 0.2944649 0.9707296 0.0353434
0.6058057 0.5905927 0.3761572 0.07711459 0.3099043
0.0879692 0.9984532 0.4886298 0.3705332 0.0003488577
0.7299398 0.716703 0.7557386 0.15461 0.8841318
0.4248687 0.5504153 0.9686102 0.2892498 0.2071175
0.2423887 0.543902 0.35681 0.5801084 0.2351395
0.3732921 0.02406033 0.9906587 0.4238431 0.6474763
0.8435588 0.3491341 0.7846026 0.4247331 0.6292204
0.7368989 0.3852989 0.8358336 0.1378756 0.07774789
0.525063 0.8293889 0.4711535 0.4483704 0.8249744
0.9015128 0.6262521 0.5792459 0.8021585 0.5178376
0.9182588 0.6547049 0.07470695 0.02140401 0.4108427
0.3219992 0.6905143 0.7115388 0.818314 0.007079995
0.5911462 0.9313856 0.9653502 0.2213275 0.8652565
0.1652578 0.6161349 0.6358429 0.8129821 0.6606035
0.9297888 0.9589296 0.7581834 0.06913289 0.4791434
0.2609015 0.5598184 0.5984055 0.1434257 0.7063283
0.9172601 0.07674219 0.06933022 0.3268435 0.7378248
0.1596875 0.4146613 0.04856607 0.3661713 0.02369517
0.5161183 0.3507091 0.127092 0.03066022 0.6102979
0.04488404 0.03568131 0.5833947 0.3785128 0.8832089
0.8766206 0.1065237 0.4893267 0.932279 0.1524045
0.7719567 0.1160709 0.3035207 0.9556378 0.7633774
0.3474286 0.0982452 0.5782513 0.9240547 0.9705558
0.8201393 0.778216 0.02237317 0.3982564 0.9006822
0.09259223 0.2852633 0.6539865 0.9462253 0.7732901
0.4278927 0.329989 0.1856981 0.8039076 0.9225004
0.8525674 0.9358949 0.5603395 0.7527377 0.3504823
0.3255254 0.9904559 0.09278652 0.8996869 0.8527488
0.3436196 0.9208925 0.3834883 0.3487722 0.6180562
0.04167186 0.956544 0.3049282 0.7277256 0.430851
0.9153802 0.1871928 0.3656116 0.2842579 0.4024975
0.6021998 0.08228333 0.8358318 0.435532 0.1869774
0.9179758 0.5802471 0.3527447 0.1691572 0.6957839
0.4780976 0.07797451 0.9740953 0.9561538 0.08321735
0.5559324 0.6882636 0.5581673 0.3199928 0.07617978
0.5841038 0.3909606 0.8454767 0.06792425 0.07351752
0.5523699 0.9953634 0.1326754 0.6761775 0.485788
0.01551415 0.03158716 0.8611496 0.0113873 0.3295458
0.6370248 0.5550416 0.7146618 0.7438972 0.07674468
0.4353608 0.3771988 0.5650773 0.7609012 0.7931172
0.7047422 0.536811 0.8854745 0.9797898 0.9605153
0.2532592 0.8084324 0.2534453 0.915454 0.7313481
0.5698484 0.8755076 0.05109639 0.8159717 0.6421833
0.2948926 0.6530434 0.5818047 0.5105586 0.664341
0.675234 0.6457363 0.7886988 0.4637289 0.8789004
0.05258882 0.2479751 0.290139 0.03812965 0.9885174
0.1628711 0.3399163 0.9068478 0.7435412 0.6656665
0.1045294 0.3094072 0.6286602 0.8022746 0.5750382
0.8412746 0.9755108 0.5607084 0.8938964 0.1349637
0.3589013 0.6834407 0.6289274 0.3710376 0.5772969
0.9902135 0.7350662 0.7117584 0.9150594 0.7350821
0.7545439 0.2077872 0.1252373 0.2265649 0.80248
0.9629425 0.9446023 0.04027481 0.5103045 0.6418582
0.6198058 0.149954 0.4631616 0.4923019 0.7767812
0.5715419 0.1476174 0.3214333 0.5909052 0.2969944
0.5961374 0.5760762 0.4817113 0.812369 0.4451239
0.8119955 0.8181762 0.001468707 0.1003507 0.8584793
0.9554632 0.4219525 0.300015 0.3500747 0.4668902
0.34216 0.3117324 0.6589712 0.3058 0.08951265
0.01356698 0.1938795 0.4954115 0.7375591 0.2094317
0.07751516 0.7681128 0.1915636 0.2549016 0.005894225
0.5345033 0.3848048 0.8288628 0.6081103 0.2498113
0.6343658 0.2049154 0.3367721 0.8171308 0.7089142
0.552992 0.07932075 0.8188087 0.8964207 0.5180518
0.8355304 0.1194999 0.5384626 0.5786636 0.3946219
0.6135452 0.6509964 0.2724315 0.03945016 0.6759047
0.3310223 0.7931256 0.5193032 0.2530429 0.2897863
0.4030648 0.7840389 0.7407997 0.6704699 0.4298686
0.4608428 0.6537669 0.4125693 0.2119463 0.3248808
0.7303613 0.6929414 0.8765289 0.07766772 0.8415917
0.7367461 0.1421647 0.519136 0.9332339 0.8611486
0.8367817 0.9756821 0.2565921 0.5280448 0.474273
0.7218233 0.799546 0.7614015 0 0.9731703
0.6089729 0.3790789 0.5583958 0.07994383 0.765795
0.09175657 0.4742949 0.4133161 0.2376566 0.8214529
0.02968425 0.521387 0.1095769 0.6013814 0.1293797
0.8757008 0.9601462 0.921158 0.7623275 0.4161649
0.4515517 0.5302552 0.1569847 0.6814009 0.4222393
0.8573271 0.4169857 0.8088126 0.3196382 0.224231
0.8644405 0.778869 0.6979293 0.5520686 0.07660289
0.2440625 0.7750778 0.2915952 0.8188687 0.7683079
0.1163808 0.2406691 0.121902 0.5720512 0.6275693
0.2449156 0.1055361 0.7492896 0.9105606 1
0.1718921 0.2204255 0.9993678 0.9783818 0.8477383
0.9903459 0.09459805 0.7616424 0.4621846 0.3840168
0.1668241 0.921712 0.08671531 0.8880828 0.3605793
0.19088 0.4163714 0.6857636 0.6506715 0.7459733
0.9197612 0.5205877 0.3566738 0.2923112 0.7492338
0.7262211 0.4662875 0.4414268 0.3214831 0.3085455
0.4314027 0.5340112 0.4282479 0.05959723 0.5596814
0.37561 0.9538791 0.5538764 0.6856935 0.9610338
0.9733 0.8497365 0.716296 0.1867588 0.1962517
0.3943732 0.3081267 0.02578295 0.1242536 0.6140945
0.444358 0.6912824 0.2921747 0.2740984 0.1040728
0.5950213 0.05377759 0.680491 0.03981771 0.143778
0.4131558 0.5299851 0.08153073 0.08927547 0.03647496
0.8672757 0.6485451 0.4739333 0.9509119 0.6184769
0.4776857 0.242602 0.6093887 0.7993281 0.2473614
0.9731596 0.2766537 0.1576692 0.6225285 0.7120557
0.4910773 0.1182636 0.4193073 0.566899 0.6143983
0.7793632 0.9276781 0.02845243 0.1544806 0.02298128
0.06212311 0.08800693 0.4401378 0.5155782 0.09001083
0.8247712 0.2243887 0.9256287 0.9470961 0.6829733
0.8066048 0.940535 0.5821361 0.3644104 0.8905224
0.6368207 0.2009284 0.3906365 0.3544492 0.2781649
0.6958437 0.7081694 0.1211447 0.7461873 0.09300166
0.6532194 0.9179824 0.1050506 0.9723219 0.1728372
0.9735287 0.08103981 0.9007467 0.8919221 0.2907277
0.3952907 0.7147707 0.105317 0.2149973 0.4673992
0.376207 0.9085151 0.8885769 0.9334169 0.02067366
0.927272 0.6625096 0.9518059 0.9031592 0.5920161
0.3162661 0.8569596 0.59235 0.9449564 0.3950104
0.0200147 0.2357566 0.1204019 0.6447145 0.04431464
0.960587 0.7041999 0.7778219 0.9232316 0.825045
0.5801114 0.4432249 0.9657563 0.780474 0.3735509
0.684069 0.3741749 0.7666079 0.2622083 0.4248694
0.5478264 0.8559665 0.8463544 0.6485937 0.7612594
0.5475752 0.3753331 0.3689727 0.7660981 0.1204926
0.8383415 0.4957077 0.1188914 0.03488034 0.2889465
0.4377437 0.3857534 0.3006159 0.7467601 0.6768592
0.240708 0.5701449 0.5496758 0.2935943 0.7752115
0.9728008 0.2118963 0.3180071 0.06517683 0.6268938
0.509625 0.9913107 0.1545341 0.824833 0.6270884
0.9228481 0.8009601 0.9757406 0.2820978 0.2183174
0.08174283 0.1280175 0.67936 0.8173746 0.5506946
0.6668673 0.9387344 0.01427717 0.2408919 0.2332604
0.8803475 0.233689 0.5719474 0.1963405 0.8268806
0.5487856 0.06379574 0.9994976 0.6650843 0.5876469
0.6014247 0.8441043 0.1438499 0.9992177 0.6691279
0.05798438 0.3783634 0.140688 0.88831 0.8279734
0.5635981 0.444288 0.6934449 0.8507955 0.1501688
0.7008221 0.452377 0.4512533 0.9803617 0.7272538
0.7654012 0.2163128 0.05269119 0.7260036 0.01978701
0.5285405 0.2965003 0.2579314 0.3025485 0.8288038
0.7399287 0.06119793 0.4499887 0.4928416 0.01297584
0.1416938 0.3047012 0.9021459 0.420413 0.06223666
0.4662589 0.5941799 0.9480981 0.05075139 0.4480962
0.6543914 0.7667188 0.2145884 0.1795533 0.9299697
0.6764687 0.7799896 0.9937488 0.3852161 0.1122684
0.9854138 0.6082634 0.01553068 0.8556287 0.871839
0.2118643 0.6474956 0.9319607 0.9365627 0.2517207
0.04028769 0.3809406 0.453777 0.5762487 0.1654667
0.6422554 0.7186732 0.2421224 0.6271129 0.06647558
0.3997152 0.1612201 0.8774019 0.1030056 0.5297733
0.2202396 0.1500008 0.7800929 0.8885492 0.5210954
0.6711732 0.07310377 0.3395222 0.5362238 0.3236248
0.3652578 0.7679486 0.7880953 0.5955876 0.9192193
0.1459563 0.7784392 0.7485323 0.01666547 0.1585476
0.9086112 0.1200741 0.02860591 0.006704891 0.9426569
0.4008741 0.04666567 0.9642028 0.1277648 0.9276284
0.6566195 0.04086358 0.5629094 0.187378 0.327467
0.06450415 0.3783094 0.370368 0.3446242 0.9099042
0.7041465 0.7240017 0.7075037 0.09053312 0.83457
0.1494509 0.8589231 0.1715064 0.4366227 0.7703918
0.6429811 0.7011508 0.09344047 0.8690349 0.1015909
0.1270795 0.2555668 0.4151354 0.913124 0.7347781
0.05969856 0.1396197 0.5036448 0.7492282 0.7945307
0.7607865 0.7843453 0.5683236 0.2743264 0.3490761
0.01801592 0.8616092 0.811923 0.784916 0.01133488
0.9425133 0.6970626 0.07230197 0.7896723 0.7755341
0.7987489 0.217901 0.8217655 0.1819148 0.6076237
0.6759847 0.5316283 0.4502929 0.6925388 0.08611785
0.3526388 0.9715868 0.4348992 0.4289347 0.7404332
0.5228268 0.1272225 0.731508 0.4118962 0.5345944
0.9409074 0.7566063 0.9764482 0.1016411 0.7821814
0.8374466 0.0701334 0.48613 0.5067178 0.3433131
0.9984723 0.2129039 0.2680051 0.3223945 0.2400021
0.5672019 0.9839918 0.055458 0.1845296 0.935826
0.002318097 0.03838317 0.3009854 0.1648132 0.3118776
0.648267 0.4407298 0.2958342 0.763491 0.2489947
0.8535524 0.6587945 0.2798238 0.2130713 0.9320589
0.8571408 0.5788116 0.06086861 0.5972077 0.4758338
0.687709 0.5184628 0.7392111 0.6453598 0.8035337
0.5566009 0.01724861 0.9096774 0.6456335 0.8143949
0.7709452 0.5827856 0.07630219 0.7758366 0.1523318
0.9793885 0.7029471 0.2426423 0.6972836 0.289535
0.5704512 0.2236745 0.3098782 0.04707638 0.009483938
0.4067153 0.8271064 0.03024756 0.03388082 0.5828366
0.3069655 0.6044143 0.8158254 0.2363579 0.7028585
0.3012627 0.4630181 0.2483453 0.1705974 0.1950889
0.2277939 0.6706462 0.6368438 0.1448922 0.2154228
0.275239 0.2124257 0.07384383 0.4141066 0.534881
0.7702913 0.3939298 0.9338557 0.8511395 0.4531074
0.303548 0.4693022 0.2382795 0.9282378 0.3229353
0.2030134 0.4014707 0.06467727 0.911305 0.8370364
0.5402002 0.3198609 0.8560095 0.3969258 0.1598173
0.4014421 0.7595705 0.7072677 0.2668805 0.6126836
0.04451461 0.3632184 0.9842742 0.3820567 0.3430767
0.6463468 0.1116213 0.773397 0.7265006 0.1863263
0.5895292 0.2505439 0.2893096 0.7668682 0.5693483
0.06129712 0.5437085 0.4948258 0.1737885 0.95193
0.491013 0.5756089 0.3165415 0.5595209 0.5622222
0.1005579 0.4290181 0.1461828 0.7275349 0.6238456
0.9057535 0.7578287 0.4023681 0.6056031 0.2812616
0.1230549 0.1781206 0.1555803 0.7801737 0.1138437
0.3984836 0.2182902 0.3621753 0.3050115 0.7182299
0.8733192 0.199604 0.5118256 0.5775596 0.4626576
0.5201419 0.6924502 0.04311393 0.06937703 0.4066382
0.1773961 0.5706716 0.720403 0.3597792 0.2764635
0.0768762 0.4143955 0.8652938 0.9581289 0.93078
0.3092019 0.3492408 0.1598247 0.6852712 0.2553949
0.3766445 0.5194833 0.1542181 0.03630774 0.8758067
0.1543147 0.8381558 0.2653195 0.4726304 0.9021459
0.1391472 0.4131943 0.09424768 0.5525632 0.1301635
0.05858703 0.5012552 0.2963858 0.07922243 0.5583738
0.4537584 0.3340438 0.1029263 0.3322492 0.1063462
0.7631012 0.28223 0.5303895 0.8582573 0.5036166
0.4104584 0.619549 0.3937906 0.410238 0.4893476
0.6876218 0.4084524 0.5363095 0.5615807 0.07924747
0.2662399 0.7433717 0.5757176 0.04147393 0.683975
0.5652932 0.8259308 0.8613794 0.9402437 0.2205476
0.4238324 0.615106 0.6199197 0.9391031 0.09082518
0.4674223 0.4832182 0.08444064 0.007494142 0.8940161
0.803378 0.1609381 0.8828087 0.1238583 0.183528
0.9087548 0.6603567 0.2022291 0.0964857 0.001687895
0.9864757 0.1337531 0.969426 0.8708014 0.3362815
0.5825577 0.3361914 0.2468589 0.001727928 0.8589556
0.7147005 0.694664 0.3482197 0.9736582 0.2560867
0.05406592 0.4318457 0.2865114 0.8587902 0.7927896
0.02480774 0.08252336 0.6768229 0.5391654 0.8311167
0.6436668 0.939196 0.1970015 0.9599456 0.8723259
0.2253599 0.05071571 0.6883247 0.4197391 0.1632373
