0.4921431 0.316527 0.6669756 0.9918853 0.262824
0.4556924 0.3717913 0.1178886 0.5438082 0.3000215
0.4554027 0.01770672 0.2871674 0.3355781 0.5226654
0.5769411 0.187722 0.5133691 0.3184592 0.30804
0.2727473 0.8682231 0.2683243 0.9084561 0.2917233
0.5209529 0.7126682 0.7200113 0.1323853 0.723833
0.1494417 0.2385964 0.7087162 0.2297047 0.9174734
0.6783799 0.05285553 0.5836648 0.03319369 0.506229
0.2049986 0.2162456 0.1599483 0.5043457 0.3864643
0.2269284 0.1113202 0.9295472 0.56889 0.9148039
0.9701198 0.3052254 0.0569253 0.6741503 0.8926661
0.9685984 0.2906304 0.3653194 0.7139788 0.5798389
0.6004754 0.9336206 0.071913 0.2699917 0.6589802
0.284443 0.1770171 0.3751509 0.02156605 0.01416606
0.8064495 0.6531121 0.6978273 0.4165986 0.5641121
0.2000695 0.2561183 0.9736098 0.461442 0.8775512
0.6944133 0.8608631 0.3746818 1 0.4019962
0.6162309 0.8437091 0.8631751 0.2496559 0.2678214
0.9413697 0.3338759 0.0004980006 0.9834933 0.5423153
0.5838715 0.9771242 0.4178392 0.6002411 0.916636
0.556995 0.2249491 0.7181758 0.978411 0.5905252
0.003715159 0.2055845 0.6445362 0.7430032 0.6400925
0.380569 0.615081 0.3689604 0.3465907 0.7752657
0.200213 0.5664843 0.9004428 0.4277215 0.7481034
0.06287209 0.5223684 0.1849947 0.4107632 0.346789
0.452582 0.5438512 0.7268493 0.5968334 0.7003052
0.4804035 0.184101 0.2418477 0.7963596 0.8101973
0.6860312 0.5032146 0.3200343 0.7607863 0.927201
0.3131187 0.4344265 0.5932948 0.7819076 0.4894789
0.857966 0.3887736 0.9634681 0.05521279 0.1522862
0.3790331 0.7865335 0.5793153 0.3449314 0.786227
0.1721603 0.5189784 0.9119976 0.639631 0.7849538
0.1088518 0.09889506 0.02963045 0.6095297 0.3360952
0.4636162 0.1733007 0.0655644 0.2742981 0.2473759
0.4576362 0.246195 0.999688 0.2165902 0.8884103
0.2835903 0.5632206 0.5731631 0.7295827 0.4306692
0.6004136 0.3165904 0.8047267 0.201685 0.5992912
0.1807197 0.06972869 0.6238185 0.7103716 0.1335373
0.8574334 0.4034469 0.5424206 0.5787549 0.4523737
0.9429171 0.7894167 0.2021528 0.1567392 0.0816506
0.397918 0.9424637 0.212161 0.8913646 0.6019464
0.9249594 0.4154994 0.1807583 0.137086 0.9027284
0.5370303 0.5655577 0.05537347 0.748659 0.9928026
0.7516128 0.8744733 0.2919573 0.004869791 0.8788455
0.9916563 0.1829096 0.4268356 0.9558775 0.2176774
0.6952762 0.4730033 0.0343361 0.2175181 0.4401641
0.9755321 0.2268046 0.3111267 0.4042468 0.2154441
0.4739565 0.7132322 0.2305764 0.5032571 0.9504733
0.6201285 0.8289639 0.4492909 0.6850411 0.8274584
0.9057973 0.9266215 0.9397828 0.4383882 0.6712857
0.7408988 0.0506521 0.9426818 0.09181901 0.9437981
0.7540744 0.6259472 0.674636 0.5066191 0.004166182
0.2698443 0.8844465 0.8948761 0.1573859 0.05213611
0.5028733 0.8154169 0.2644167 0.6348187 0.1403309
0.6277525 0.08340105 0.82355 0.1410831 0.1722828
0.06837462 0.9883539 0.5965597 0.8077606 0.08576295
0.3841615 0.8225609 0.01774177 0.02310728 0.2713451
0.8371779 0.1781357 0.8846432 0.7598995 0.9532262
0.9007609 0.5200452 0.8148327 0.03544917 0.4195594
0.9510021 0.7759117 0.5813133 0.4675241 0.1869443
0.9309244 0.6178127 0.9080741 0.6089713 0.8716044
0.32848 0.2337414 0.6182904 0.8322115 0.9117941
0.04138176 0.1616359 0.1114501 0.6776755 0.3404298
0.3733544 0.794131 0.1679582 0.8084962 0.2921964
0.7454875 0.8434789 0.156278 0.990516 0.1875647
0.1582196 0.3871182 0.3259404 0.8771072 0.7218411
0.1491178 0.75433 0.9053579 0.7270415 0.006307855
0.681847 0.127656 0.3574212 0.209023 0.5918279
0.567157 0.2867579 0.7540504 0.9201347 0.9867467
0.1538963 0.2585401 0.3993939 0.7922416 0.6051166
0.6405125 0.9098515 0.2514453 0.9129155 0.3471223
0.8660423 0.9449668 0.1122098 0.4813415 0.04604696
0.6574382 0.5791578 0.2140772 0.09800753 0.8053402
0.8529336 0.2306843 0.1667561 0.9000355 0.5122362
0.6474583 0.4483771 0.7792666 0.7918438 0.1812612
0.8692203 0.2347634 0.3670772 0.1137242 0.05844619
0.006037961 0.8702461 0.1758231 0.3117481 0.1753368
0.6398763 0.7816981 0.08823358 0.5736775 0.05783225
0.9859645 0.7098129 0.2424823 0.9520966 0.4263712
0.4145148 0.4035845 0.02766789 0.1851033 0.340405
0.8186404 0.7885197 0.7301006 0.8485675 0.8462627
0.9191287 0.1864695 0.1784416 0.04569761 0.02266992
0.7953429 0.4494938 0.7624664 0.1215638 0.6268613
0.9263065 0.8516161 0.4434418 0.3927479 0.7956899
0.5723119 0.2322443 0.7722838 0.02865998 0.4250972
0.7505387 0.2076509 0.8380738 0.1800231 0.6516649
0.9595718 0.6719227 0.8553095 0.3203408 0.7545589
0.165317 0.459064 0.9294481 0.8358058 0.1507268
0.1446781 0.9416964 0.6381221 0.9722944 0.5821229
0.3988138 0.374133 0.6335503 0.8815771 0.4320635
0.9033382 0.6602881 0.09913606 0.3336311 0.09565853
0.503086 0.6374693 0.6719487 0.0925969 0.6373235
0.8650523 0.08309694 0.3093177 0.08698143 0.2191674
0.6034227 0.0534114 0.206935 0.5607291 0.8048169
0.467515 0.2053805 0.9603716 0.8099517 0.3967934
0.9375791 0.8686205 0.5016655 0.8136865 0.3778121
0.01204013 0.3099896 0.5078248 0.427159 0.04076909
0.097379 0.752717 0.7690314 0.8775853 0.8345915
0.253044 0.6469397 0.30184 0.7290532 0.2361753
0.2659136 0.7897819 0.8271638 0.5222094 0.2926066
0.4831912 0.2064764 0.07514053 0.9510632 0.8977242
0.425164 0.4876887 0.6041396 0.1487911 0.3630075
0.8009632 0.3185988 0.823292 0.6828429 0.6572985
0.4481597 0.4840965 0.8330491 0.5975398 0.8027795
0.2224614 0.4008316 0.8931482 0.8797501 0.3705735
0.9602351 0.8714289 0.3360667 0.1405615 0.3760556
0.7676728 0.3989216 0.9763601 0.2570801 0.1608345
0.6634682 0.7418143 0.3441782 0.5770428 0.9488286
0.1245963 0.04507911 0.3146674 0.9706885 0.07712775
0.4755353 0.3248317 0.3340925 0.9416108 0.7841164
0.2481398 0.10147 0.6950896 0.7126507 0.3370012
0.8033694 0.8524025 0.3176193 0.4573341 0.8408588
0.4440406 0.8228061 0.5963564 0.2744713 0.4384621
0.6288959 0.2044191 0.9559895 0.890031 0.9576315
0.03891737 0.1869211 0.9964144 0.4794009 0.05317759
0.4131932 0.5766164 0.01983079 0.821651 0.1919645
0.9896775 0.3470326 0.5647045 0.2449387 0.7725765
0.559718 0.1751255 0.6538884 0.5803235 0.6286538
0.659416 0.3345521 0.7012454 0.3842288 0.6855124
0.05512465 0.2272581 0.9416376 0.037358 0.9792974
0.8524947 0.900961 0.8870282 0.8511868 0.4047835
0.8396947 0.3336816 0.8460046 0.5275322 0.05355822
0.6894107 0.4973615 0.58261 0.9953984 0.896172
0.2575119 0.3079768 0.08472986 0.4901793 0.4647353
0.8889019 0.3784523 0.5807277 0.9071619 0.4722021
0.1167104 0.4148605 0.8336591 0.3191823 0.1502211
0.3184052 0.8047862 0.1061077 0.8636555 0.657953
0.5326917 0.5466897 0.2775434 0.1842362 0.1919699
0.9881968 0.3515902 0.8610247 0.03319506 0.5053145
0.5751372 0.950421 0.3626644 0.1461594 0.8737006
0.1761667 0.52585 0.7467687 0.6694527 0.8970553
0.9112603 0.5311629 0.8925293 0.4208071 0.008342659
0.1216493 0.08538847 0.8828869 0.9743087 0.5043771
0.1940269 0.6224103 0.5442702 0.3528984 0.545757
0.3967421 0.5907681 0.6808663 0.5592993 0.753284
0.3458976 0.5920916 0.3494848 0.6307133 0.566822
0.5999903 0.4221502 0.965369 0.1488681 0.2632803
0.02096327 0.01435 0.9517148 0.3695769 0.5198455
0.8865059 0.6785451 0.1200379 0.4941983 0.2193829
0.5746623 0.1381006 0.8485206 0.6100417 0.609976
0.4802894 0.4790565 0.02773495 0.5713389 0.4959475
0.923367 0.2207568 0.8225467 0.7527316 0.4169844
0.4114026 0.08914972 0.9385932 0.8672126 0.7535381
0.3499443 0.9763898 0.7701342 0.3396007 0.2264623
0.3673962 0.7382985 0.1259238 0.6042354 0.839854
0.6585275 0.7548387 0.7714069 0.1586754 0.06674114
0.4217031 0.3873908 0.6413603 0.9482645 0.04858927
0.4773437 0.3677726 0.3974111 0.6516282 0.3513077
0.9227171 0.6003195 0.2952124 0.03833591 0.1637427
0.9314462 0.4561513 0.05363508 0.1034191 0.9001233
0.1997731 0.04732862 0.07194555 0.2004003 0.05992374
0.4849421 0.2761198 0.543225 0.9672624 0.2870687
0.5085793 0.0001054865 0.5279098 0.4323065 0.3131593
0.7994688 0.803537 0.3694745 0.167194 0.5717093
0.250131 0.28865 0.7983842 0.07919231 0.8831248
0.1010389 0.8468981 0.3135352 0.9436548 0.7301642
0.5550903 0.93198 0.03999251 0.2112179 0.8202121
0.9935898 0.08814432 0.8325976 0.009478868 0.3479675
0.1670855 0.7106219 0.4371867 0.3050902 0.04171697
0.3626543 0.5301277 0.5137411 0.6826428 0.46092
0.3932656 0.1026219 0.8475973 0.1965326 0.5566129
0.5666983 0.8643053 0.9195802 0.7471319 0.5366738
0.008868689 0.8568689 0.001869571 0.1141702 0.4776684
0.7034987 0.252094 0.6853324 0.8110843 0.1123298
0.9258306 0.3198444 0.9668616 0.3766278 0.8887507
0.5686631 0.8778903 0.8758732 0.5413338 0.1863752
0.9229395 0.3960238 0.5036145 0.1311792 0.8202804
0.192273 0.2989129 0.5922645 0.7410301 0.0169002
0.2662697 0.7676676 0.3684006 0.9790538 0.714947
0.5277949 0.6878275 0.0511704 0.7393737 0.3942654
0.05672902 0.02793732 0.8184256 0.5716243 0.1407209
0.07600404 0.4490958 0.8665919 0.4507906 0.6368665
0.8897399 0.7946474 0.6663192 0.9349503 0.7011554
0.2125494 0.1625136 0.8659883 0.4514324 0.5566995
0.4572956 0.982498 0.8973285 0.9068566 0.5087204
0.001431927 0.1308836 0.9528321 0.9406118 0.1961195
0.9535422 0.4624071 0.5767222 0.8958207 0.592411
0.1799915 0.4930242 0.5386798 0.7970099 0.07476036
0.03143518 0.2463069 0.05242013 0.5219647 0.9040887
0.640509 0.8225451 0.8420904 0.559556 0.3704138
0.6775147 0.7723884 0.9622796 0.2405123 0.1924171
0.5979456 0.7451674 0.7245004 0.3118512 0.2076992
0.4503395 0.04388175 0.04790612 0.6540687 0.1529263
0.9538022 0.1556516 0.8984496 0.6181916 0.01639776
0.5329644 0.01895901 0.04280877 0.3017194 0.5517338
0.1803858 0.08887732 0.8351388 0.9721973 0.7402564
0.6846429 0.08063759 0.7596689 0.2382683 0.8996963
0.8529899 0.9529159 0.7162266 0.7232909 0.7698319
0.8312188 0.6062298 0.5748576 0.7125002 0.06361721
0.5728163 0.6629021 0.05542662 0.9391719 0.8155536
0.4122258 0.8244399 0.1249475 0.7754705 0.09581669
0.6822269 0.7038019 0.4352633 0.6021907 0.5186997
0.8096829 0.524508 0.4271717 0.09977458 0.1186868
0.9126923 0.03814016 0.802729 0.3650225 0.7687927
0.6747597 0.7667035 0.6911667 0.1502058 0.5762951
0.2048254 0.2788802 0.06895429 0.3566658 0.04759502
0.6874942 0.7581796 0.8401883 0.2430026 0.568622
0.4832525 0.7903921 0.09963743 0.686013 0.2000865
0.7050404 0.346592 0.4786476 0.3941515 0.08899902
0.02989391 0.7226213 0.6109575 0.6197207 0.4382441
0.1586437 0.698984 0.9881929 0.05917689 0.1985524
0.3842835 0.2188472 0.4181923 0.5482893 0.1765142
0.6932956 0.6208376 0.2236148 0.9384975 0.01920536
0.01546926 0.830243 0.09746614 0.2933557 0.4831922
0.3132009 0.5604072 0.2263555 0.1282691 0.143539
0.4381898 0.2928245 0.8736047 0.4057293 0.07360477
0.9917985 0.891442 0.38445 0.8083604 0.9622228
0.2131794 0.09496298 0.3795293 0.6143354 0.629011
0.7530318 0.1904787 0.321669 0.157088 0.220875
0.375694 0.828668 0.1806967 0.6307217 0.9514688
0.9704738 0.9146178 0.3064106 0.09421203 0
0.2945266 0.8135145 0.3408394 0.3277465 0.2311605
0.7017124 0.5324665 0.4853678 0.2386474 0.5447333
0.5947806 0.8532768 0.8272252 0.7738299 0.8658164
0.08754592 0.5173472 0.4769416 0.710071 0.5889302
0.9222861 0.3546545 0.7880636 0.5571186 0.65964
0.7747884 0.03456332 0.8531888 0.2214519 0.09487806
0.1662104 0.5696731 0.1998684 0.1496987 0.07234104
0.9719471 0.9942235 0.5511225 0.8286772 0.3202996
0.2297341 0.5898832 0.6971878 0.2798143 0.2899314
0.1930439 0.03329047 0.5287467 0.04354572 0.1565604
0.06707372 0.1008651 0.6814973 0.2440792 0.1590093
0.1338241 0.8509294 0.2556252 0.5766987 0.5376328
0.4237171 0.7232282 0.647605 0.9832907 0.7247432
0.3703739 0.04024306 0.9698777 0.9861183 0.1447977
0.6074105 0.03548389 0.1602704 0.889772 0.8952077
0.4771755 0.8362487 0.5816988 0.7762333 0.6894258
0.1508685 0.8790914 0.4362077 0.8456143 0.3673296
0.9545279 0.6208736 0.1707631 0.4870939 0.8783509
0.2563561 0.91857 0.2354144 0.01248244 0.5267894
0.0003274576 0.5025899 0.9687221 0.09277452 0.5468847
0.7820919 0.9441131 0.8000841 0.3853949 0.3983161
0.5525334 0.5177161 0.102374 0.2190934 0.1230112
0.88177 0.04333018 0.7108687 0.5081293 0.08257648
0.4265383 0.4769475 0.5205204 0.6538493 0.1328669
0.7954378 0.7173472 0.3457655 0.189599 0.6945907
0.01567049 0.8203802 0.0758018 0.7009957 0.1662278
0.3331092 0.4529699 0.8034963 0.7878754 0.3098687
0.8720235 0.4018144 0.5489313 0.6581933 0.5479406
0.2349247 0.7912071 0.0834708 0.05338897 0.3047183
0.01106882 0.3669583 0.73538 0.9271016 0.5783778
0.1822936 0.7968191 0.7963213 0.152453 0.7123747
0.7471019 0.2336326 0.5201955 0.8012252 0.945896
0.09656697 0.9977151 0.275304 0.1506177 0.5230641
0.08303309 0.3108068 0.05523487 0.2986762 0.646418
0.2779179 0.4695145 0.8429002 0.9633448 0.9192324
0.4183776 0.2745202 0.06921712 0.06361057 0.6114236
0.7888453 0.5237678 0.7774235 0.082238 0.3070026
0.7891589 0.8841433 0.7434407 0.3867934 0.5872373
0.1426432 0.7510352 0.5687259 0.4133233 0.8887558
