0.9705594 0.9536733 0.04669153 0.07728453 0.3786732
0.9404233 0.872165 0.7892801 0.2658897 0.9506006
0.475845 0.6324975 0.9863285 0.9306826 0.587099
0.8625398 0.1486962 0.4877541 0.355355 0.1320265
0.641619 0.9017277 0.4291025 0.8781648 0.1342923
0.3511623 0.6471237 0.3889606 0.2471864 0.5714243
0.1825183 0.5508952 0.3118606 0.053221 0.2237571
0.5597245 0.4583426 0.4780902 0.725945 0.9021058
0.6573797 0.1994612 0.6134744 0.5232968 0.02432839
0.2696969 0.1594669 0.2280437 0.6954312 0.3291525
0.8394703 0.03418027 0.7455194 0.3620187 0.3086236
0.03563326 0.3089153 0.1443193 0.1030256 0.1613687
0.7661055 0.8732706 0.8700673 0.1906583 0.5431544
0.6718918 0.4011922 0.2583278 0.9066644 0.5247449
0.6162167 0.6476997 0.1773295 0.05372716 0.7393647
0.6619797 0.9316732 0.15225 0.5877811 0.7224366
0.9466899 0.39747 0.02158595 0.5754933 0.5641129
0.04554486 0.544454 0.05280725 0.740492 0.9700564
0.9683419 0.1268153 0.9561406 0.9497696 0.8024767
0.5240398 0.3622671 0.9552657 0.6166075 0.002398827
0.03235925 0.1229299 0.05566089 0.6987972 0.2074436
0.2268279 0.6799073 0.5185542 0.06510096 0.3560822
0.9593415 0.5930543 0.0288914 0.9120744 0.8769439
0.5096492 0.4428179 0.4138412 0.8766686 0.826084
0.7506843 0.9324417 0.325435 0.4328783 0.2156622
0.5868538 0.1217272 0.7167871 0.7718545 0.5304587
0.9594156 0.460396 0.8079625 0.869266 0.1846475
0.3977837 0.03954767 0.4884056 0.7577183 0.7672453
0.08691951 0.6396578 0.01348485 0.4381291 0.05960239
0.8636584 0.6366532 0.1387758 0.4681416 0.2024609
0.6264778 0.366864 0.3676666 0.1217035 0.8044644
0.8564855 0.201589 0.01519918 0.3136002 0.2443537
0.5158658 0.74013 0.9537675 0.433516 0.2257206
0.6200234 0.6825784 0.5701669 0.6028327 0.3493979
0.7541306 0.05048211 0.9833935 0.1832882 0.4237836
0.9281888 0.7329313 0.8274112 0.8591495 0.8076806
0.4462086 0.9132103 0.5179042 0.8377425 0.3817676
0.1436823 0.6613534 0.1663254 0.9224073 0.6722152
0.3485156 0.9822057 0.800487 0.2235609 0.5018529
0.3828952 0.7524056 0.7670505 0.4672754 0.6774965
0.5927432 0.3947452 0.9554007 0.810074 0.891218
0.898071 0.9293473 0.9540084 0.7406026 0.3760071
0.6678767 0.08070261 0.3015941 0.1535885 0.2085353
0.81269 0.07728399 0.5411326 0.09873314 0.3271532
0.6547144 0.8244673 0.8111 0.751467 0.0477973
0.6890052 0.8474124 0.7091094 0.3363531 0.7939986
0.746247 0.4168942 0.7505157 0.7099089 0.4039433
0.2047944 0.3394496 0.594797 0.6178156 0.5744952
0.7614874 0.9100766 0.6118006 0.9046714 0.4484041
0.1382881 0.9645851 0.3069677 0.319653 0.316464
0.009163513 0.5798634 0.4696643 0.03834218 0.7711491
0.3754534 0.1973505 0.02013682 0.4689656 0.2131655
0.4982756 0.9169226 0.874513 0.2692856 0.4926374
0.9190624 0.540205 0.7186118 0.4689403 0.0887394
0.4734845 0.09469167 0.4542782 0.3372688 0.1327452
0.3809918 0.8108857 0.8494787 0.4505553 0.1150269
0.8555136 0.4620494 0.3003095 0.506367 0.2095815
0.3034535 0.3529088 0.1657584 0.943501 0.6099986
0.4134485 0.2061296 0.730787 0.204007 0.536997
0.5349948 0.01611272 0.5792247 0.21054 0.8407187
0.3254477 0.4932078 0.974278 0.8247991 0.879813
0.2497163 0.1051419 0.7217946 0.9037487 0.4075454
0.1065973 0.2561674 0.6329386 0.4130249 0.4130816
0.08111144 0.8165265 0.7694977 0.06236179 0.283677
0.644905 0.9439098 0.1699704 0.4121073 0.05780378
0.9608159 0.7137904 0.8198416 0.5070003 0.2436264
0.674859 0.1442283 0.9261294 0.2870041 0.4893142
0.8271 0.2474535 0.3126882 0.5933058 0.197265
0.9982905 0.5240891 0.3363003 0.8253898 0.7732605
0.5543991 0.005595508 0.8170442 0.1090558 0.06978032
0.3389611 0.4220014 0.466161 0.9255724 0.4899629
0.6462485 0.1839035 0.6850576 0.6110468 0.3533363
0.6588819 0.1149937 0.7311935 0.8310367 0.7751925
0.8519153 0.3769819 0.6647409 0.284788 0.9705641
0.1177218 0.3538015 0.000109113 0.4463337 0.2120647
0.2941016 0.5048058 0.6505146 0.9970294 0.2801957
0.7281799 0.1216971 0.9772686 0.6118319 0.4425844
0.1487422 0.9434968 0.5934351 0.01825114 0.9264795
0.5679137 0.01301265 0.1098723 0.09872229 0.6995814
0.2611291 0.3062508 0.1548508 0.3147315 0.9601626
0.7731948 0.3567405 0.5817927 0.8639624 0.5338767
0.5662319 0.6174525 0.2117404 0.5671949 0.934272
0.8073744 0.01227003 0.6065893 0.5968173 0.9525951
0.2847709 0.8336713 0.8576137 0.4263575 0.6748934
0.9234822 0.2095096 0.2658489 0.9230701 0.2338071
0.3595326 0.1923228 0.872138 0.2078111 0.5749854
0.8493609 0.1896528 0.203233 0.3282149 0.7915688
0.9021737 0.3520334 0.7567708 0.7008184 0.827379
0.383237 0.5556088 0.9900637 0.9161925 0.7371298
0.9111816 0.4203951 0.4451061 0.6294718 0.2156986
0.001781635 0.9495785 0.8949346 0.3069824 0.9764733
0.9584511 0.6973814 0.4838851 0.4826923 0.7820508
0.2999923 0.8888594 0.4138749 0.5925873 0.8519199
0.2411041 0.8136998 0.9205815 0.1368194 0.09958811
0.4528753 0.1125707 0.7411241 0.2238903 0.06369023
0.2946102 0.344143 0.2036975 0.9167825 0.09583719
0.8926328 0.1702324 0.6377545 0.4055219 0.1707126
0.9945218 0.4345674 0.8888675 0.5894819 0.8346803
0.1352315 0.7699535 0.1439262 0.3085434 0.187677
0.9424875 0.8447693 0.5736253 0.3104626 0.7297434
0.1839123 0.7542903 0.05530264 0.3129572 0.2115248
0.7241006 0.178184 0.3615521 0.6812551 0.2917237
0.120551 0.7716721 0.1968933 0.8987436 0.2750487
0.1771264 0.5901429 0.3230999 0.6214352 0.978005
0.5683795 0.3313366 0.7166783 0.9563872 0.5736585
0.03100012 0.3781167 0.2027852 0.7718255 0.7453709
0.160622 0.4743066 0.1517962 0.6239059 0.7706588
0.9872964 0.5251021 0.9879244 0.06151952 0.1972104
0.6474617 0.08649342 0.5147869 0.1626435 0.1647584
0.03257889 0.9984248 0.5485123 0.03229674 0.9115446
0.6410572 0.4570598 0.9016393 0.06454889 0.4107171
0.7617576 0.09099958 0.5563149 0.1627755 0.9876311
0.462694 0.9551634 0.4972151 0.749065 0.1715305
0.9668941 0.2194409 0.002774987 0.6861414 0.9456819
0.6864462 0.2565313 0.688323 0.4494294 0.3519009
0.8164786 0.8727473 0.2151087 0.06318127 0.7365877
0.5392713 0.1936951 0.6162673 0.8398455 0.9975707
0.4434065 0.9559494 0.6133666 0.7164613 0.5434379
0.4737458 0.6412405 0.2845725 0.5870594 0.136009
0.1294719 0.0009707093 0.5139709 0.7520731 0.5971751
0.6694807 0.4537675 0.959146 0.9432964 0.5070536
0.1048196 0.21966 0.3097299 0.438929 0.4438319
0.8747698 0.09881828 0.2811321 0.7257105 0.1687893
0.7115185 0.5928506 0.05231968 0.9336184 0.8859564
0.5331251 0.6751826 0.4660079 0.1445541 0.7215045
0.3073909 0.3407962 0.6400332 0.1595009 0.6380216
0.9810186 0.5479262 0.6634366 0.8314802 0.7999448
0.888637 0.1072391 0.1882394 0.01819889 0.8423264
0.7243215 0.1754748 0.01265296 0.6241792 0.09589464
0.2749645 0.8001981 0.3647844 0.188255 0.7649074
0.6635974 0.07064129 0.5832959 0.271759 0.2931112
0.114703 0.8981535 0.9737288 0.6550296 0.9003001
0.5268425 0.8689382 0.973258 0.5363229 0.7104011
0.2839427 0.0811003 0.6381907 0.2256669 0.530663
0.1184797 0.8812063 0.9957996 0.3010439 0.6268404
0.7616525 0.5387354 0.6284699 0.4854986 0.3786366
0.5511103 0.9669388 0.2903266 0.2769947 0.2961261
0.2035721 0.9180731 0.7781466 0.8883727 0.6732641
0.7062113 0.8951728 0.1267472 0.7571358 0.02499245
0.3099322 0.8068208 0.02832701 0.6245989 0.4116243
0.2109976 0.6730517 0.9599918 0.6016664 0.1737433
0.06201264 0.6279726 0.234409 0.9425675 0.5800238
0.04456936 0.8907297 0.4605796 0.2914085 0.9296881
0.309984 0.981432 0.8370929 0.6002804 0.1880215
0.07168806 0.2091169 0.5888231 0.6951364 0.96881
0.2032793 0.7887034 0.5608395 0.4519768 0.9094922
0.9519301 0.1479525 0.678236 0.0005556534 0.381427
0.9440886 0.7212449 0.8906055 0.6081453 0.7531136
0.4807291 0.03465913 0.8631632 0.7843846 0.2654037
0.8904914 0.7542511 0.2037165 0.5705415 0.5787787
0.1963275 0.9626689 0.1598262 0.2126686 0.09158761
0.2373578 0.3244366 0.6656882 0.6247623 0.8049044
0.3219853 0.6904046 0.343428 0.273627 0.8865827
0.6323566 0.3584279 0.2354062 0.1837078 0.6901902
0.5200431 0.8887475 0.9086369 0.236335 0.6751519
0.2889281 0.6389112 0.8904773 0.3148764 0.215783
0.4803599 0.1395362 0.901808 0.4370132 0.2650767
0.09562252 0.9866557 0.2295661 0.8883204 0.836459
0.1647522 0.1311695 0.1874758 0.2485286 0.7177421
0.01436344 0.5158937 0.5580213 0.8208685 0.1053089
0.3374433 0.05176639 0.07565748 0.5563821 0
0.2393608 0.8666483 0.9245254 0.5126308 0.3675963
0.2548814 0.3380261 0.7359286 0.2362876 0.4185956
0.4908338 0.08778283 0.6461182 0.5790355 0.3187754
0.2446179 0.1969564 0.6995164 0.5556051 0.9806937
0.0559037 0.6924902 0.5224378 0.5119735 0.02363668
0.2322971 0.9122296 0.6082256 0.9076867 0.1097706
0.09584787 0.1610664 0.07354974 0.4935194 0.9040752
0.462321 0.4570624 0.4579891 0.1236863 0.09826732
0.07685004 0.787333 0.6305966 0.7230588 0.8662044
0.2725099 0.9874292 0.8558245 0.5410751 0.2291878
0.4664719 0.5340313 0.3839411 0.7648333 0.7770067
0.8816589 0.002883267 0.8080458 0.5768904 0.2398835
0.8247732 0.649243 0.8333153 0.05170562 0.5960867
0.2286247 0.2949616 0.9168862 0.08359935 0.2227118
0.8389005 0.4898665 0.06513817 0.2788936 0.1267178
0.4356068 0.8311174 0.5187955 0.3180223 0.4253516
0.5791691 0.7057109 0.03604173 0.6064814 0.3445367
0.7299825 0.01350244 0.6553675 0.7488103 0.6788985
0.6635342 0.972188 0.3256066 0.8845407 0.03319878
0.1936853 0.4021399 0.8512176 0.7997317 0.296199
0.4604834 0.8508968 0.05068602 0.5196549 0.6070849
0.52961 0.02419895 0.4148983 0.2824954 0.8580702
0.2497685 0.8485794 0.9904591 0.574508 0.7789065
0.8066049 0.5809104 0.8909833 0.8924671 0.7567324
0.3317575 0.3701059 0.1813801 0.7328402 0.5653594
0.7584573 0.8169072 0.2292934 0.5148321 0.170271
0.07996206 0.5891136 0.8608269 0.4349843 0.9014319
0.101419 0.2003038 0.2343246 0.4888957 0.4114943
0.7038993 0.3745487 0.1946383 0.5897787 0.8303515
0.3773955 0.9501374 0.07858285 0.7597196 0.0276605
0.7850772 0.53934 0.6623292 0.4044227 0.6727735
0.4245614 0.5877163 0.1205224 0.8982621 0.4291265
0.6166264 0.1919178 0.6195713 0.7761749 0.5461277
0.4146872 0.9930244 0.3982448 0.229192 0.1258384
0.6097463 0.7149193 0.3098946 0.4252549 0.03819715
0.8758623 0.5287911 0.5016011 0.157044 0.4886006
0.004032078 0.4587493 0.3687135 0.9143576 0.537307
0.0775985 0.9147812 0.4382671 0.08700462 0.7838196
0.03546788 0.8800678 0.187718 0.03227317 0.6794214
0.1998328 0.7206443 0.2388681 0.241765 0.4663466
0.8105973 0.6780557 0.1180786 0.4078395 0.2859284
0.4198652 0.7169307 0.571357 0.966893 0.2676642
0.3850516 0.5126071 0.15602 0.4960102 0.7019735
0.5481839 0.29092 0.1950366 0.917695 0.6052369
0.3380845 0.7053875 0.09202676 0.9430681 0.9052637
0.9009632 0.8533474 0.1999526 0.9386139 0.5943618
0.2502536 0.5909711 0.5945007 0.9568314 0.07662707
0.9915226 0.0710787 0.9598753 0.2270496 0.7767677
0.576905 0.5524206 0.4938457 0.8339395 0.5658842
0.6665861 0.6237921 0.2878646 0.3900676 0.03011551
0.6721272 0.2605349 0.4907831 0.3596208 0.7692496
0.8794639 0.1061501 0.6115758 0.3123356 0.4065305
0.7483097 0.6839081 0.3627929 0.771881 0.7145886
0.1612062 0.03614186 0.6912312 0.5480434 0.5399929
0.5963885 0.4413635 0.3459949 0.7992019 0.4189378
0.1192678 0.3170974 0.2050962 0.507009 0.5702577
0.5490274 0.7840494 0.3459348 0.5178645 0.6309801
0.5667512 0.9791895 0.2788146 0.1162008 0.9439565
0.4330953 0.2670864 0.1847146 0.5040428 0.463733
0.8554199 0.03235954 0.03518499 0.3000672 0.9668922
0.4929772 0.2565134 0.09418581 0.9723155 0.4566259
0.6867433 0.6757569 0.5310527 0.8912974 0.4329951
0.8477831 0.04348066 0.7629975 0.8802507 0.201612
0.2002362 0.3747581 0.1812368 0.4861664 0.9783326
0.3353702 0.7296558 0.3098506 0.02775481 0.3388935
0.2490474 0.4049924 0.2960995 0.7717261 0.4865067
0.8950699 0.1292107 0.4199842 0.8746456 0.596407
0.4429962 0.2620883 0.4128587 0.1901329 0.4355091
0.3826538 0.621174 1 0.3655188 0.90379
0.5041883 0.1178698 0.9133809 0.8971 0.558511
0.9331563 0.858716 0.3620722 0.1028608 0.1967457
0.6267917 0.3773879 0.4369668 0.3923411 0.9374093
0.0387422 0.8618595 0.8655426 0.7651688 0.0334243
0.1124538 0.6821039 0.478981 0.3403244 0.7509767
0.5983199 0.8451542 0.6402911 0.8738085 0.47092
0.7214399 0.8526778 0.8656505 0.2929569 0.3277418
0.5445262 0.3571002 0.08081898 0.4651214 0.9059515
0.8288917 0.6548054 0.3592044 0.5184674 0.3586541
0.9234036 0.7933665 0.2981237 0.8863831 0.1522225
0.2243423 0.9402769 0.2323675 0.4021147 0.8088516
0.586212 0.9914119 0.2105627 0.1777456 0.7349251
0.6948876 0.8337443 0.8426372 0.03334684 0.2161856
0.8999983 0.5557539 0.6632212 0.1808303 0.6210487
0.5421706 0.6564524 0.9070654 0.4517808 0.9827952
0.9317504 0.2168654 0.6032218 0.6357874 0.2821899
0.6246147 0.6055639 0.2420681 0.5149367 0.9107236
0.60565 0.1370141 0.883271 0.1445952 0.4690876
0.9841967 0.3455669 0.4606565 0.0361377 0.77272
0.007232962 0.8949035 0.2581201 0.8220503 0.7060249
