0.8589526 0.7269197 0.6046254 0.144433 0.5794215
0.2602115 0.8675445 0.3744407 0.03186399 0.9627957
0.9742508 0.9895094 0.4544071 0.2289543 0.5310811
0.9704491 0.6985016 0.9278846 0.8552419 0.4761497
0.004517341 0.3134511 0.806108 0.8448379 0.1830469
0.8993406 0.1917785 0.3631367 0.9892778 0.8798298
0.8055855 0.5373778 0.0547388 0.5454913 0.4051966
0.6554781 0.3753437 0.5008371 0.9150595 0.6434993
0.2216674 0.01918594 0.8567268 0.3260988 0.457948
0.9574686 0.843105 0.9589015 0.5838527 0.3720063
0.3622447 0.9970537 0.6605296 0.5715317 0.3690738
0.9001755 0.7706133 0.3262424 0.2912779 0.6750208
0.1350087 0.6440355 0.1990444 0.7853608 0.6439369
0.377324 0.2078503 0.07085341 0.0730828 0.6198092
0.8536838 0.3281546 0.04053868 0.7132539 0.5009097
0.1225572 0.4128738 0.3027611 0.8488082 0.8467386
0.5332693 0.0160768 0.7597895 0.3468056 0.8797799
0.8912092 0.3711392 0.8708576 0.8742921 0.3132387
0.5037919 0.5213133 0.4491253 0.3478088 0.1536127
0.7577378 0.3362144 0.2021615 0.6048325 0.2309132
0.4538074 0.6145791 0.3574299 0.80879 0.2194753
0.03642965 0.7321194 0.7832332 0.9769161 0.3550643
0.4922461 0.188916 0.04388155 0.9494769 0.8554744
0.4925145 0.0826948 0.7641443 0.7646537 0.03717158
0.04339739 0.2185947 0.6747114 0.6647181 0.2219996
0.1752207 0.3724154 0.2112672 0.8394384 0.269501
0.612201 0.7335085 0.9567175 0.4316722 0.7944728
0.3763412 0.6647127 0.6284509 0.4467481 0.1366496
0.9331362 0.482705 0.9480667 0.8018493 0.8099344
0.05917868 0.1939575 0.8506422 0.07566371 0.2382007
0.9931346 0.4230622 0.09175484 0.9141602 0.5096973
0.9029671 0.9220012 0.4290986 0.6790548 0.1136254
0.3218429 0.5929453 0.8868153 0.8459165 0.6798799
0.2013301 0.3495034 0.2280801 0.7798015 0.811794
0.8456293 0.2744007 0.6533648 0.1745587 0.9518323
0.846491 0.5725739 0.08682814 0.9091554 0.6201557
0.6533788 0.6392413 0.3977782 0.8525134 0.9513691
0.4781577 0.7973793 0.3252272 0.6163283 0.530675
0.2707162 0.9725227 0.4779426 0.3750409 0.7357439
0.5354789 0.2692638 0.4285653 0.9259041 0.2797687
0.3500618 0.7902621 0.2931304 0.3228226 0.2450998
0.9039266 0.4108832 0.8353625 0.098307 0.01696324
0.05653872 0.2706641 0.03215633 0.2612002 0.3552131
0.1267789 0.6303787 0.3693946 0.1959081 0.008349939
0.842191 0.9263125 0.1658377 0.8617279 0.2090325
0.3616245 0.8645283 0.1459129 0.1714047 0.4410112
0.5059667 0.9092967 0.5312413 0.3169027 0.07964384
0.1981914 0.7282606 0.9889248 0.8579589 0.4099215
0.8125183 0.2104301 0.3832911 0.4270366 0.6708691
0.1130966 0.7411832 0.3482101 0.5243015 0.5703785
0.02276472 0.4702708 0.9636382 0.4427839 0.7247777
0.8884173 0.1544591 0.3639494 0.2773665 0.7368692
0.9060381 0.4086055 0.1448516 0.5525448 0.9921604
0.8742249 0.7477997 0.02416981 0.7910105 0.5909813
0.0314365 0.4371301 0.1054125 0.9437543 0.5010806
0.4868883 0.8872453 0.5535766 0.7165814 0.1184886
0.6143093 0.2912011 0.9142016 0.9832371 0.3472835
0.02343502 0.2774115 0.8483067 0.658057 0.5117355
0.09245327 0.7238599 0.7779385 0.8874616 0.959105
0.2462433 0.6252529 0.9777339 0.8972737 0.2846199
0.5612485 0.05359477 0.2694579 0.3208553 0.7837194
0.3570341 0.6350842 0.028322 0.2503272 0.1720808
0.4237759 0.9323966 0.3770439 0.4215594 0.9839647
0.6695315 0.0786239 0.7585042 0.8443349 0.5765654
0.9128206 0.9002402 0 0.5402615 0.9982965
0.297703 0.2666694 0.8848516 0.4333363 0.8633772
0.5402227 0.4520243 0.4126806 0.2399379 0.2689591
0.2003536 0.819038 0.8429397 0.3704865 0.07020456
0.6999744 0.041752 0.6898781 0.6981344 0.8363314
0.8783687 0.7910068 0.9428329 0.1341181 0.02031881
0.9850325 0.3595272 0.2315136 0.7772528 0.841878
0.06319733 0.6595145 0.8734269 0.06095924 0.2387226
0.778347 0.6894947 0.3231469 0.155856 0.3175877
0.9900865 0.8476028 0.02671045 0.1375671 0.2596867
0.6730299 0.8526248 0.2874536 0.9256925 0.1224116
0.7823474 0.2937797 0.1685848 0.401331 0.7604538
0.4301389 0.616511 0.4546476 0.4926931 0.155654
0.6623738 0.2580992 0.5677153 0.06795958 0.07564416
0.0469763 0.8976977 0.07044885 0.7382523 0.392191
0.8988539 0.4374677 0.2453658 0.05923001 0.7058429
0.6308289 0.6789476 0.6094496 0.209828 0.6231003
0.7766784 0.4649683 0.816631 0.2196464 0.6551627
0.8857909 0.9346497 0.0721092 0.2951985 0.5021226
0.8333572 0.8266398 0.2241699 0.927082 0.9963768
0.8839346 0.5775396 0.4179351 0.01532634 0.2205666
0.1829311 0.5893186 0.6152966 0.895537 0.5495151
0.09934095 0.5301761 0.8575564 0.9174243 0.09684304
0.4362346 0.6754027 0.031692 0.5481547 0.8543301
0.1882174 0.8540526 0.4043907 0.2447606 0.2037395
0.653855 0.7920604 0.2764044 0.6887123 0.4260251
0.8755008 0.7785919 0.2850417 0.9655237 0.3287759
0.8732469 0.1341779 0.01258232 0.8513989 0.07884858
0.9861824 0.1526443 0.9009243 0.4008385 0.7258214
0.1826525 0.4666198 0.1023917 0.01502079 0.6294192
0.01288118 0.6028484 0.9284478 0.3226929 0.6515602
0.8708367 0.9174625 0.4989603 0.1522858 0.6723236
0.5287998 0.3100803 0.8134525 0.3432993 0.6445897
0.0423121 0.6918167 0.6895094 0.4772209 0.668213
0.126608 0.8407097 0.8941971 0.3723167 0.2274063
0.945746 0.6704355 0.1350636 0.1237857 0.4473402
0.1149857 0.2095237 0.3083578 0.4801489 0.5223749
0.06143266 0.9051926 0.378414 0.006663818 0.1554012
0.7339041 0.1306165 0.3723093 0.242826 0.1422871
0.4066282 0.3344725 0.2289169 0.5298778 0.5826317
0.9558809 0.6110427 0.3479098 0.3837483 0.3268037
0.964797 0.8066876 0.3318496 0.2362734 0.6829427
0.7501348 0.1341744 0.3681432 0.3942606 0.06236896
0.7457466 0.8863063 0.3821062 0.09349242 0.9777101
0.9922346 0.6435526 0.5164858 0.2772382 0.3318809
0.2095769 0.6530774 0.1636873 0.9257903 0.2721261
0.5589815 0.3159502 0.9118088 0.113053 0.9559259
0.20504 0.16301 0.3528077 0.3790351 0.6565123
0.4624717 0.4931408 1 0.3283498 0.2566303
0.6334273 0.1287617 0.8428039 0.8108278 0.8506532
0.6999715 0.2518997 0.04878924 0.03591183 0.2889412
0.5557595 0.1174574 0.3223177 0.940114 0.1894867
0.02391219 0.6083329 0.1910935 0.5253852 0.3234483
0.7805092 0.3899525 0.09748728 0.03998045 0.1204358
0.4681134 0.8585067 0.2549676 0.03443909 0.2596058
0.7992384 0.6516296 0.4990548 0.7367014 0.8389697
0.7366944 0.7045059 0.7414707 0.8270706 0.4014709
0.8828311 0.6924968 0.2431735 0.8329923 0.9841589
0.9866307 0.9159632 0.3474683 0.3961817 0.8140524
0.3358338 0.7071107 0.4411855 0.7652205 0.5879663
0.3088524 0.8043199 0.1240893 0.971408 0.1981116
0.5212281 0.7279644 0.5355648 0.6527623 0.2537282
0.2794263 0.4248208 0.3076962 0.8851128 0.5689032
0.9196627 0.6213742 0.6693045 0.6273297 0.1725552
0.8984829 0.09760952 0.8808761 0.8021245 0.4272843
0.04293123 0.8270232 0.3873332 0.7937453 0.4633025
0.5146182 0.7206283 0.115559 0.2758781 0.7388868
0.9864652 0.09879995 0.1374153 0.3686788 0.9520621
0.7808445 0.1100309 0.1153753 0.5547628 0.3686709
0.7364571 0.1821266 0.1288904 0.5592085 0.9521176
0.9301696 0.5928718 0.06380219 0.5800422 0.3498269
0.9628633 0.8946722 0.5581739 0.637302 0.04888259
0.05518289 0.4904588 0.09531314 0.9203691 0.785924
0.3456789 0.1749896 0.7704232 0.9778802 0.5643296
0.7124826 0.2657555 0.2993477 0.3765923 0.7334141
0.0103704 0.4343001 0.2022201 0.08326823 0.3053325
0.2748826 0.06074667 0.01756297 0.08961525 0.2143022
0.1127066 0.04522316 0.7181116 0.7932674 0.5040154
0.4268882 0.005043611 0.8913556 0.09828421 0.08030515
0.7013844 0.9103725 0.5619994 0.604548 0.7984982
0.528607 0.06038869 0.4053237 0.5596235 0.6844547
0.6452652 0.4664425 0.766452 0.2786072 0.3843065
0.9477389 0.5512931 0.9641108 0.11536 0.6479223
0.08392415 0.1632729 0.9621258 0.8348388 0.7945375
0.7410297 0.6603926 0.5384734 0.05619587 0.007908584
0.8235468 0.380257 0.4621704 0.2035395 0.3068537
0.7773347 0.8741249 0.397622 0.5530931 0.9777892
0.09884091 0.4262413 0.4558883 0.6547573 0.2222238
0.5152489 0.2665903 0.2600557 0.1444937 0.07472393
0.7787679 0.7098032 0.9623544 0.9380611 0.8920418
0.3297965 0.275973 0.5097222 0.8040093 0.8496698
0.3344706 0.2002178 0.5300112 0.7415605 0.52696
0.6864679 0.8181084 0.4018948 0.7248477 0.987309
0.4347263 0.2471245 0.9185367 0.6203735 0.7904612
0.8244017 0.1780496 0.6789052 0.7387547 0.1588207
0.7388965 0.06533754 0.9335747 0.5071713 0.9426104
0.1829201 0.1979482 0.8696683 0.03325156 0.8675493
0.4159759 0.0721369 0.09514763 0.3241097 0.6247433
0.5190621 0.8704172 0.8784104 0.4211055 0.7580225
0.8376556 0.8417449 0.9848817 0.7462353 0.1972051
0.6037379 0.6430923 0.03459205 0.4317212 0.1857242
0.2324768 0.2834121 0.7552623 0.605203 0.9326121
0.9625534 0.5866812 0.9984025 0.8265262 0.6563812
0.4069979 0.3095864 0.6325226 0.8121034 0.009511801
0.2908818 0.1322185 0.03611487 0.2277436 0.08738061
0.8137029 0.4565346 0.9341278 0.08229314 0.7075394
0.2003823 0.7181726 0.5487052 0.6795318 0.4381752
0.4072614 0.9729818 0.9539495 0.02827077 0.589327
0.3799024 0.00725234 0.8471519 0.132135 0.5230965
0.8560537 0.01628974 0.6036894 0.9770323 0.405755
0.4609586 0.2822782 0.9599427 0.4665955 0.02205477
0.182826 0.4576388 0.4002585 0.001129556 0.2808944
0.3175752 0.9982874 0.3589259 0.4013386 0.4353998
0.2443984 0.311599 0.1777772 0.9492008 0.7506433
0.5287922 0.1251311 0.4702412 0.622402 0.5762123
0.3142326 0.9106799 0.008148392 0.787258 0.2864047
0.2249828 0.8039315 0.3996749 0.5592692 0.8983459
0.2070612 0.707303 0.8898038 0.2986474 0.6221908
0.2207269 0.9260243 0.2236748 0.9247569 0.5290031
0.8974012 0.724031 0.6575126 0.6435353 0.3368264
0.6579792 0.8641073 0.3480755 0.5311043 0.06043514
0.4256986 0.05163089 0.3074986 0.6688507 0.8468688
0.159858 0.3500287 0.09907039 0.9321988 0.7963836
0.2069662 0.9489706 0.2997582 0.4473738 0.4371879
0.3785063 0.6672841 0.8241402 0.9168626 0.06294349
0.8145574 0.04219185 0.4705734 0.4847112 0.2363318
0.8407067 0.4334255 0.208831 0.4270281 0.1392398
0.05537523 0.8210846 0.2921235 0.7277131 0.4451193
0.2822667 0.2660696 0.1625697 0.5623217 0.9015756
0.03191004 0.5408799 0.3520168 0.184155 0.752925
0.9522838 0.9515605 0.6302899 0.8955942 0.693999
0.8361992 0.4728855 0.06166173 0.769924 0.8035552
0.6644819 0.7139726 0.8971665 0.7013265 0.9058556
0.3851133 0.01344113 0.3127774 0.584263 0.6360159
0.7684618 0.6783231 0.01002057 0.6259111 0.3405193
0.7999887 0.4572555 0.580878 0.3943358 0.7376543
0.7605588 0.3896334 0.2353165 0.0860431 0.2705916
0.1367972 0.9213859 0.1505595 0.3673608 0.0159465
0.5972208 0.8111105 0.8392342 0.104405 0.1982348
0.578024 0.9470421 0.3273727 0.4605645 0.8228248
0.8989447 0.8076525 0.3135915 0.957509 0.6877628
0.4421649 0.1444262 0.1662843 0.4121399 0.9658938
0.3773902 0.3627768 0.2239679 0.6072831 0.4961076
0.5005076 0.1278999 0.1092864 0.1204476 0.8016039
0.006552752 0.2389896 0.9944367 0.202158 0.3922887
0.7410936 0.5146972 0.001514151 0.1152076 0.5677698
0.8805441 0.4808781 0.2546082 0.4128078 0.7417197
0.2988111 0.08420106 0.2879904 0.0499568 0.8878333
0.04784519 0.7943332 0.8757928 0.9929014 0.7585726
0.3122145 0.4172123 0.6904472 0.05753413 0.898268
0.9582102 0.4805574 0.9297931 0.2295883 0.9906104
0.9833209 0.8018287 0.7442028 0.3791643 0.6178891
0.04104293 0.2878738 0.5399429 0.8015439 0.4423159
0.3253443 0.5161652 0.5268948 0.8971124 0.9156482
0.1259877 0.3234039 0.5098318 0.8628005 0.07323947
0.5966676 0.3543708 0.9853433 0.306541 0.4727944
0.2211203 0.2109723 0.182025 0.4491001 0.8585001
0.8913198 0.5445953 0.9005274 0.6363138 0.7702752
0.3397828 0.3625122 0.5414769 0.1855847 0.3601704
0.1107322 0.6936223 0.1078609 0.4666271 0.8260794
0.225088 0.9613184 0.5804313 0.9738075 0.1154307
0.5917467 0.02181408 0.4582238 0.4342114 0.4993253
0.6051678 0.3941107 0.8742841 0.3217681 0.1693373
0.7514314 0.5594762 0.4290453 0.8080712 0.3123901
0.5703326 0.6645482 0.09721045 0.1005651 0.5638331
0.2258908 0.394993 0.2341536 0.1169254 0.4710319
0.3606869 0.7446276 0.3889841 0.4041829 0.05696577
0.4804292 0.1575336 0.4842524 0.1708594 0.6207868
0.2050578 0.9728318 0.8074613 0.8923532 0.2672882
0.8760121 0.2863181 0.8508306 0.9675047 0.4134837
0.6177373 0.4481935 0.4168695 0.06478817 0.7770882
0.9592119 0.2808821 0.7495355 0.6086341 0.3417671
0.2797218 0.4063594 0.5543221 0.5552275 0.3005342
0.6231281 0.2122829 0.9298061 0.9093554 0.2210813
0.6338531 0.6280235 0.2805663 0.07580509 0.4489929
0.01255772 0.4258986 0.4959593 0.9202177 0.5148645
0.002793643 0.3746684 0.2968678 0.4583851 0.2081969
0.03833402 0.3309912 0.468109 0.09827904 0.6961218
0.4590289 0.03021209 0.7511428 0.09052772 0.2392323
0.2672867 0.5348092 0.195892 0.1740631 0.9346327
0.4747499 0.9059898 0.4455292 0.4618073 0.4840049
0.6412303 0.8537588 0.8776738 0.5594786 0.7871492
0.9705783 0.9013608 0.9947416 0.6102414 0.1028482
0.5731806 0.2259102 0.2862316 0.2182642 0.8667994
0.5925347 0.192571 0.5430675 0.3546258 0.9317018
0.6748528 0.6803257 0.4686177 0.0498595 0.1133354
