0.6963861 0.316703 0.3486052 0.2273547 0.2845328
0.6526256 0.242829 0.8619097 0.01717355 0.5979609
0.9781311 0.07708063 0.977546 0.5923322 0.379993
0.2526439 0.7003515 0.3550477 0.2956652 0.8856788
0.5492631 0.6278897 0.1284588 0.9673176 0.7773394
0.901914 0.5812232 0.9103215 0.02184389 0.06581411
0.2800298 0.2277012 0.2481104 0.4783262 0.8911787
0.9788024 0.1184047 0.06153055 0.620207 0.1599596
0.3101072 0.5422154 0.6133839 0.497666 0.6474953
0.00278105 0.2547373 0.2802908 0.5661154 0.5342683
0.4612382 0.985404 0.611904 0.7708686 0.7754333
0.4589633 0.304976 0.9404826 0.2357941 0.2551432
0.5770105 0.7717125 0.2495354 0.5952396 0.2690517
0.1533147 0.6475373 0.4631651 0.6789484 0.684135
0.8849803 0.831657 0.7423444 0.03394235 0.1073406
0.6286077 0.8778922 0.2145862 0.9455701 0.08671228
0.8943478 0.2811077 0.023759 0.9692694 0.9278174
0.5043927 0.4844007 0.5552019 0.991296 0.7394292
0.89936 0.3791878 0.1482218 0.2056019 0.1874637
0.3104437 0.5932085 0.08146721 0.6118294 0.9009384
0.7662685 0.1888588 0.9051996 0.05266892 0.1599241
0.07709287 0.7228505 0.7388159 0.04597773 0.5962432
0.9596008 0.8527811 0.540549 0.9434532 0.729963
0.4187059 0.03172164 0.6315782 0.2785425 0.6599868
0.6928104 0.6682729 0.05659177 0.9885848 0.4755211
0.1566653 0.9263114 0.06628475 0.4198297 0.4287898
0.03970581 0.3689035 0.3804535 0.8311218 0.8569321
0.2245356 0.6438393 0.4961565 0.6118886 0.4475909
0.6194971 0.07278135 0.8690278 0.03274403 0.3500286
0.8352102 0.880883 0.5287038 0.7794963 0.9646812
0.6157768 0.2097795 0.3079168 0.2244904 0.5718723
0.9583045 0.7363593 0.1671756 0.1296067 0.3115523
0.5055055 0.7648535 0.7012611 0.7876886 0.8960746
0.1582626 0.3645704 0.6733414 0.3569985 0.8487304
0.03824885 0.3373885 0.3057392 0.04310329 0.3028143
0.2073703 0.9617947 0.9914277 0.7608384 0.06487485
0.2389863 0.8777052 0.9397748 0.6910033 0.8162892
0.3685854 0.2286364 0.7571691 0.04966791 0.7488284
0.4057876 0.3227171 0.9253477 0.07892041 0.7488208
0.1737569 0.4134209 0.2683992 0.95263 0.678255
0.5318552 0.1334555 0.1773925 0.8072925 0.2208169
0.03327363 0.9551077 0.6870045 0.9335057 0.3263694
0.85224 0.7051141 0.1773826 0.9158209 0.1474706
0.8824679 0.8043576 0.519693 0.7112562 0.2259745
0.1197246 0.06674444 0.030898 0.3175131 0.6740918
0.4494071 0.2592396 0.1758751 0.5229474 0.9434819
0.2622137 0.9845599 0.1724487 0.2398768 0.3009942
0.4658241 0.6517601 0.3146095 0.1017435 0.8149755
0.534054 0.907422 0.8729132 0.3794451 0.2281087
0.8067307 0.5248252 0.2866328 0.76355 0.143792
0.2961066 0.4852022 0.3399678 0.8594608 0.5164827
0.3271458 0.3927399 0.5829011 0.2236846 0.3313332
0.6813169 0.9478078 0.4422543 0.2486575 0.2975016
0.4581718 0.4391751 0.5118391 0.987164 0.7136151
0.06920507 0.9566069 0.6976662 0.4883938 0.1067718
0.8196847 0.09685135 0.9932647 0.1191852 0.5029963
0.8700214 0.5971002 0.2934178 0.9536046 0.1478827
0.509654 0.2234155 0.07559208 0.1310103 0.8659427
0.9307509 0.1708645 0.5759839 0.2521671 0.8773901
0.1427504 0.7064169 0.5166081 0.4830619 0.7266035
0.5855246 0.8556109 0.1810563 0.1780598 0.707948
0.2100597 0.3287736 0.4844134 0.02974361 0.9795237
0.1898397 0.9544322 0.7587462 0.3385124 0.3377203
0.05878665 0.2154433 0.2542161 0.9913265 0.2547245
0.8329246 0.4860337 0.507711 0.2581155 0.3547081
0.06648932 0.02858772 0.7695487 0.2601446 0.2286822
0.7146295 0.7919061 0.6533351 0.4182426 0.2604228
0.911528 0.7949313 0.2773653 0.1839359 0.4160504
0.6272427 0.5690914 0.03554238 0.4278571 0.3968288
0.01252153 0.2290142 0.5042239 0.4622287 0.5427093
0.2839744 0.6847829 0.7172499 0.6052977 0.5755846
0.9586329 0.3550451 0.3611215 0.2620627 0.6581335
0.0251239 0.07949471 0.2395833 0.4939228 0.6619121
0.3369494 0.7013259 0.4350963 0.8240537 0.03201359
0.7760543 0.6685954 0.9116303 0.9692247 0.1446773
0.785173 0.6519121 0.2899746 0.7824348 0.8797456
0.4952748 0.8057095 0.2562812 0.1811198 0.191931
0.6982097 0.8227946 0.2597925 0.4679369 0.9040074
0.9781249 0.7749056 0.3443871 0.5242594 0.9461212
0.970022 0.1769331 0.3267163 0.3675122 0.746304
0.721234 0.9124663 0.5531548 0.7751864 0.261213
0.9304035 0.0006408958 0.9384807 0.6722107 0.6348714
0.3928562 0.3319993 0.6188444 0.4994015 0.9172483
0.2677999 0.2495158 0.5793978 0.2842903 0.9526599
0.6299682 0.927209 0.2333535 0.4198474 0.8186238
0.3980916 0.2673027 0.573043 0.3547416 0.7012674
0.5657051 0.3464882 0.1436476 0.5422818 0.07521606
0.1895427 0.9792527 0.75043 0.99912 0.05256476
0.3927062 0.1673286 0.5258287 0.8435884 0.9660455
0.4381474 0.2492273 0.5484969 0.4186564 0.2639297
0.1505568 0.4030804 0.6037589 0.06613371 0.239552
0.02128108 0.6016885 0.08085285 0.07819072 0.01957708
0.2678179 0.9449557 0.01288218 0.7197474 0.4773311
0.01110417 0.2628867 0.07140489 0.6367109 0.6184499
0.4241693 0.6336457 0.2470154 0.646249 0.5747393
0.1742798 0.3419409 0.7465216 0.05814455 0.002774868
0.3252714 0.7946374 0.9357683 0.08004168 0.2531313
0.6016794 0.1829511 0.05061948 0.5289261 0.1088707
0.6890163 0.5394002 0.9934104 0.205533 0.03387152
0.2349031 0.8685867 0.3377668 0.1979071 0.3832307
0.4062305 0.4085803 0.9722131 0.1173802 0.1190967
0.5853544 0.8005859 0.02793173 0.5340663 0.8316662
0.3625353 0.5730498 0.9231146 0.2634555 0.4874866
0.1266854 0.549114 0.05440682 0.497868 0.615274
0.002454146 0.6734607 0.1700768 0.3249506 0.3915822
0.8937003 0.2051729 0.518215 0.3133178 0.6452093
0.5486523 0.2014833 0.133806 0.9677262 0.2015803
0.555648 0.7644696 0.9676854 0.147493 0.02133707
0.450158 0.740918 0.6591203 0.4295698 0.2004419
0.4508645 0.4764894 0.3492555 0.8211195 0.8262589
0.001410732 0.1009703 0.1579289 0.6254356 0.6832787
0.1469329 0.3187791 0.5445016 0.572849 0.768296
0.9410866 0.5866529 0.7939622 0.2707236 0.2764067
0.2424629 0.7018152 0.6557568 0.07858277 0.9560484
0.5484919 0.375813 0.7177956 0.2790803 0.4610601
0.4044658 0.006703775 0.7235697 0.04317336 0.4488455
0.4629737 0.02652201 0.9220835 0.7236941 0.3376299
0.8265608 0.1487564 0.777719 0.5172952 0.0312862
0.008475171 0.3314331 0.4056931 0.01855132 0.4987389
0.9512429 0.1086625 0.8863987 0.1756909 0.7387416
0.6607494 0.8756078 0.07658788 0.01104941 0.8481449
0.9986634 0.6641556 0.735446 0.01830068 0.7759986
0.2327658 0.9553153 0.1465821 0.3932972 0.8078579
0.1014576 0.2026936 0.4423894 0.5325825 0.1846044
0.6602711 0.9131113 0.3106045 0.02833575 0.5461643
0.3223277 0.8439655 0.2965966 0.494236 0.8428328
0.8332892 0.3536153 0.4623107 0.9081974 0.8822692
0.5285393 0.7697023 0.7212974 0.5222934 0.06636893
0.9010408 0.5273186 0.5423103 0.05964242 0.2539145
0.5446592 0.01574768 0.3012617 0.7290293 0.2602229
0.7967591 0.2190471 0.78193 0.8477718 0.3908771
0.4724838 0.8024852 0.611431 0.2556088 0.5164509
0.1105901 0.6497485 0.2616786 0.7664413 0.4940297
0.9454229 0.008528479 0.4464546 0.7832245 0.9802709
0.925052 0.6819092 0.7801771 0.7994577 0.559392
0.3172258 0.7755761 0.865369 0.2057947 0.0679995
0.03023546 0.8596392 0.4888945 0.0124591 0.835162
0.3780171 0.6350687 0.7182436 0.4533828 0.2499547
0.05847114 0.9748459 0.4552914 0.07969787 0.9342958
0.4846575 0.19847 0.6989172 0.3547776 0.09538601
0.4529181 0.2270401 0.1596186 0.6384538 0.4846599
0.0357145 0.6437259 0.1577602 0.3881331 0.6567213
0.8252164 0.06636371 0.3576395 0.6056416 0.2489611
0.5293899 0.005551581 0.6935315 0.8459122 0.9403445
0.7790691 0.6298857 0.9737404 0.02916111 0.4649488
0.06014043 0.1812018 0.858152 0.58342 0.8466394
0.7200903 0.1959003 0.7788441 0.4027495 0.4023602
0.7097602 0.3218271 0.5922375 0.6905152 0.6613161
0.8712358 0.733091 0.5172405 0.02273125 0.9766328
0.1092651 0.6352933 0.2318373 0.2182371 0.9314673
0.346001 0.498467 0.4054052 0.2757363 0.5307933
0.667569 0.2381628 0.9558657 0.04806988 0.7643414
0.7830697 0.2106219 0.9665858 0.1407728 0.8366935
0.8052354 0.8408259 0.9918614 0.3066764 0.9043142
0.6123764 0.5594046 0.1639454 0.3413462 0.1111734
0.3294313 0.5647505 0.1884426 0.4757576 0.4987867
0.203984 0.3316715 0.8875718 0.9739476 0.06498333
0.249465 0.8429001 0.06861597 0.8489912 0.07825559
0.2068576 0.02035827 0.709258 0.3932067 0.8669021
0.5606722 0.7336931 0.7661117 0.7104717 0.4606784
0.8636561 0.6382712 0.3153404 0.4325935 0.4964004
0.4324324 0.8120925 0.576359 0.2100558 0.1498194
0.2072674 0.3055709 0.5094861 0.771392 0.5422572
0.2651087 0.4934231 0.7772848 0.6612153 0.4402925
0.2709651 0.2058807 0.6156482 0.4917236 0.1321587
0.7690469 0.2224268 0.624141 0.114066 0.7890168
0.8728025 0.1313321 0.4966997 0.4732763 0.4422895
0.4270879 0.1779073 0.03444232 0.4650848 0.214397
0.4124921 0.25853 0.2145953 0.5875001 0.005255549
0.357026 0.8889189 0.6636926 0.8679977 0.5440675
0.7981013 0.213522 0.5886447 0.8706617 0.2408159
0.8408406 0.7547583 0.8094887 0.6607822 0.3673019
0.3351553 0.8014691 0.3480212 0.01145645 0.8533237
0.6278288 0.3798941 0.620485 0.2725914 0.3327452
0.6448605 0.4590133 0.03624703 0.9718269 0.07209404
0.9205885 0.7092531 0.7346893 0.4338676 0.8230622
0.1812822 0.7586146 0.1074678 0.9547687 0.462375
0.1908735 0.9484027 0.1076107 0.6273493 0.1445228
0.4410721 0.8351879 0.7511768 0.9314469 0.9659221
0.4417878 0.5023682 0.38358 0.4882736 0.7544032
0.2876334 0.9064467 0.2299163 0.1129368 0.3286318
0.1293516 0.5353958 0.4913589 0.1549813 0.9151345
0.673767 0.3927808 0.7505988 0.7005343 0.1364245
0.567294 0.1221414 0.808859 0.2068163 0.7150603
0.1066446 0.5772023 0.4061563 0.3186103 0.5071174
0.263667 0.2699887 0.5406971 0.7645822 0.161708
0.04797796 0.1003531 0.2873263 0.4256217 0.7516393
0.8081106 0.7835489 0.2703842 0.6896015 0.9877395
0.9234449 0.9889467 0.4072032 0.7546772 0.9973368
0.3429511 0.634799 0.3333682 0.001537621 0.447849
0.7215189 0.4533976 0.9207631 0.315764 0.5283532
0.8936051 0.2418142 0.4995375 0.7522463 0.1677538
0.3251814 0.2487815 0.9476447 0.8717932 0.8568915
0.5442269 0.2905917 0.3661196 0.3579116 0.07055036
0.3972737 0.5449724 0.3311104 0.558063 0.6605898
0.4179808 0.932573 0.08881846 0.9242933 0.06716841
0.7245099 0.6981637 0.6727807 0.2553273 0.920768
0.412262 0.3979306 0.3667465 0.9381405 0.2152006
0.08220129 0.4914588 0.7194551 0.5512897 0.3303251
0.332074 0.1827111 0.4626902 0.6807035 0.5048502
0.7072953 0.7381842 0.1775941 0.8290548 0.3815232
0.003751676 0.0433418 0.2503876 0.8306523 0.7591174
0.5218573 0.1102236 0.3317474 0.3750566 0.5921057
0.6434518 0.9695239 0.8363168 0.3801713 0.8132833
0.0161868 0.6424994 0.06096985 0.5231861 0.4666816
0.7762709 0.0504721 0.4274786 0.8868793 0.607566
0.06321134 0.26116 0.5764547 0.5490477 0.2593184
0.9037459 0.5402639 0.5810735 0.2434377 0.1832466
0.6835081 0.3985658 0.5639481 0.6259216 0.4761654
0.5277076 0.1560217 0.8613424 0.03272676 0.1562913
0.4912607 0.8063896 0.002632152 0.5468487 0.1011148
0.06419716 0.8061539 0.5328988 0.526906 0.6459111
0.7369423 0.9650895 0.985714 0.2585768 0.179875
0.6149686 0.2692303 0.9701255 0.2695523 0.3346089
0.1407267 0.3134052 0.56007 0.9990322 0.1230809
0.6646882 0.5383529 0.06060838 0.9993046 0.561336
0.6128332 0.2288073 0.3397034 0.7735609 0.2458602
0.3613468 0.9549801 0.5223752 0.3052237 0.4879457
0.7100548 0.6360805 0.5332041 0.5557805 0.2510868
0.5714515 0.106654 0.909219 0.978051 0.6024129
0.3300228 0.412833 0.6217706 0.6428006 0.3802378
0.8838461 0.6366226 0.8989494 0.2695431 0.3827488
0.3234766 0.1689591 0.7041914 0.0205086 0.08432395
0.4500211 0.1147496 0.7044951 0.7481925 0.3712552
0.8991781 0.05062676 0.9284165 0.991376 0.06092509
0.1508784 0.6889777 0.433328 0.5711015 0.9043535
0.8892735 0.1735723 0.9647902 0.2075174 0.2791128
1 0.4458329 0.428169 0.2214457 0.4127826
0.9133679 0.2576764 0.335031 0.8593731 0.5147304
0.4261469 0.1753257 0.8480559 0.2126758 0.3628577
0.640577 0.3566445 0.7168544 0.1652443 0.8550846
0.1939899 0.3973219 0.02117998 0.2451737 0.2967552
0.6420102 0.3432869 0.4762941 0.2033945 0.3464609
0.8445326 0.4252344 0.3267891 0.939342 0.3867132
0.8507475 0.7761744 0.9991897 0.3520962 0.2987232
0.809181 0.4864522 0 0.1404264 0.2671959
0.8612779 0.04810016 0.8671768 0.6420507 0.4447656
0.3889337 0.1509725 0.2101537 0.3371482 0.03795393
0.01825072 0.9233333 0.5915746 0.6083906 0.3204994
0.6506979 0.3123868 0.1863867 0.5378875 0.4633805
0.03393263 0.1136805 0.7617072 0.03050215 0.8723878
0.9728293 0.9217588 0.6782747 0.7717197 0.2128744
0.5529613 0.1117007 0.2613081 0.04434757 0.3803323
0.02848926 0.2076195 0.475531 0.9971797 0.3263085
0.5281997 0.9282892 0.07914196 0.6306727 0.6472538
0.9723094 0.628614 0.8911978 0.3898324 0.2692421
0.4454538 0.0868155 0.5159759 0.4991406 0.9289027
0.7917479 0.02682408 0.7948165 0.1768542 0.3439137
0.2726601 0.9008909 0.5217006 0.2579954 0.9842826
0.287691 0.725605 0.174269 0.3234575 0.788701
