0.1941835 0.8971542 0.8208112 0.9183658 0.5555737
0.5237052 0.6737056 0.8975143 0.6411219 0.9736629
0.1320061 0.9587636 0.8026316 0.6028469 0.2556638
0.5639121 0.9989946 0.8857408 0.8064571 0.3283293
0.4264208 0.9868146 0.5296183 0.998132 0.9612888
0.5820602 0.8900212 0.2380736 0.5545015 0.2791265
0.04500234 0.958776 0.527537 0.6557599 0.6880041
0.128794 0.1798828 0.7808647 0.04541005 0.8694819
0.4546962 0.6363575 0.7585536 0.7885397 0.1170684
0.7334073 0.4637665 0.4334437 0.105256 0.2658605
0.2494585 0.07002428 0.0101947 0.9007984 0.2846666
0.4589443 0.9232339 0.6258224 0.4460107 0.1549235
0.2017125 0.6242528 0.810555 0.1865006 0.09600019
0.2337956 0.6774697 0.864764 0.2213983 0.738114
0.414292 0.3127524 0.5124537 0.2155499 0.07330415
0.7099253 0.8169255 0.482581 0.1043666 0.3550927
0.3278752 0.3222678 0.0259635 0.3569268 0.8950759
0.7411673 0.3087104 0.02502739 0.6263157 0.6492235
0.8675761 0.7382282 0.5005697 0.4312517 0.8990293
0.9371514 0.5434778 0.9335007 0.8158014 0.3302455
0.4525135 0.5033252 0.6388601 0.7754269 0.3147115
0.08073824 0.3859607 0.4194975 0.3876709 0.1158157
0.01416017 0.8002904 0.2049513 0.2050999 0.9403726
0.3202718 0.01532925 0.08235853 0.05265633 0.5884672
0.7163988 0.9098605 0.887228 0.1140963 0.9329463
0.1365205 0.8111852 0.8371783 0.8295517 0.9743113
0.2337549 0.8723977 0.3775358 0.6126505 0.2665678
0.2932773 0.9171817 0.9201393 0.590967 0.9882334
0.7973592 0.04816109 0.799331 0.9658251 0.1552246
0.03706049 0.8094407 0.3020317 0.5246445 0.2406654
0.2204822 0.5804604 0.6361924 0.03132828 0.1846752
0.2510401 0.5714694 0.2286121 0.4000822 0.228837
0.1530971 0.6173837 0.260363 0.2404548 0.4086033
0.9235108 0.9587838 0.2282123 0.4812485 0.5436899
0.5029308 0.6548241 0.2160858 0.8001877 0.5182285
0.1958013 0.7913653 0.3114996 0.5689134 0.1433887
0.2826696 0.6519318 0.04891855 0.6484249 0.9492554
0.203102 0.4036382 0.7956476 0.6351914 0.4460796
0.1572191 0.2608608 0.2771828 0.02029254 0.8110234
0.2223056 0.5279589 0.6445846 0.6097074 0.6484556
0.07195435 0.7605815 0.4599445 0.385334 0.32607
0.3843433 0.773034 0.7312351 0.8739435 0.8986217
0.7984937 0.2715273 0.6959679 0.6352787 0.5357284
0.4634923 0.09900572 0.3398899 0.7380207 0.001650086
0.255227 0.08114212 0.2999775 0.1190472 0.3042351
0.1469249 0.612444 0.1144798 0.3148539 0.09084992
0.8185288 0.8487371 0.3086625 0.8209648 0.9779819
0.7307946 0.4041834 0.1064027 0.2266046 0.9202632
0.3196349 0.149547 0.3179879 0.3929673 0.7267709
0.4971181 0.8690577 0.06646525 0.4347118 0.478546
0.9308395 0.8271887 0.307966 0.2756999 0.340365
0.4013748 0.1936999 0.6572715 0.9711041 0.5017955
0.812392 0.4334486 0.5466361 0.80515 0.1083621
0.01148978 0.7078678 0.8096863 0.7152187 0.9587549
0.1766811 0.2179324 0.7056219 0.1820688 0.6274882
0.1247349 0.7376341 0.7329697 0.5458546 0.5710488
0.01875795 0.9076396 0.488405 0.5675276 0.3080589
0.431229 0.7316478 0.04220718 0.8697443 0.8300013
0.6245349 0.1729581 0.8562722 0.5559076 0.03109071
0.2880403 0.03478442 0.493205 0.8583422 0.7426893
0.5608336 0.2610918 0.2113953 0.4448428 0.03470896
0.9356143 0.5830223 0.8621996 0.2477233 0.8853202
0.2060471 0.8444832 0.9276844 0.6888942 0.01869535
0.8058137 0.07166278 0.2386154 0.1132085 0.9866226
0.1022485 0.1829094 0.2200197 0.2118915 0.6187924
0.3257039 0.1584001 0.9006948 0.9748237 0.4000971
0.6408976 0.7152113 0.6139405 0.2735574 0.4753423
0.2361302 0.4336001 0.8780945 0.5005829 0.7382359
0.6400378 0.04139889 0.4803419 0.2913912 0.2834315
0.8261826 0.6928929 0.8256437 0.3247382 0.9295605
0.4253962 0.528684 0.8661969 0.4790172 0.7085068
0.3505452 0.2005741 0.8847497 0.1941574 0.6172993
0.1916268 0.1813153 0.5351938 0.0743776 0.1904765
0.7328305 0.1603333 0.6411813 0.3999005 0.4728975
0.2781614 0.5049863 0.4316807 0.9689518 0.2602467
0.8181721 0.6883023 0.1569456 0.3634008 0.0521651
0.2230062 0.9978979 0.6494481 0.1800102 0.462149
0.298746 0.4786256 0.4732317 0.1799566 0.9893619
0.937636 0.633181 0.9592997 0.02476634 0.4633879
0.3566002 0.585168 0.8070219 0.2775736 0.03977672
0.3934124 0.940212 0.2467674 0.2933655 0.808508
0.342546 0.01090903 0.02203187 0.6005107 0.01823737
0.03935567 0.801878 0.2292864 0.09605969 0.5134398
0.02563973 0.5737082 0.154827 0.9719402 0.3234855
0.5442779 0.8292586 0.9285374 0.4445763 0.2147481
0.2431839 0.1444351 0.813554 0.9868363 0.6434599
0.9949453 0.08271699 0.884194 0.3718778 0.7257627
0.5420069 0.9979767 0.8677953 0.4956481 0.2865528
0.02407621 0.07965365 0.8965412 0.7042556 0.08549204
0.4725064 0.7145756 0.001895716 0.09937503 0.2670996
0.6659906 0.7884636 0.9885663 0.5057652 0.8982374
0.03702821 0.8864692 0.6230205 0.2219894 0.4728392
0.9839319 0.4213233 0.1342765 0.8689249 0.2534014
0.09343152 0.9004683 0.8402397 0.2216821 0.3344379
0.7608481 0.9032521 0.2326412 0.8398638 0.8651048
0.6753745 0.5794997 0.09537048 0.5537881 0.7363439
0.2595402 0.3059999 0.6115475 0.546297 0.9918613
0.3200874 0.0844139 0.3934926 0.8354315 0.6889984
0.3136557 0.1789362 0.9341123 0.6899376 0.3049121
0.04407639 0.3951922 0.4417811 0.7345794 0.1276469
0.3471558 0.168953 0.5738464 0.5017307 0.4262642
0.4119171 0.003089122 0.8965816 0.8216982 0.4416404
0.9666905 0.161485 0.1805848 0.7574637 0.5029945
0.9822231 0.3379387 0.478227 0.6648259 0.9869536
0.9594269 0.7502027 0.1849513 0.8628675 0.3054561
0.2312601 0.3555916 0.1348718 0.6849594 0.5833427
0.4990758 0.7003695 0.0937867 0.2827861 0.02042421
0.129623 0.9133728 0.1104624 0.03239779 0.8107898
0.4684418 0.7071481 0.9747631 0.3482186 0.7411896
0.5684986 0.1319549 0.1676681 0.2108006 0.9339676
0.2943829 0.1406397 0.5488756 0.5562903 0.8846339
0.5406618 0.01662322 0.9680064 0.2274455 0.674536
0.9833503 0.09878885 0.6266194 0.8858468 0.2769334
0.90585 0.276785 0.7655372 0.2396598 0.8282733
0.9310198 0.04833419 0.9114155 0.5359795 0.6384904
0.6404787 0.9903364 0.8107726 0.9931025 0.8662672
0.1919716 0.726084 0.7314182 0.4172351 0.917393
0.4560856 0.7054409 0.2978337 0.8705523 0.4714226
0.630545 0.3830394 0.4166136 0.2191067 0.8911787
0.8269942 0.1145699 0.04129038 0.7824702 0.8833615
0.3823156 0.2230113 0.2390938 0.2668571 0.7128299
0.1908619 0.6576818 0.2009468 0.3620834 0.3211303
0.9398843 0.4027422 0.6740186 0.1431202 0.6496905
0.4831637 0.7563763 0.6573123 0.6385621 0.3102047
0.7582524 0.2965205 0.07980573 0.1422037 0.6914117
0.6389797 0.05718438 0.3286234 0.6536569 0.5748013
0.68274 0.8316211 0.3391029 0.4852598 0.622723
0.12546 0.269017 0.0245349 0.1022023 0.6410489
0.07587348 0.6407825 0.5000242 0.773248 0.3929165
0.2015818 0.1052974 0.7693156 0.6131128 0.3860357
0.4589618 0.06801168 0.4297437 0.4553502 0.2723392
0.8961825 0.8934443 0.6371826 0.3229588 0.1542737
0.9853835 0.2987369 0.9683255 0.3213801 0.6907811
0.01404782 0.4706904 0.3206519 0.3485346 0.6768965
0.4255733 0.4113967 0.03169512 0.3347972 0.5931308
0.8868137 0.4273619 0.3432066 0.5834897 0.9368693
0.09328454 0.2359853 0.1437908 0.9174375 0.7733449
0.2670938 0.5477696 0.6295014 0.8284219 0.3235115
0.7297694 0.06236608 0.6028302 0.49083 0.9499175
0.7769689 0.245879 0.4047307 0.3801209 0.03797607
0.6917158 0.6280789 0.4970813 0.7203391 0.3322546
0.5725431 0.5861482 0.5994206 0.7858642 0.2338678
0.1898085 0.8594603 0.2101141 0.9742248 0.7798585
0.3854207 0.1288411 0.6189854 0.7782533 0.1066798
0.129564 0.9463007 0.3327252 0.3185152 0.9614711
0.1474916 0.8331437 0.2275039 0.03877447 0.535968
0.6971661 0.4246776 0.5059982 0.01566107 0.4270049
0.9649588 0.280066 0.4804783 0.2845901 0.1148799
0.8481167 0.1416163 0.1401883 0.3741466 0.04132264
0.1310292 0.4874116 0.3725289 0.6451749 0.7726509
0.09815012 0.4213125 0.1530219 0.06614875 0.6104675
0.581441 0.9505928 0.1905604 0.4032684 0.8105714
0.7392085 0.7166899 0.143402 0.6421513 0.9733132
0.6721497 0.7871943 0.8608764 0.8022756 0.9040819
0.4564769 0.3853038 0.2964483 0.6960244 0.9135946
0.3289084 0.852221 0.2558243 0.9748053 0.1845823
0.5263116 0.1818001 0.5795508 0.8446455 0.8073941
0.08346796 0.3914218 0.6243244 0.1465198 0.2317826
0.7794976 0.6910754 0.5103907 0.1062173 0.9433816
0.9182626 0.5376025 0.4729513 0.5634789 0.5587674
0.3875527 0.9366541 0.7583315 0.379752 0.9338071
0.5695829 0.2637022 0.9352431 0.07927494 0.6814044
0.9485407 0.454334 0.2995953 0.540997 0.1249792
0.1718852 0.8866671 0.02658444 0.5609047 0.629455
0.7637972 0.6526839 0.7034967 0.6086881 0.1007289
0.1246198 0.7627351 0.7757641 0.7622502 0.08414256
0.9597306 0.7084972 0.7969338 0.494433 0.636978
0.147645 0.3899606 0.2279413 0.4910144 0.1141816
0.1112423 0.4555992 0.2188668 0.4402329 0.9464016
0.1641768 0.9420669 0.7343677 0.9675479 0.1977834
0.3604304 0.2625378 0.9672747 0.6294365 0.6020734
0.5730714 0.2020556 0.8143296 0.1168478 0.06578605
0.1839829 0.1893626 0.2539695 0.843803 0.6463078
0.5879884 0.4100111 0.7859551 0.7569775 0.611584
0.1101315 0.4957654 0.6297984 0.03304785 0.7776899
0.5525318 0.258686 0.7246234 0.07171839 0.1556202
0.4310993 0.4171068 0.2561492 0.7670471 0.805616
0.7089388 0.1482992 0.2889716 0.8457618 0.8096464
0.3226714 0.1489114 0.6062682 0.1291814 0.1450912
0.4969431 0.9214948 0.7809938 0.9765652 0.1669224
0.1424574 0.246403 0.1449924 0.428278 0.5090639
0.9098124 0.6130991 0.9286057 0.5837672 0.8412151
0.04226899 0.4989958 0.4646955 0.6932785 0.4390809
0.7966743 0.0152591 0.2683587 0.7730935 0.2179311
0.3442142 0.07236705 0.09295647 0.6440551 0.8132158
0.3364827 0.6683812 0.4718263 0.8899291 0.4375375
0.7691329 0.9287823 0.9583884 0.6101648 0.4262115
0.3066271 0.5806389 0.6257593 0.6391079 0.5016543
0.2431179 0.9831783 0.4640464 0.5736599 1
0.7636713 0.1686749 0.9313595 0.4023256 0.4908391
0.8906329 0.09529393 0.7704502 0.655036 0.1217124
0.3810251 0.9085357 0.3515707 0.08344739 0.403292
0.8838875 0.5332117 0.9662527 0.4421399 0.7012328
0.7534798 0.2105151 0.8855436 0.4829557 0.4536291
0.8734696 0.7218594 0.62421 0.8275025 0.3501765
0.9249864 0.438724 0.7665594 0.776703 0.646585
0.9996594 0.9176717 0.2992922 0.5519922 0.1349513
0.2474527 0.8605558 0.6024593 0.6592851 0.5461246
0.4219736 0.9259163 0.8015765 0.1157959 0.7875177
0.396394 0.2705971 0.1889351 0.743678 0.3646551
0.659577 0.6950948 0.1804158 0.6789754 0.3360533
0.725007 0.8630894 0.845193 0.6322878 0.08971263
0.767933 0.604331 0.1873838 0.09768108 0.1260043
0.848601 0.4874057 0.7698123 0.8139488 0.4134112
0.7842968 0.5113418 0.09934669 0.6282438 0.280416
0.5538481 0.1790556 0.1898095 0.3435798 0.3268543
0.6037831 0.8551145 0.6040046 0.06015138 0.6063326
0.647072 0.3537997 0.2321289 0.1762468 0.118346
0.3560839 0.3851225 0.2837799 0.1341683 0.9868819
0.227872 0.01995343 0.157424 0.1813358 0.5867668
0.1059468 0.5294646 0.5005136 0.5448954 0.4099171
0.3756258 0.3460346 0.6025721 0.4620921 0.7506348
0.2137703 0.7529335 0.2493813 0.09988904 0.7238506
0.6326164 0.3097603 0.9474383 0.2398756 0.4076214
0.7979276 0.6981293 0.5011349 0.1434501 0.5719141
0.8718663 0.6121618 0.7894765 0.2046528 0.5400273
0.8474727 0.7527425 0.6427668 0.346737 0.884855
0.5337323 0.1410094 0.4356881 0.2384525 0.363851
0.2522864 0.9152579 0.7121521 0.04487271 0.4049874
0.5965406 0.8150605 0.7994502 0.3797972 0.3804755
0.6684695 0.8055168 0.9893953 0.06872064 0.8927015
0.2763025 0.4153002 0.3752299 0.5102637 0.2910818
0.1071547 0.6034925 0.1763155 0.2995693 0.4746799
0.2713185 0.07780041 0.6247559 0.8368687 0.3729739
0.7589791 0.8009234 0.2222301 0.2708144 0.8371785
0.4481796 0.06834715 0.466885 0.8577532 0.3824119
0.2721439 0.5286362 0.8243791 0.2729181 0.2019071
0.8941974 0.9027503 0.1859892 0.44394 0.4843035
0.4375933 0.3971062 0.002786615 0.4127979 0.6498952
0.3490866 0.1047166 0.09164189 0.4674435 0.6636349
0.01144237 0.7140803 0.7344514 0.4586852 0.2992537
0.08619062 0.01419456 0.4627542 0.5680462 0.9466371
0.4637019 0.7416574 0.195543 0.5157337 0.360037
0.9885377 0.5577125 0.0391217 0.8513667 0.5341788
0.09362983 0.3052391 0.8976658 0.467486 0.6096671
0.1409087 0.9331158 0.3032988 0.8855052 0.6204225
0.03773544 0.08969559 0.6713973 0.6777773 0.3152334
0.2219162 0.2141598 0.07927415 0.2527122 0.6278106
0.8002624 0.02710448 0.1327125 0.4716766 0.5930313
0.9431247 0.4953783 0.507064 0.6706752 0.4732482
0.828818 0.5221193 0.1314085 0.03422513 0.4816156
0.9865665 0.4471883 0.8301508 0.556715 0
0.6142304 0.8950315 0.6955604 0.5043166 0.3848395
0.7656666 0.01402211 0.2583393 0.1805404 0.440087
0.8384999 0.5178955 0.8916256 0.9793966 0.3141639
0.251261 0.8567664 0.153809 0.9793995 0.4900348
0.8542786 0.0231012 0.3997862 0.3623722 0.1553255
0.4611707 0.4669978 0.7872738 0.1690105 0.4089255
0.7158834 0.3536464 0.1935181 0.5602728 0.5695261
0.6155031 0.565477 0.8453474 0.3643233 0.1527619
