0.5204506 0.7828219 0.7706759 0.5008528 0.7372711
0.3736092 0.8648799 0.02595189 0.9131417 0.4431032
0.6200376 0.000896956 0.6735303 0.476401 0.462559
0.04128682 0.1363363 0.2630574 0 0.06111614
0.640922 0.62295 0.2770467 0.4313355 0.9708035
0.56232 0.7585318 0.3411742 0.3135462 0.6030757
0.5730242 0.1458274 0.7528013 0.5572022 0.9349448
0.3037812 0.2686414 0.4466597 0.3301651 0.9438897
0.3823858 0.2770065 0.6582236 0.4450936 0.4310843
0.810294 0.9566746 0.4567554 0.6848504 0.8922588
0.9384827 0.2955064 0.09678286 0.8902864 0.7935045
0.2481908 0.6096114 0.5096107 0.5128981 0.9988808
0.4355758 0.8267675 0.9140627 0.0727906 0.4445432
0.4801593 0.725929 0.5081397 0.6467571 0.9849565
0.9596788 0.6878444 0.03297865 0.6008614 0.876035
0.2556603 0.1653016 0.7531057 0.6156566 0.8464672
0.5867566 0.467092 0.4491503 0.7916443 0.8131171
0.9853375 0.5165617 0.9983563 0.9660637 0.595324
0.4038143 0.7776495 0.7863132 0.8711095 0.8055917
0.3247978 0.4874258 0.4613167 0.4989638 0.3945044
0.8887388 0.763686 0.7915938 0.3118733 0.9926512
0.09612177 0.9657472 0.7338501 0.9432639 0.8102543
0.0300936 0.2788559 0.730322 0.4487851 0.3520788
0.5266523 0.5861917 0.5210217 0.3452135 0.4359851
0.5868088 0.2159421 0.8625847 0.06650829 0.4681738
0.7338832 0.5720728 0.2300549 0.70228 0.3596887
0.6562467 0.04232474 0.4168086 0.5706589 0.1183837
0.4493719 0.3847466 0.6157455 0.7845523 0.2509709
0.2513454 0.25719 0.1032298 0.9926065 0.08145314
0.2415354 0.634309 0.2503793 0.7361625 0.4668246
0.5709207 0.5495644 0.479788 0.02621675 0.8409814
0.892238 0.9529048 0.8838983 0.2883644 0.3514944
0.1991194 0.7274533 0.8660638 0.7253978 0.2684652
0.8738135 0.6344743 0.5087159 0.4362974 0.05451989
0.3386073 0.5608959 0.3785418 0.5491155 0.6843026
0.3985716 0.3453989 0.7109834 0.9003233 0.5804875
0.4575119 0.60814 0.8081134 0.1919105 0.952416
0.5488607 0.1581338 0.6520039 0.3390792 0.05716693
0.9578944 0.3068377 0.2321232 0.02357925 0.6600623
0.589745 0.7070533 0.8562072 0.7127758 0.7445209
0.8305448 0.8544127 0.8144669 0.6624885 0.6350359
0.9521646 0.8594852 0.821001 0.8600737 0.06399113
0.3757935 0.1142925 0.7942244 0.6505261 0.6945863
0.8333396 0.1777469 0.6495241 0.7129174 0.2158655
0.9855264 0.3153375 0.4698843 0.2902415 0.7768224
0.3136868 0.2528485 0.5344954 0.06406276 0.9058265
0.6936208 0.9766457 0.2674801 0.3681581 0.1358406
0.6930238 0.6516571 0.3108888 0.008275368 0.924471
0.8478064 0.5151425 0.07887252 0.1608046 0.3232138
0.008380746 0.3137154 0.2687672 0.613004 0.04011517
0.8580343 0.06134863 0.1744587 0.09681603 0.5923456
0.4868744 0.3044271 0.1332438 0.7369747 0.9193148
0.5488848 0.4647783 0.4500892 0.8207717 0.5332652
0.158867 0.2925181 0.5646037 0.8757966 0.8509333
0.6932255 0.7671788 0.488225 0.4162672 0.8776234
0.4109431 0.1597689 0.09034028 0.6274093 0.8445163
0.572489 0.2223218 0.7441706 0.2748488 0.6816107
0.8255335 0.585343 0.9838748 0.7728755 0.3846732
0.2518982 0.09092306 0.9110984 0.4724238 0.070567
0.320371 0.763214 0.9760454 0.3321841 0.1154567
0.4576089 0.8271944 0.9872941 0.7175877 0.9621214
0.1788673 0.5415871 0.554488 0.1783278 0.8666794
0.0442284 0.07399508 0.8015871 0.5743571 0.7486566
0.9950222 0.2423342 0.2841079 0.520075 0.6021109
0.6256896 0.4166926 0.2800747 0.2352412 0.5513668
0.671935 0.06499676 0.4902444 0.09473832 0.631146
0.7725172 0.7242498 0.1796243 0.6544437 0.08423414
0.7533966 0.4005795 0.3306862 0.04546276 0.7527789
0.3209637 0.9061791 0.2300569 0.9920177 0.3933156
0.6053262 0.034532 0.7225608 0.4906744 0.5638912
0.07221785 0.9977422 0.1897749 0.1728333 0.4217434
0.6863134 0.8430274 0.48137 0.7768344 0.9589826
0.1257804 0.3369461 0.02015053 0.752338 0.07853766
0.1524343 0.8729432 0.9277375 0.0987053 0.8574476
0.2379891 0.2402641 0.3160274 0.669276 0.5272133
0.4035262 0.06847481 0.9211223 0.5821829 0.5437304
0.08263085 0.2567179 0.7258189 0.2177812 0.6788647
0.4808834 0.1084801 0.9951093 0.3144583 0.1717374
0.7331268 0.3937258 0.7351319 0.3938968 0.4221036
0.7587998 0.915448 0.3273157 0.7077835 0.04187495
0.1946961 0.9201378 0.3430702 0.6960906 0.8150114
0.7394044 0.4807707 0.2235072 0.5747917 0.2345496
0.4657352 0.6226971 0.5254074 0.09087818 0.8446822
0.8004478 0.5096389 0.1136066 0.8650439 0.891381
0.6656833 0.5159204 0.2375451 0.8479991 0.3629099
0.4133991 0.5252413 0.04229844 0.361598 0.128068
0.7128477 0.9290625 0.9236754 0.3677528 0.09761275
0.5087994 0.8836912 0.0772089 0.1768077 0.09039503
0.713975 0.835924 0.4695016 0.6287426 0.8217015
0.9277732 0.5894185 0.8594983 0.7452306 0.2806881
0.9611312 0.9248028 0.3877945 0.7294353 0.7678368
0.8034194 0.5476406 0.6517746 0.5304181 0.9529177
0.3286967 0.926053 0.1813994 0.1692489 0.4698244
0.3721384 0.04060962 0.9632441 0.300122 0.2196286
0.9156374 0.9322769 0.670496 0.6219039 0.8965013
0.437189 0.437022 0.7208975 0.4979322 0.9612122
0.5272033 0.8835928 0.7856108 0.2437567 0.7629271
0.2808219 0.9450916 0.6062422 0.3729093 0.6286437
0.9240828 0.3222809 0.8449681 0.6019758 0.2847558
0.3192753 0.3441963 0.4523327 0.8898228 0.3087875
0.5312092 0.3921659 0.4698834 0.8687929 0.9805556
0.02974384 0.9141581 0.9130945 0.2573558 0.720405
0.3566808 0.3094383 0.8743031 0.7188554 0.71109
0.8163511 0.3600401 0.7436783 0.1263358 0.6882382
0.8021517 0.2699887 0.3928674 0.335335 0.5927759
0.3365507 0.6817618 0.410022 0.3938685 0.3672233
0.9594252 0.2816703 0.911546 0.9793955 0.6802563
0.3750294 0.2711553 0.2782357 0.6767855 0.1270767
0.5315646 0.4428958 0.3317124 0.8489897 0.7652912
0.1884882 0.2656109 0.6065762 0.5554973 0.1454194
0.07990089 0.2263263 0.5678059 0.8303236 0.1048303
0.8083196 0.5067432 0.7115116 0.4680167 0.2606253
0.9722064 0.9745483 0.2207527 0.2728466 0.420176
0.6280499 0.6319423 0.4297572 0.4931345 0.5266794
0.1412055 0.9658053 0.5826824 0.8584572 0.2495459
0.8081568 0.369677 0.7182022 0.8509549 0.1995949
0.7070448 0.8118535 0.2424698 0.8254084 0.695833
0.1676646 0.6161245 0.169752 0.1542168 0.03964473
0.6653396 0.7116374 0.0226739 0.7221676 0.1761002
0.1040424 0.9924912 0.04996283 0.610057 0.8980568
0.4034535 0.0946124 0.9962743 0.1451543 0.7783791
0.6562198 0.4705862 0.5913882 0.02930355 0.8428741
0.3869369 0.3958773 0.3875216 0.8547123 0.7668826
0.866186 0.2176029 0.276852 0.4827404 0.8475807
0.8057757 0.9840975 0.7521667 0.0928992 0.5253515
0.2373515 0.9577225 0.2031474 0.2842348 0.529092
0.3281834 0.04781231 0.01632442 0.7129222 0.05943337
0.4009239 0.8862724 0.7966327 0.7615554 0.6243632
0.5183601 0.02523843 0.3801672 0.8334764 0.3630651
0.5460316 0.2286734 0.9278744 0.257708 0.6511131
0.01490183 0.3045589 0.4619083 0.571243 0.06912094
0.4458827 0.8853709 0.3286907 0.1693377 0.7318587
0.7049764 0.6674199 0.8151224 0.4699176 0.2564326
0.2656314 0.3273634 0.8810088 0.8852503 0.697326
0.8589273 0.8185937 0.5842249 0.3864455 0.3424603
0.2952553 0.2023443 0.4975698 0.7046863 0.8279668
0.05174646 0.7686467 0.4960303 0.03493969 0.3560904
0.6821529 0.7430547 0.07172777 0.4563811 0.2220749
0.5962143 0.1921985 0.5133714 0.7173065 0.4304846
0.534543 0.702234 0.1787978 0.1264716 0.9983737
0.2079529 0.6479916 0.9097651 0.8379002 0.2534589
0.4612088 0.8156339 0.3765021 0.3776852 0.9488576
0.2248331 0.231755 0.966772 0.1722351 0.5647663
0.5073329 0.3347317 0.9915854 0.4364535 0.3613027
0.4648189 0.1958466 0.6352919 0.4548353 0.8726777
0.008345959 0.7289446 0.4755212 0.7158245 0.04327477
0.8765579 0.730456 0.1556144 0.416998 0.6620131
0.7815843 0.6745875 0.1035385 0.8438065 0.1929427
0.6644694 0.7134667 0.02844066 0.1969627 0.7411165
0.9915157 0.6317807 0.3265415 0.5005937 0.3535141
0.4387327 0.9920315 0.4969288 0.1714374 0.4192272
0.382872 0.8833744 0.3199751 0.3111825 0.6462484
0.5100704 0.8975644 0.6752292 0.2191305 0.09760536
0.9747072 0.8168931 0.52315 0.9990801 0.4416382
0.8931714 0.7801186 0.3746407 0.2963304 0.7490817
0.4770789 0.8223201 0.536098 0.3791999 0.2307891
0.8423131 0.9456804 0.2565354 0.7995175 0.8165326
0.9109393 0.8962997 0.06393785 0.1572628 0.2359429
0.2844305 0.7744983 0.8315732 0.1614982 0.1828781
0.3741918 0.5574104 0.2753948 0.6777563 0.4592149
0.08125859 0.1419543 0.7000682 0.8977477 0.09400433
0.3892668 0.4431476 0.9297617 0.9606246 0.9185468
0.5298865 0.1724436 0.5254049 0.5582699 0.463778
0.8607522 0.9794927 0.5653441 0.5362401 0.5552967
0.5707068 0.09274284 0.3153777 0.7456811 0.5968643
0.2851314 0.2856448 0.3331952 0.5024784 0.2458082
0.2150373 0.4951118 0.5466757 0.7698442 0.1744402
0.1348941 0.1527339 0.4117401 0.7536381 0.3373505
0.317967 0.1266808 0.7854088 0.6468864 0.8099071
0.135923 0.6075213 0.5500933 0.6669723 0.2377725
0.4486795 0.2314835 0.2159635 0.1905513 0.6247696
0.2680227 0.5787509 0.2819774 0.7029172 0.01091375
0.84806 0.4700361 0.9288043 0.481071 0.1050433
0.7739561 0.8694842 0.9571691 0.8893732 0.7665986
0.5150138 0.2247963 0.4164067 0.27476 0.6995571
0.9739465 0.321109 0.04204603 0.2230838 0.2156466
0.3283034 0.6250655 0.6957691 0.129377 0.3841922
0.5005252 0.2112144 0.01556805 0.2560238 0.2373776
0.07824013 0.6106652 0.2777057 0.6966354 0.725648
0.904434 0.2896916 0.5677803 0.5227587 0.7781366
0.7491378 0.5922153 0.7542334 0.9739862 0.9544279
0.4845291 0.2241677 0.4362855 0.03323896 0.6220868
0.1974902 0.1176781 0.6076306 0.2245833 0.7729478
0.8362502 0.472051 0.9914283 0.7229768 0.8179471
0.7228364 0.5843543 0.1078253 0.637617 0.257212
0.7498426 0.2991521 0.8203724 0.02903664 0.6156157
0.3784399 0.7893803 0.4211938 0.01210976 0.6403254
0.3987694 0.7051691 0.2311673 0.8220738 0.2037875
0.2407911 0.9704983 0.8977035 0.9612347 0.8846329
0.4268556 0.7134018 0.3694673 0.05641203 0.9162317
0.3474451 0.8086612 0.9160767 0.765447 0.3830336
0.3900143 0.6333779 0.02711823 0.9771293 0.4588954
0.6051552 0.7965127 0.6960781 0.2557019 0.8034025
0.9191536 0.3473836 0.642636 0.2028977 0.6068916
0.9041897 0.5617322 0.7554602 0.2132734 0.6795315
0.684977 0.1531857 0.5981975 0.7892557 0.2791962
0.2652139 0.7985008 0.6136235 0.9712797 0.2335275
0.6884347 0.725791 0.3011419 0.01735806 0.8658104
0.03414729 0.9082158 0.692138 0.5780561 0.5881843
0.5758423 0.8700157 0.5271452 0.9540268 0.7341076
0.5019317 0.9125533 0.7197495 0.006368151 0.8835498
0.3750941 0.7705817 0.1967501 0.2922254 0.3754826
0.5082819 0.2841554 0.691598 0.5875352 0.5446418
0.4070337 0.9328365 0.3012062 0.1294952 0.05548554
0.0442672 0.7080044 0.008987797 0.2617758 0.2969542
0.9623291 0.1175706 0.0749777 0.4982487 0.8016425
0.6040792 0.6014171 0.7547647 0.1661259 0.8638255
0.6077269 0.2454637 0.6298853 0.3881462 0.5123119
0.1573771 0.7541277 0.01060551 0.2543836 0.5341963
0.1149945 0.9260788 0.6189476 0.6842079 0.4677701
0.02489355 0.9347908 0.450387 0.7449876 0.08574686
0.4205859 0.3402965 0.1900078 0.306524 0.03970233
0.242227 0.2120157 0.3499744 0.6211656 0.9815202
0.276546 0.851956 0.4072271 0.2665085 0.3738198
0.2833459 0.2143751 0.4150106 0.788446 0.5005563
0.7603716 0.7100698 0.2862906 0.668082 0.2398988
0.6119989 0.8907582 0.4336311 0.03674767 0.307362
0.3252048 0.552972 0.8703413 0.3963201 0.4143117
0.8082987 0.5296022 0.2223316 0.09427518 0.1845699
0.6376828 0.1553711 0.7126463 0.03331217 0.1767446
0.6149084 0.3831465 0.3825245 0.9459294 0.5474898
0.8028192 0.6053528 0.1128496 0.1175444 0.1645346
0.9348044 0.7174615 0.3976667 0.5195262 0.7100985
0.5155017 0.1801451 0.6404132 0.3456558 0.6177361
0.1984381 0.6495898 0.6851073 0.899132 0.1317862
0.7015594 0.2440764 0.007876836 0.8199261 0.112864
0.6938541 0.3435475 0.1887864 0.8835105 0.08673739
0.3214363 0.01273166 0.2607669 0.6449248 0.9547078
0.2768343 0.2699577 0.489418 0.9466311 0.1270907
0.7846375 0.24997 0.1814064 0.8035419 0.5990271
0.08745236 0.3092107 0.8337147 0.5758421 0.7044263
0.8678772 0.05809569 0.8847504 0.5045671 0.9241075
0.2138427 1 0.5515311 0.006450434 0.349641
0.5031265 0.4347902 0.9535053 0.2940745 0.8393463
0.08823017 0.08478033 0.5985323 0.5548298 0.5077733
0.6152102 0.2531713 0.3718126 0.8726808 0.2726933
0.9074829 0.7785674 0.2565472 0.1381892 0.2799315
0.01198313 0.02123105 0.1974316 0.1517 0.5562718
0.2750419 0.2171767 0.3721615 0.05811866 0.1982567
0.3733652 0.7420338 0.4065067 0.6702834 0.7485899
0.3066783 0.3818444 0.5524176 0.5419646 0.4620249
0.5047012 0.4624141 0.3056525 0.2566274 0.1810861
0.725945 0.6587344 0.6126208 0.1594774 0.01155466
0.6053888 0.4272043 0.1672484 0.6202352 0.6478919
0.06426799 0.439774 0.6361717 0.3731965 0.516592
0.7691746 0.2362726 0.4486242 0.2436542 0.3817426
0.2076958 0.1828413 0.08975316 0.1565568 0.9256112
0.8377786 0.8118738 0.9487298 0.08451454 0.3540683
0.9138562 0.7607954 0.5897463 0.8305999 0.9320889
0.9027644 0.1685385 0.9911317 0.4751493 0.115308
