0.1559159 0.07788557 0.1529614 0.4664275 0.8970423
0.9737439 0.8887113 0.1552072 0.04301563 0.4633403
0.838494 0.1244686 0.814875 0.2688924 0.4216718
0.2168497 0.5018181 0.2568038 0.9939243 0.009554258
0.6163536 0.6115827 0.9465244 0.06334586 0.2711507
0.3654671 0.9305809 0.1304649 0.1128595 0.1584584
0.478243 0.06483326 0.9025795 0.5042007 0.3290648
0.797043 0.6041809 0.6616944 0.3712093 0.2404496
0.325289 0.07754925 0.484141 0.5577919 0.5310675
0.194269 0.8331131 0.8163494 0.5715769 0.8419988
0.9582348 0.1353696 0.2091578 0.3673966 0.3915955
0.5615027 0.9405836 0.4270553 0.3386144 0.7026617
0.1036122 0.172186 0.03957174 0.7278057 0.7820408
0.6093536 0.4968274 0.1689408 0.8080035 0.8626904
0.02682366 0.1381304 0.5382009 0.4893759 0.2972314
0.6393094 0.7544756 0.252899 0.3433965 0.4591028
0.5706958 0.4308935 0.2775401 0.7910858 0.01492323
0.5709012 0.742973 0.04424126 0.9774741 0.7148953
0.05068778 0.9967885 0.7426483 0.9473655 0.654605
0.9902189 0.1978829 0.1207519 0.3335622 0.785529
0.669519 0.8196434 0.2223896 0.5711139 0.03312098
0.8573095 0.3481615 0.5219301 0.404527 0.0006663707
0.3577597 0.0076342 0.08495439 0.8453369 0.3963236
0.03776782 0.3911147 0.7499658 0.5022689 0.4692328
0.9667524 0.9218359 0.07349731 0.6580844 0.4708917
0.07325687 0.5232255 0.6387777 0.859165 0.6523015
0.4267996 0.4443973 0.9713355 0.7029447 0.1492084
0.3123266 0.04411243 0.6885501 0.7882656 0.2192086
0.7755368 0.2962623 0.8014496 0.7266164 0.8222302
0.8781229 0.3635678 0.5429018 0.03922417 0.4806269
0.4164185 0.9460101 0.1690403 0.1204011 0.8414857
0.04756551 0.9636197 0.8226847 0.6464566 0.4258247
0.9180272 0.5790427 0.9501543 0.7211784 0.5608701
0.8378389 0.9005735 0.2649631 0.6614788 0.3569145
0.9388213 0.977873 0.4686427 0.7821936 0.2593562
0.9395164 0.1728836 0.6996374 0.2927271 0.1907014
0.8719448 0.9434232 0.9980896 0.8261362 0.8258386
0.01894145 0.2886891 0.1814565 0.2059355 0.3869756
0.5193248 0.7496159 0.8770332 0.6138716 0.002985613
0.8220692 0.1518453 0.5369136 0.0363446 0.708601
0.805565 0.8071041 0.8453082 0.324157 0.5280602
0.7698897 0.2890764 0.312683 0.01922071 0.308501
0.05114631 0.9764348 0.3816211 0.08633019 0.8218582
0.2138949 0.2559568 0.260258 0.8319397 0.7009699
0.5556636 0.8398226 0.5481257 0.2742901 0.1444555
0.7853535 0.6053738 0.9869673 0.1880974 0.6478214
0.881997 0.8090059 0.8621341 0.6003054 0.6369183
0.0133019 0.1987345 0.3565399 0.2329027 0.483976
0.5851835 0.5429039 0.4656529 0.7137185 0.6326524
0.394009 0.4814459 0.610117 0.06326403 0.8006712
0.8718897 0.2591621 0.1951523 0.1957275 0.9780489
0.06965415 0.2265636 0.6127109 0.3675563 0.3763393
0.7868483 0.5248259 0.09277291 0.3461998 0.740327
0.5418799 0.4539993 0.6990759 0.2820319 0.1709794
0.8528755 0.8190472 0.440362 0.4985791 0.9154861
0.5177991 0.1402795 0.9429069 0.758929 0.7242669
0.7225047 0.09670559 0.5704184 0.01631822 0.8334317
0.8570739 0.749814 0.7047521 0.4916153 0.350465
0.7359305 0.8875129 0.141194 0.1748716 0.6500956
0.03425947 0.4020646 0.2924189 0.8098584 0.7360567
0.2150906 0.03135839 0.4492034 0.6422684 0.1029375
0.4613208 0.9152796 0.9757743 0.1955799 0.04556254
0.1175661 0.7199242 0.114007 0.6218093 0.4116972
0.09991876 0.3127805 0.0533655 0.441589 0.4534974
0.7378313 0.1136491 0.6934958 0.5920343 0.3222973
0.8711251 0.8788608 0.1571725 0.3221369 0.5168187
0.4334758 0.598669 0.8826039 0.8560147 0.9608955
0.07932602 0.0950713 0.3117833 0.7774083 0.3193743
0.1072788 0.5508386 0.6850897 0.2390165 0.06046752
0.5468047 0.5558177 0.8897329 0.8791558 0.3477077
0.2871086 0.7065529 0.2276644 0.6441413 0.8115109
0.3481689 0.7073042 0.9312313 0.5309536 0.1565525
0.3597756 0.7567078 0.5501234 0.03869965 0.6997488
0.2374771 0.421593 0.3020017 0.9215685 0.299135
0.4855581 0.04171355 0.9540651 0.1971304 0.9735029
0.8869336 0.2797795 0.5397077 0.7849618 0.8232615
0.7160009 0.3494867 0.3776176 0.1918787 0.426006
0.5215823 0.6966507 0.02297426 0.347151 0.4448242
0.352113 0.1355871 0.04762418 0.7043137 0.8094984
0.3595256 0.03562129 0.2179413 0.002354898 0.966646
0.9265999 0.01272402 0.1880724 0.3457994 0.3869586
0.3437672 0.01434662 0.8142498 0.04407932 0.02132144
0.9386135 0.8695127 0.3120552 0.6482941 0.109378
0.4254392 0.4749993 0.7709516 0.4244951 0.1050211
0.775206 0.7823911 0.3536098 0.2013239 0.04143414
0.06719112 0.6100446 0.3103225 0.535431 0.3892326
0.05979056 0.2591334 0.3963147 0.6979568 0.5259992
0.5357218 0.2757871 0.1107077 0.66707 0.854582
0.721429 0.5363358 0.01927142 0.983881 0.2846655
0.1384343 0.290025 0.8424909 0.5843063 0.9217493
0.3790947 0.3995742 0.2286199 0.008715539 0.24166
0.8606017 0.8260723 0.5032333 0.5632968 0.5266356
0.497256 0.805908 0.9900637 0.3531633 0.567991
0.7750124 0.1569367 0.7722368 0.3109958 0.2582835
0.3319643 0.10279 0.3636174 0.9075946 0.1952537
0.5855672 0.2760255 0.1792314 0.8623798 0.8768445
0.6085693 0.6991877 0.5663162 0.7471412 0.5351674
0.8939268 0.6185914 0.6614333 0.8458163 0.7982188
0.5034604 0.8515962 0.9304132 0.5939208 0.6072734
0.2434211 0.8939213 0.5029762 0.1425986 0.3301677
0.9386977 0.3793909 0.00502174 0.8484187 0.3289731
0.02037416 0.788321 0.1404119 0.5331117 0.9921635
0.7440625 0.338798 0.3576458 0.4833598 0.9558289
0.4070841 0.6132551 0.7952528 0.520509 0.6842961
0.5312678 0.6728001 0.897365 0.7070745 0.5393461
0.477204 0.7121853 0.4756855 0.2365824 0.8756338
0.2646204 0.4268177 0.2044655 0.8193613 0.3364633
0.2453832 0.6758934 0.2585031 0.5721411 0.007779026
0.6797334 0.2812447 0.4565768 0.6368169 0.03621792
0.1270296 0.5064027 0.1519398 0.2836756 0.3201618
0.04812279 0.6521009 0.9329384 0.4450304 0.9251627
0.7505909 0.9412892 0.2230277 0.1591616 0.9005681
0.4598126 0.4787375 0.7384519 0.379509 0.3237152
0.3475415 0.008302042 0.9725292 0.9953022 0.9807987
0.3796475 0.006461629 0.375937 0.618509 0.8253776
0.6345955 0.0649582 0.737184 0.5218266 0.1778674
0.3897558 0.3547265 0.1692007 0.1246216 0.3958771
0.4934089 0.9217258 0.8490416 0.6012538 0.6408039
0.928678 0.620211 0.5928377 0.4635685 0.02908528
0.595634 0.7062166 0.612165 0.06992379 0.2483903
0.7724218 0.3109901 0.7328664 0.7942394 0.02752584
0.9118498 0.8863478 0.7140948 0.7336209 0.7404328
0.9448772 0.7614466 0.8807985 0.9135503 0.2976293
0.248719 0.2128647 0.2630094 0.7377732 0.9012547
0.9624197 0.1465688 0.8426269 0.3865366 0.008106223
0.8781828 0.4286836 0.06295368 0.6917386 0.6539683
0.2038274 0.1287421 0.6859785 0.6815816 0.7970771
0.9231232 0.9066909 0.9474605 0.7117284 0.6204354
0.8459639 0.03570967 0.1863281 0.4065439 0.2965584
0.3650928 0.9435251 0.7054754 0.335901 0.7599635
0.8172708 0.3353345 0.9812364 0.8984101 0.6112672
0.4257082 0.5214023 0.2296755 0.4225573 0.3259293
0.7412388 0.8538538 0.3540384 0.2855385 0.001131366
0.06920113 0.4080878 0.8833598 0.9596828 0.2768379
0.1623187 0.3675286 0.5270373 0.665978 0.4014122
0.9636935 0.2530411 0.3681751 0.02843281 0.7403661
0.9828436 0.5708714 0.285185 0.05365004 0.5325805
0.504546 0.9239232 0.4401586 0.6307053 0.2402988
0.3696082 0.3716286 0.3607116 0.7229791 0.3309204
0.06920799 0.4365169 0.8431825 0.9081132 0.0931136
0.1988026 0.8961295 0.2843114 0.6568909 0.4911268
0.7128219 0.2036985 0.9727887 0.4615927 0.6247721
0.01758973 0.3444381 0.3832863 0.01543623 0.05241867
0.9456869 0.8529644 0.7827254 0.2212155 0.598234
0.5772877 0.01118105 0.3495935 0.2688295 0.8157726
0.4955528 0.3506875 0.4004862 0.5553036 0.238592
0.9441853 0.3386524 0.9526239 0.8043401 0.3323874
0.2318641 0.1001797 0.3377758 0.4489856 0.06851703
0.7725301 0.3299418 0.9433084 0.1534221 0.2375699
0.7072774 0.8519897 0.7747852 0.01289679 0.5476212
0.09567465 0.1868276 0.4545605 0.7877594 0.2023177
0.8206111 0.5887523 0.3875188 0.5316622 0.1307571
0.8209363 0.180435 0.3243425 0.6411613 0.7230444
0.9623316 0.1531726 0.3675278 0.778079 0.7389989
0.2467826 0.9700834 0.3625996 0.6552263 0.5885816
0.06363186 0.6109054 0.1456282 0.4019524 0.07513959
0.4705736 0.9487236 0.3028643 0.7894397 0.6549757
0.009321308 0.8762083 0.2555918 0.6175984 0.7804099
0.2845888 0.4244769 0.8219356 0.916875 0.01255475
0.732387 0.7030869 0.2646478 0.01079081 0.7629475
0.02530166 0.6587333 0.1310631 0.1949061 0.5818786
0.5269008 0.4089328 0.7193406 0.6382547 0.06250326
0.2389548 0.3321665 0.4460923 0.5577187 0.08806663
0.7951762 0.7472687 0.2128268 0.4799733 0.06888567
0.2719964 0.2412786 0.1269166 0.7507551 0.7210705
0.3258649 0.3572379 0.4299524 0.2208791 0.6503272
0.02960647 0.8062795 0.3848274 0.8481294 0.4311626
0.3702673 0.6355691 0.1789062 0.9373736 0.3466454
0.6211669 0.2222723 0.2984083 0.861387 0.3276854
0.4637294 0.5637179 0.2073927 0.7612415 0.3213195
0.4964048 0.5472966 0.4571591 0.8475204 0.07492755
0.5414151 0.1655445 0.4311986 0.3096188 0.8485998
0.3911341 0.08699997 0.1048458 0.6784008 0.7786796
0.7372659 0.8344992 0.3426152 0.4252822 0.9631566
0.1282729 0.004218285 0.4869025 0.07476405 0.5812613
0.1470074 0.1669028 0.7475657 0.5823113 0.335756
0.01493061 0.4406399 0.3853586 0.2462235 0.1969026
0.6501124 0.5126172 0.9366755 0.7438566 0.3803606
0.08823427 0.3871476 0.4366982 0.6038606 0.7301878
0.7770142 0.6584893 0.5921618 0.3786396 0.09851182
0.3994391 0.1059629 0.8837881 0.1565799 0.7296316
0.5572863 0.8692065 0.7452181 0.005871062 0.8172062
0.9196177 0.4428201 0.1369208 0.6802834 0.9387169
0.9761637 0.2352735 0.8294576 0.4422127 0.7505074
0.5429011 0.9610008 0.6091639 0.3684502 0.5526211
0.05810891 0.4963053 0.1660185 0.3521442 0.5718625
0.9398308 0.1129399 0.4646383 0.3352614 0.2539355
0.2413268 0.3460864 0.07803734 0.5957198 0.3691209
0.8350824 0.2849228 0.569402 0.5562243 0.9904636
0.9038106 0.1684643 0.6612782 0.3788143 0.4161032
0.9826477 0.1445484 0.3542926 0.1757633 0.7921996
0.5479493 0.08289706 0.5739896 0.5479896 0.8897284
0.8975677 0.7089753 0.1139843 0.3776541 0.3499037
0.9521909 0.1762066 0.4501271 0.5997309 0.2645811
0.8266775 0.2742428 0.3843487 0.8866969 0.6411611
0.1309109 0.05742501 0.5929127 0.9683256 0.6580025
0.5922083 0.8290976 0.4396326 0.4516239 0.9154087
0.2797153 0.5791244 0.3900531 0.6265617 0.4543469
0.4836981 0.2592683 0.1797658 0.5125816 0.4089094
0.907101 0.3257897 0.7837896 0.5861938 0.5261779
0.6488204 0.395898 0.05060059 0.3472918 0.510715
0.3954426 0.375311 0.6471687 0.2389837 0.6880495
0.5009242 0.08196429 0.2054074 0.4960067 0.3177766
0.5454829 0.4041781 0.6879459 0.4894769 0.7962621
0.1063908 0.6297124 0.5786947 0.07537394 0.09313215
0.02764645 0.3002356 0.4361712 0.03061226 0.5928447
0.8564443 0.1761035 0.4972957 0.4151957 0.2979452
0.4605663 0.9232351 0.5451175 0.4702256 0.04414641
0.2026705 0.1873235 0.1770326 0.6530763 0.5066367
0.7141707 0.3697035 0.9027814 0.0859566 0.3614432
0.1386315 0.7497356 0.3005936 0.8917447 0.5813694
0.4777452 0.8022874 0.586856 0.9453955 0.5326221
0.8899997 0.1135365 0.2311404 0.7392838 0.3669104
0.3322206 0.9356041 0.501243 0.373755 0.3360162
0.4522075 0.2934589 0.7111668 0.6464109 0.9364097
0.7189092 0.3565038 0.5196665 0.2569412 0.6728225
0.33111 0.7115143 0.6419346 0.9140312 0.2514236
0.8900362 0.1808025 0.9152291 0.1152799 0.3725686
0.8213744 0.6273996 0.3400172 0.8741814 0.06924576
0.9152228 0.0009984898 0.02936058 0.7791206 0.3765968
0.2051997 0.1868159 0.4781054 0.8808649 0.01849755
0.5820464 0.5025283 0.6730881 0.8895201 0.895406
0.8629856 0.3563043 0.9270365 0.5956626 0.1870362
0.7453709 0.8266171 0.07786061 0.4722419 0.1420779
0.6602117 0.3902022 0.9799682 0.622172 0.8844537
0.1475204 0.6349561 0.9435789 0.5125574 0.3362409
0.4863974 0.6589768 0.7892826 0.1817184 0.6968212
0.6780115 0.3502538 0.892239 0.6315066 0.4460075
0.7006555 0.8767165 0.5395461 0.489376 0.7146789
0.9140058 0.7488936 0.9817243 0.2577855 0.3654828
0.6374206 0.2264648 0.5347693 0.9386232 0.6499886
0.2678529 0.7840363 0.6845601 0.09390619 0.9831205
0.956172 0.6639715 0.1497348 0.1809556 0.3325464
0.2819686 0.01328007 0.7243142 0.1417192 0.2383445
0.01396846 0.4089623 0.6283932 0.540733 0.08490269
0.139981 0.02834816 0.4271633 0.3961666 0.3176974
0.4631711 0.4228226 0.2143662 0.6835947 0.9912535
0.002207157 0.4955937 0.842393 0.3601987 0.9981525
0.8225654 0.1838135 0.2876846 0.1710347 0.8644324
0.8296588 0.1117712 0.4960723 0.5229312 0.4845836
0.8657422 0.2359712 0.7497039 0.7541838 0.859791
0.5132293 0.1127214 0.9038947 0.1021106 0.7840607
0.940652 0.03883215 0.9732049 0.008799928 0.09452604
1 0.6047615 0.5908433 0.6846381 0.868519
0.2692002 0.1449113 0.5342725 0.01303203 0.4225818
0.7530515 0.3944997 0.8707438 0.664118 0.5009508
0.5563495 0.74324 0.1112286 0.1995677 0.2451215
0 0.3592684 0.6537478 0.685097 0.9685816
0.4486646 0.6190179 0.3783461 0.3080547 0.7000404
0.585539 0.2183784 0.7673723 0.144714 0.535081
