0.4944767 0.6837693 0.8825354 0.7054503 0.6541182
0.937343 0.5105434 0.5979499 0.6370441 0.9489023
0.7871122 0.098194 0.01584824 0.6913925 0.3986865
0.9621565 0.1263928 0.9948697 0.5214856 0.04553145
0.8737828 0.2639197 0.973477 0.466951 0.8609133
0.5195831 0.3497809 0.4826161 0.4559835 0.2866823
0.2527144 0.3276573 0.842406 0.8175304 0.4023131
0.6909589 0.6495868 0.4259515 0.1832176 0.21997
0.13138 0.3561436 0.8828997 0.431666 0.05560032
0.4783884 0.9279297 0.1694514 0.1307094 0.09801361
0.6899697 0.2401301 0.03262321 0.6951637 0.9484838
0.7220947 0.6644824 0.1594471 0.9404156 0.3139315
0.5023252 0.8152519 0.5062834 0.608054 0.2337163
0.6359619 0.721308 0.4868359 0.3194587 0.9443792
0.1202682 0.5533167 0.4858055 0.3920869 0.1163788
0.4289565 0.188622 0.5696152 0.7252341 0.1535918
0.8334054 0.8037634 0.5568335 0.3553435 0.6507322
0.4290216 0.7127642 0.1895622 0.2241067 0.9927329
0.1235661 0.8377554 0.3662724 0.6503153 0.0568895
0.1180093 0.5987434 0.604065 0.9015322 0.04932777
0.2435805 0.1604107 0.8630606 0.4703582 0.2994483
0.9921532 0.9156651 0.2754324 0.7382133 0.1799562
0.4584364 0.1566672 0.5954118 0.4815922 0.7451887
0.6415352 0.2748503 0.09798389 0.9660465 0.3855926
0.909805 0.6239578 0.6864792 0.3133277 0.8952214
0.6848525 0.9906246 0.215813 0.8692316 0.7425746
0.2715481 0.2102544 0.6064306 0.2664047 0.8061382
0.1778399 0.7777699 0.784157 0.2433503 0.639126
0.7732432 0.8823123 0.5100055 0.5982608 0.2712043
0.3968538 0.4160712 0.1835291 0.1568868 0.2826159
0.951303 0.383851 0.1728915 0.3094345 0.9919268
0.6043304 0.4851561 0.330183 0.2111808 0.04525003
0.3231666 0.6820396 0.61561 0.7233131 0.8725087
0.9653378 0.9431071 0.52427 0.7300935 0.9342524
0.5543497 0.4180468 0.4560666 0.8357279 0.3376101
0.6457672 0.9760212 0.5983509 0.8745541 0.3480672
0.1677517 0.5075885 0.5866209 0.2554411 0.903194
0.07298962 0.731139 0.7120757 0.9520381 0.5663519
0.9521801 0.8791326 0.6634094 0.1142466 0.05215475
0.3836737 0.8387004 0.9617354 0.221913 0.535459
0.7644774 0.7645093 0.5821066 0.3716163 0.04572722
0.5207878 0.6436908 1 0.755808 0.5655021
0.3171817 0.6438829 0.638131 0.6691292 0.3343512
0.5495972 0.726452 0.3242329 0.9697288 0.05975484
0.8604734 0.106747 0.6169925 0.3610297 0.2188036
0.226201 0.4163475 0.1547939 0.1029148 0.4221554
0.9038507 0.8037257 0.4737414 0.7515298 0.12556
0.4417301 0.2956489 0.8065831 0.4885316 0.2219893
0.769182 0.8186901 0.3850337 0.3825723 0.7344075
0.6707793 0.7745082 0.154954 0.1002858 0.5520313
0.6236307 0.8044066 0.9381892 0.02457783 0.8597645
0.2394422 0.2862942 0.4033231 0.7582332 0.08171093
0.1661855 0.1811873 0.5042091 0.5341294 0.7452121
0.4105677 0.5452045 0.308368 0.9364741 0.9332923
0.7006739 0.6656548 0.7383934 0.833796 0.322197
0.4888507 0.456056 0.4241482 0.2732801 0.2784187
0.3845371 0.1519605 0.2096828 0.4969153 0.07508529
0.2431208 0.7714571 0.4644164 0.123529 0.02629194
0.12041 0.4741375 0.2356957 0.1709889 0.1161744
0.2013808 0.8144394 0.7123828 0.7657855 0.5729692
0.04046405 0.4756616 0.3556045 0.5348693 0.8658231
0.5752057 0.3499528 0.01945661 0.5186655 0.7719575
0.9467209 0.2602514 0.2795439 0.9725465 0.4068143
0.3524853 0.2197039 0.09131787 0.8447577 0.03758488
0.06767115 0.5299042 0.6026826 0.6111067 0.2808378
0.7187845 0.1425705 0.9165811 0.1972276 0.4482286
0.9726045 0.349506 0.4647386 0.7775628 0.1288283
0.304737 0.4500426 0.2695405 0.8728292 0.8973382
0.5882137 0.05262562 0.2135292 0.5985281 0.2951691
0.4438353 0.5557446 0.2919954 0.8239091 0.3451455
0.3918539 0.8120338 0.999812 0.1645099 0.8736753
0.8116707 0.7380386 0.4996103 0.09471803 0.8544121
0.5571545 0.1299034 0.7238407 0.008291571 0.7995639
0.7940641 0.3260577 0.1954412 0.4431163 0.4785737
0.9225533 0.9753444 0.24842 0.9440133 0.8904918
0.8443001 0.3702928 0.05248428 0.7198092 0.7448406
0.9825873 0.630983 0.8463802 0.5562509 0.6535687
0.2775622 0.2758949 0.1754167 0.6315592 0.06217482
0.950117 0.4115111 0.7161662 0.1640677 0.4467197
0.2351118 0.3906401 0.1644773 0.5038956 0.6010821
0.7391309 0.7791495 0.6910861 0.06663461 0.7497865
0.2880403 0.1647544 0.4572484 0.9826315 0.6415659
0.8294532 0.01880037 0.3277539 0.6871396 0.2362726
0.792118 0.1494808 0.02004569 0.3129553 0.8560137
0.9796168 0.9461358 0.3941422 0.1370305 0.6315461
0.01930861 0.4323145 0.3800235 0.1693834 0.3716633
0.7850628 0.2306443 0.8900822 0.8540421 0.1509318
0.8768865 0.5334191 0.5338356 0.6773881 0.1179631
0.8503879 0.8665981 0.3868331 0.8204718 0.1213174
0.5076559 0.466438 0.002835433 0.7764902 0.2525315
0.3368962 0.7229419 0.05866284 0.03626251 0.4464385
0.6489089 0.2927743 0.5536305 0.01028653 0.6949519
0.8714877 0.5934374 0.3238251 0.3879665 0.04729878
0.1684544 0.4110155 0.6677989 0.6822556 0.7812622
0.8133369 0.3141257 0.1623811 0.1488926 0.9872134
0.3072959 0.5573396 0.6818603 0.7935292 0.6942401
0.6320694 0.670594 0.7666069 0.8709097 0.3100576
0.07593097 0.2669168 0.3755413 0.6021724 0.9203704
0.1212197 0.4668167 0.8508115 0.6086768 0.2612151
0.2454274 0.05884793 0.9622029 0.9546265 0.5518206
0.5271381 0.7172853 0.677124 0.7781149 0.7689631
0.4350033 0.9691515 0.3866929 0.7527225 0.8881313
0.8517882 0.7261907 0.9642524 0.3976237 0.3312971
0.5214859 0.444084 0.1769522 0.3873739 0.6259496
0.4258728 0.4200212 0.8794644 0.1285087 0.7868519
0.9410465 0.8469621 0.6368698 0.09464439 0.7670113
0.5819198 0.04306551 0.05074554 0.6018431 0.8219034
0.02034214 0.5335694 0.2442259 0.8730825 0.7574037
0.5986867 0.3581749 0.3003812 0.0149692 0.1906428
0.2191044 0.7218353 0.0711334 0.6967696 0.8893268
0.5593876 0.04406988 0.2150992 0.9442269 0.9074388
0.8884493 0.01334355 0.3274322 0.2740765 0.4324332
0.08008772 0.2016976 0.5792696 0.8887639 0.846622
0.03866487 0.7951576 0.8693248 0.6129808 0.7583987
0.1612506 0.5342372 0.3651692 0.8472968 0.01570365
0.431598 0.8618239 0.5117388 0.684833 0.9180929
0.2321079 0.5211353 0.109475 0.1976083 0.5931711
0.3162186 0.5782081 0.7720636 0.408837 0.9068244
0.08372597 0.07585547 0.6527485 0.07996481 0.902749
0.8667988 0.7142904 0.5228072 0.5915549 0.3424626
0.7319629 0.3339258 0.170833 0.951332 0.4414316
0.2869134 0.6395887 0.5845628 0.7041621 0.2655175
0.4451355 0.9450228 0.857316 0.8021794 0.2252289
0.5525907 0.9756461 0.2014063 0.9430022 0.7566169
0.3458 0.9928007 0.4390737 0.5528376 0.5207518
0.5423643 0.135381 0.1576741 0.2765737 0.208005
0.2410872 0.0302095 0.390331 0.3051936 0.9816109
0.05371765 0.6583841 0.3599712 0.3261199 0.8451277
0.890667 0.3716058 0.2885208 0.916927 0.194778
0.2032804 0.3684074 0.6867308 0.3518623 0.958386
0.9960865 0.5204556 0.4950792 0.4629899 0.8607972
0.6958755 0.6981723 0.05112183 0.6049041 0.07524048
0.5264049 0.4525708 0.05613167 0.7325881 0.6652028
0.0515002 0.8022291 0.2730515 0.3090783 0.9560893
0.1671921 0.9421093 0.1653269 0.9161186 0.5831447
0.9011077 0.9503357 0.4352904 0.348273 0.7040952
0.7752443 0.5928361 0.9974903 0.5844826 0.7285251
0.2591007 0.9410759 0.230353 0.8002957 0.9796235
0.8103309 0.02721852 0.4896456 0.2309228 0.06781708
0.2024401 0.8229241 0.2312494 0.7045286 0.1888857
0.2547101 0.6984063 0.5663052 0.5265764 0.4625367
0.9577613 0.4115641 0.8015084 0.4919758 0.02313286
0.6089182 0.4964723 0.9737086 0.7254569 0.3826109
0.3624735 0.8538523 0.160418 0.240623 0.3427408
0.5387554 0.780403 0.6705675 0.4567072 0.7285485
0.3248222 0.9349842 0.7912048 0.4525249 0.7028258
0.3643037 0.5494412 0.01859767 0.4690999 0.8590713
0.8323709 0.3958931 0.1592707 0.4430516 0.1962131
0.7645406 0.7261708 0.06082405 0.9597766 0.2187344
0.7090903 0.3590501 0.6238391 0.6087242 0.2772979
0.4584025 0.9744339 0.8081998 0.8209741 0.1832764
0.7682543 0.213327 0.4603811 0.5368043 0.6598158
0.5674008 0.335768 0.5440367 0.1958478 0.4807872
0.3110203 0.204045 0.1773151 0.2924592 0.5064874
0.2642843 0.5535554 0.770682 0.0533342 0
0.103762 0.8211403 0.1426302 0.269377 0.2966663
0.259536 0.4198753 0.1816266 0.4457765 0.1789243
0.08605955 0.322253 0.241312 0.663399 0.6387526
0.8511715 0.4204771 0.8083653 0.7302024 0.4302321
0.1697707 0.003255938 0.4642712 0.812379 0.1888597
0.8709525 0.3076763 0.3996804 0.1939147 0.0677668
0.504402 0.5780671 0.8618646 0.1343039 0.5459325
0.3372397 0.4734379 0.3225813 0.5524202 0.1879362
0.753012 0.4865498 0.05081124 0.9648225 0.8969289
0.7530497 0.981519 0.001359913 0.5281167 0.7561295
0.8663596 0.4973246 0.2953376 0.8029294 0.1078786
0.05336833 0.6535505 0.4435296 0.8461291 0.7751264
0.8425707 0.9929805 0.2012924 0.2770241 0.1671923
0.5186129 0.2213439 0.1103981 0.1306418 0.6232016
0.586243 0.9357028 0.2647179 0.8701442 0.2346295
0.5129616 0.4732491 0.9123981 0.3069517 0.2134167
0.6148422 0.7317332 0.940089 0.6074881 0.5429044
0.8602111 0.4789305 0.7248559 0.07983425 0.6288551
0.4287626 0.9720381 0.6915119 0.3024666 0.1944341
0.8442977 0.5527475 0.03134956 0.2182855 0.1625055
0.4400806 0.7906289 0.6685742 0.06338446 0.1610053
0.9552012 0.05225451 0.7300629 0.8834496 0.6033483
0.4211058 0.3076797 0.8868579 0.04655749 0.4156576
0.9194555 0.7019995 0.849283 0.7527098 0.01582445
0.09028246 0.8362327 0.798081 0.9752164 0.02132483
0.3216711 0.2834874 0.9242274 0.8233325 0.1210418
0.5325483 0.221467 0.9933889 0.4402312 0.8070821
0.939793 0.7127787 0.4102569 0.8644481 0.3462801
0.473438 0.8864264 0.3818566 0.6212631 0.8252544
0.1954438 0.9473851 0.5967926 0.4768681 0.2411397
0.7268794 0.7073802 0.1740678 0.5417854 0.5895616
0.1841887 0.636502 0.07299264 0.5222501 0.7008587
0.320529 0.7531969 0.1001401 0.8178819 0.2026642
0.7605771 0.9802373 0.7466889 0.506781 0.7237524
0.006530396 0.878943 0.9284216 0.1258609 0.6757816
0.755412 0.7809677 0.1224543 0.5914558 0.9655685
0.09969365 0.08927089 0.9339851 0.5511555 0.08492357
0.8032435 0.07963385 0.6570039 0.3031057 0.5226059
0.3172774 0.7131489 0.3410883 0.5720913 0.2377443
0.08919478 0.4934541 0.1081861 0.1090941 0.4821756
0.7578183 0.2995473 0.0905453 0.1904269 0.2336998
0.3894274 0.7477605 0.6203886 0.9902717 0.06546803
0.6185677 0.8596353 0.684023 0.7581474 0.4108141
0.03188389 0.3281818 0.396596 0.2883813 0.3412564
0.3736931 0.2079998 0.7205595 0.8526009 0.7683897
0.2994622 0.323071 0.527 0.4647082 0.2727561
0.8679868 0.7156842 0.02887397 0.6691817 0.2777618
0.1462113 0.7470313 0.5295371 0.3858782 0.690014
0.8099716 0.4039919 0.01378968 0.2900798 0.2814967
0.8419773 0.7306744 0.5300658 0.4550774 0.8742226
0.8307812 0.2764458 0.1856681 0.9235991 0.2228526
0.7912753 0.9597894 0.7305642 0.3002255 0.8117541
0.2275647 0.07867115 0.5469332 0.2537768 0.7964423
0.6175614 0.9423439 0.217758 0.3332403 0.6000167
0.796444 0.686716 0.2800124 0.5959928 0.5060472
0.3997603 0.1420275 0.6606363 0.8126158 0.4686142
0.8259673 0.4125527 0.5667176 0.9704502 0.7300418
0.6810769 0.01729187 0.9131071 0.9671555 0.4399358
0.5818346 0.1052466 0.2207506 0.5596073 0.1987058
0.2448914 0.479143 0.4634582 0.07172945 0.5657157
0.2471644 0.328385 0.7931325 0.03260824 0.8943445
0.3180681 0.3360984 0.3125435 0.7009499 0.8701303
0.3805974 0.7625106 0.1120006 0.7892816 0.239617
0.8049081 0.9409877 0.9339971 0.5909684 0.4666155
0.07314447 0.8237744 0.4274863 0.5011662 0.292593
0.2349951 0.5365176 0.7114898 0.2128839 0.4024285
0.3032627 0.7953557 0.1944296 0.1718162 0.1692643
0.5765811 0.2908596 0.1394031 0.1786318 0.72566
0.8026557 0.7680764 0.0446774 0.1812983 0.01486078
0.3203323 0.7697367 0.9240041 0.1990809 0.6023382
0.1947695 0.3969819 0.6179558 0.5235779 0.6330637
0.8302065 0.7668749 0.686575 0.7208729 0.7591815
0.3721509 0.07256021 0.5462852 0.9213097 0.8058533
0.9559322 0.3503737 0.7389071 0.8770412 0.2299984
0.6313069 0.6818853 0.3802734 0.489096 0.2027989
0.6621777 0.4845819 0.4159874 0.8169613 0.8069319
0.7402498 0.195973 0.9504234 0.2910899 0.4108479
0.9073284 0.09371914 0.941191 0.3459345 0.6315562
0.9339225 0.01500492 0.8631544 0.4431248 0.2434525
0.9537392 0.5230729 0.4040868 0.5752118 0.280029
0.825043 0.8678428 0.897837 0.8262699 0.3521516
0.002572057 0.6921982 0.490349 0.3173807 0.2354025
0.9771051 0.2028563 0.5866835 0.7662189 0.857204
0.4140287 0.5535824 0.3713479 0.3155359 0.5144063
0.9710027 0.7472081 0.6761726 0.353907 0.9611516
0.863779 0.2455214 0.4520319 0.176556 0.06242328
0.8287981 0.496456 0.9612183 0.04873886 0.985801
0.8408305 0.09373814 0.05272794 0.8599179 0.7984732
0.8120823 0.09262632 0.5664279 0.1441883 0.1222302
0.1381357 0.2862972 0.4971967 0.7365789 0.3387985
0.375917 0.7059723 0.8611721 0.9517824 0.3485593
0.6617666 0.03002866 0.7714547 0.6618788 0.06085065
0.6319 0.2431373 0.04712572 0.9576918 0.1204489
0.1850538 0.585883 0.4592545 0.649275 0.6851944
0.05940908 0.7718614 0.7874116 0.1389933 0.1642899
