0.3066059 0.5734756 0.3081896 0.2610313 0.08974654
0.8026698 0.8240005 0.8809073 0.185535 0.4073177
0.99035 0.8838795 0.006992588 0.7290959 0.0334012
0.9505858 0.8822366 0.6923663 0.2168325 0.2008388
0.5364336 0.5726143 0.1245506 0.538803 0.1582286
0.8932672 0.0453147 0.2854811 0.9264373 0.9474536
0.1782845 0.6580687 0.1595861 0.9288294 0.148247
0.2182984 0.1157867 0.08341616 0.5299041 0.6436369
0.9796022 0.7970041 0.1906698 0.9638395 0.09322613
0.7105371 0.966022 0.1102391 0.4560641 0.5955632
0.172126 0.8559528 0.5752195 0.7675743 0.7327566
0.2464738 0.4092494 0.8102049 0.9617747 0.458867
0.6384214 0.5826383 0.4293946 0.6023225 0.7822864
0.08262807 0.2319381 0.004852248 0.2562241 0.1625056
0.07782005 0.5895614 0.8140115 0.09722824 0.9595556
0.9013299 0.3245723 0.298028 0.9722686 0.2650343
0.5892345 0.3335945 0.9126424 0.4083055 0.2633848
0.472656 0.2924744 0.8240574 0.3158312 0.450185
0.5587994 0.5748483 0.4732283 0.6569138 0.03590444
0.2511461 0.5599517 0.2221455 0.5600181 0.6036666
0.8735596 0.9592228 0.8596432 0.2136164 0.4418013
0.02419738 0.3757638 0.2114553 0.4574432 0.2787469
0.8164722 0.6283528 0.1182282 0.7447893 0.6796776
0.9077818 0.08297537 0.1364269 0.6563643 0.8948543
0.2812183 0.4959368 0.8934978 0.7241907 0.01507945
0.5805558 0.2656753 0.1545442 0.0680196 0.1722811
0.6716389 0.2593986 0.4455433 0.7146205 0.640193
0.6047217 0.6095268 0.6297549 0.1721565 0.3402424
0.732838 0.9735943 0.2768679 0.5356779 0.4625633
0.1167047 0.5611025 0.7149524 0.006763572 0.3247024
0.5932551 0.4805499 0.8115313 0.9966215 0.2462184
0.4052018 0.8320416 0.8897209 0.1639677 0.03490824
0.07854613 0.1131958 0.6899594 0.8524702 0.004523229
0.2191758 0.5326275 0.8204011 0.6655182 0.6956695
0.8666315 0.7108731 0.8998962 0.06793364 0.09070903
0.07574835 0.765013 0.3170431 0.9561133 0.09402687
0.06154725 0.2872513 0.07560754 0.6396375 0.1162881
0.01887359 0.9744087 0.2681602 0.407311 0.1179989
0.9803862 0.1900902 0.8727015 0.09666966 0.6794562
0.6551116 0.7858296 0.1831422 0.8405046 0.001005531
0.9482254 0.07263943 0.2767188 0.9915363 0.7983691
0.1365923 0.3728205 0.6237535 0.888419 0.6480551
0.9779054 0.7883331 0.7872868 0.8261157 0.6371521
0.0354794 0.4432991 0.9723838 0.0721537 0.2664255
0.1630877 0.1687924 0.9911977 0.1167527 0.6797718
0.4435783 0.1911123 0.9818096 0.5698311 0.05056358
0.3301101 0.1963127 0.1873395 0.2370494 0.4473069
0.1299868 0.6882862 0.05451832 0.6844032 0.4269655
0.3002018 0.01748532 0.3836505 0.1806422 0.9534336
0.3818921 0.3156549 0.7571082 0.5655015 0.04262565
0.6746959 0.8528484 0.1016902 0.9252158 0.5960798
0.7562802 0.8307302 0.5286084 0.2402841 0.223159
0.9955709 0.8942462 0.3560974 0.334156 0.1269738
0.3516451 0.44555 0.557733 0.8922359 0.2441371
0.7347028 0.6113059 0.2454725 0.9801403 0.5692784
0.3450819 0.6232022 0.09814489 0.7902012 0.1248369
0.8642246 0.5599248 0.4725863 0.8872663 0.9238639
0.1865343 0.4274321 0.4433419 0.4058437 0.357348
0.02321904 0.3890157 0.3180588 0.8061138 0.4528983
0.3562256 0.8222766 0.3047489 0.1283596 0.8037225
0.9037134 0.8283687 0.4087452 0.725731 0.6385655
0.1164449 0.1041238 0.8865818 0.7867151 0.8625747
0.9089421 0.7913005 0.4720702 0.8558843 0.5586387
0.4910459 0.03436455 0.3332497 0.702411 0.2522245
0.122201 0.1015476 0.2383927 0.04686877 0.8682339
0.7334743 0.9664542 0.1291689 0.2692277 0.7000341
0.8560531 0.5732477 0.4835621 0.01011382 0.5193764
0.6064463 0.7076396 0.2703841 0.8458339 0.7458608
0.4159975 0.4954463 0.5210503 0.4458559 0.5089872
0.7982012 0.5924 0.8644793 0.9748205 0.457156
0.4706191 0.3473432 0.1878186 0.2821143 0.3907674
0.1424317 0.5685814 0.1242153 0.5676306 0.738649
0.3541112 0.3979247 0.3306898 0.2356878 0.8225555
0.2260106 0.5394329 0.5897821 0.4310484 0.9186332
0.7613342 0.3439424 0.2673759 0.5854978 0.7217923
0.2762982 0.3343912 0.8570877 0.1246751 0.1734841
0.8698511 0.9561754 0.2986921 0.2317254 0.4592198
0.4646988 0.2270457 0.3462349 0.2770568 0.404699
0.7438815 0.358631 0.7033281 0.2729058 0.2381371
0.818861 0.8357939 0.3436337 0.2621416 0.3612082
0.3213943 0.6472408 0.2087573 0.5230051 0.001860238
0.6303466 0.8770261 0.6468629 0.3048314 0.8016414
0.8253081 0.1675307 0.9583104 0.949673 0.2054808
0.7373701 0.06148923 0.7722281 0.7083236 0.7243273
0.08516829 0.8327088 0.7199184 0.4508233 0.09024298
0.3473733 0.2495705 0.1859379 0.7363951 0.07195161
0.3454576 0.6899561 0.7312865 0.03195968 0.8507414
0.0389217 0.7671553 0.327644 0.8111987 0.1182559
0.9320049 0.0763754 0.03491835 0.178849 0.7606877
0.8616446 0.7998337 0.7822999 0.6786076 0.9378268
0.5779019 0.8606093 0.884403 0.5966799 0.4612871
0.8838323 0.7389575 0.3807489 0.8952821 0.3897763
0.08354853 0.6101789 0.7825938 0.5137481 0.2867688
0.2707532 0.9628238 0.5817169 0.2789097 0.331173
0.6153688 0.5194551 0.4609835 0.5870764 0.8375699
0.4145299 0.6257627 0.6358515 0.5561698 0.8934899
0.5675699 0.7536968 0.67079 0.273591 0.4119359
0.5669007 0.9781028 0.7710078 0.06617996 0.6817177
0.09246114 0.5884041 0.1299387 0.01072743 0.3860324
0.8024318 0.08451729 0.8151745 0.549977 0.4149403
0.05327685 0.02154303 0.4296252 0.02901013 0.7696776
0.5396103 0.1555905 0.1846429 0.2601067 0.04106734
0.9666525 0.6326826 0.2245881 0.8750572 0.6894974
0.4191286 0.7493973 0.04072622 0.9439166 0.2113232
0.9778594 0.637013 0.9834698 0.5416232 0.4393282
0.7370801 0.7857933 0.8777307 0.4948892 0.6459159
0.296902 0.4879324 0.9142365 0.8171371 0.4980041
0.9112348 0.6283651 0.4594171 0.3324076 0.6635188
0.5479695 0.7870949 0.1548148 0.1632662 0.5109242
0.797938 0.1293795 0.683826 0.5086412 0.3468347
0.5997758 0.348077 0.2947979 0.5922856 0.7475145
0.7050228 0.9385455 0.000170717 0.3806026 0.4019098
0.3996073 0.3569957 0.7871185 0.8450507 0.3834587
0.02675336 0.2516585 0.9442411 0.1011644 0.6954848
0.7796845 0.1896506 0.4552452 0.7536324 0.7122415
0.9672563 0.8883202 0.4622603 0.397486 0.922874
0.3471913 0.05974987 0.5050056 0.8086227 0.658646
0.4215574 0.6446496 0.9628242 0.006309525 0.6559849
0.5694275 0.5370928 0.2065629 0.06923913 0.6230612
0.7003557 0.3094549 0.5959082 0.3383326 0.8409557
0.8007963 0.9556793 0.6244417 0.7027939 0.435143
0.04969987 0.9899421 0.2240174 0.4909815 0.4194356
0.567007 0.4007154 0.09669614 0.7308961 0.9083212
0.8482187 0.585186 0.3456345 0.9820397 0.823511
0.04837753 0.6156657 0.1034205 0.7432855 0.2407728
0.07477118 0.9310202 0.6887185 0.008331801 0.5558805
0.6262873 0.4407371 0.5299863 0.4233406 0.20719
0.5106936 0.07355605 0.03224775 0.8844729 0.9942446
0.9787477 0.4039112 0.2702329 0.9267998 0.5523055
0.03935415 0.6029506 0.9053229 0.7636935 0.1925564
0.5609558 0.219435 0.5954615 0.167146 0.8424445
0.7691054 0.9951052 0.1413088 0.08637853 0.4475117
0.9661013 0.4418639 0.7368095 0.2974882 0.4853608
0.6325836 0.9635073 0.8511671 0.8130993 0.7584968
0.6838268 0.3606292 0.8616057 0.0709388 0.5419684
0.7038623 0.9329979 0.8302701 0.01458102 0.6431724
0.6143027 0.3374069 0.6641443 0.2955657 0.7553204
0.8535203 0.3639588 0.8224874 0.1736193 0.3726549
0.2147954 0.2241354 0.7724066 0.2499577 0.02242131
0.3742132 0.1217925 0.593025 0.5077698 0.8057102
0.9800983 0.9987883 0.3017101 0.2801007 0.826354
0.5207041 0.7609178 0.269744 0.4251137 0.9038085
0.2326573 0.1953978 0.6151217 0.9320435 0.8654858
0.2206589 0.7113182 0.4923895 0.2198585 0.8187489
0.7319193 0.337474 0.154904 0.589291 0.2249991
0.5053131 0.6632298 0.08036521 0.1868016 0.9183194
0.3394414 0.4642703 0.4224438 0.3382377 0.760652
0.8349333 0.762271 0.0908942 0.9478398 0.7510155
0.6985441 0.2472505 0.6798074 0.1812356 0.4990133
0.5688265 0.5380784 0.2564006 0.06875702 0.9076053
0.766672 0.667592 0.4542619 0.9880356 0.9277938
0.4803332 0.4871071 0.4345462 0.6059124 0.1924737
0.4760841 0.5584706 0.1492392 0.9016309 0.6752882
0.806539 0 0.9706567 0.009955965 0.0958583
0.4145175 0.6113523 0.8358909 0.9662853 0.753023
0.09594326 0.2004716 0.04943281 0.7813321 0.7217454
0.3625453 0.1463318 0.8222619 0.338261 0.6832941
0.3019591 0.5930301 0.1721272 0.2878894 0.9056994
0.9539379 0.7045625 0.5038285 0.4165244 0.7104995
0.4045829 0.5165723 0.5626092 0.9998508 0.7647494
0.4022003 0.131057 0.33674 0.4596338 0.2306715
0.4542244 0.6411036 0.7478461 0.1811017 0.9450111
0.3000648 0.6473862 0.5493322 0.2680744 0.7244562
0.9268913 0.837665 0.4798723 0.374873 0.01385815
0.9019528 0.3371222 0.9247157 0.2517275 0.4868022
0.1343492 0.09714739 0.1174543 0.8950266 0.5186287
0.3165668 0.9945158 0.4269376 0.838901 0.7753844
0.1193445 0.9521283 0.4092541 0.9380194 0.4687985
0.6969032 0.3742452 0.7181802 0.7885649 0.8238314
0.2207041 0.02832121 0.531777 0.7697219 0.9851953
0.1176965 0.650791 0.6334894 0.3782581 0.9944252
0.2611667 0.2462468 0.7914665 0.3342703 0.5893611
0.2891434 0.9097203 0.8172849 0.3601273 0.7252099
0.05801757 1 0.5883302 0.3229989 0.02782582
0.9865147 0.1618805 0.1174645 0.4794386 0.5346411
0.1209483 0.988725 0.5467838 0.2775704 0.4769707
0.832648 0.4265924 0.1328 0.4001572 0.48891
0.8652595 0.008760532 0.2565025 0.3799339 0.1628985
0.5578214 0.03888884 0.8357218 0.3181857 0.9268329
0.957724 0.2866788 0.9279627 0.05704717 0.5166335
0.001734413 0.6660378 0.5751379 0.1934818 0.6998583
0.5734102 0.4240304 0.5425772 0.1323612 0.8500759
0.2057326 0.6167895 0.7951638 0.3674046 0.9436108
0.2567427 0.8899531 0.1012124 0.6793746 0.4983928
0.9965281 0.9883887 0.3381734 0.1000645 0.7190086
0.5020312 0.1103994 0.1945573 0.5937703 0.4024355
0.2710252 0.4108421 0.3440109 0.6405402 0.05910739
0.5010329 0.02263187 0.9964266 0.04618034 0.02813342
0.2653277 0.2919578 0.1520833 0.3897593 0.6431041
0.7708587 0.7835602 0.6911072 0.9845154 0.2434454
0.1670477 0.5853985 0.6067385 0.3645645 0.3907323
0.7823172 0.8331787 0.2024468 0.4048095 0.3834166
0.8308236 0.6323028 0.9392823 0.8220683 0.02483394
0.4866424 0.6680332 0.03495068 0.8268198 0.04956812
0.2582842 0.8111263 0.1168266 0.7103225 0.249362
0.07096552 0.3613147 0.4206518 0.3625869 0.188287
0.1550628 0.379123 0.8557491 0.7766659 0.4216183
0.6908939 0.2175066 0.4840709 0.9631965 0.5137434
0.4892461 0.757835 0.9846076 0.8079425 0.8692885
0.7932808 0.7169292 0.4788726 0.1719154 0.3479346
0.1435431 0.5966135 0.3374381 0.9530486 0.6838992
0.9884364 0.6655493 0.001518722 0.723735 0.9518038
0.681532 0.4339757 0.4265308 0.3950597 0.6199223
0.5161261 0.5591045 0.3880933 0.6760933 0.2321878
0.1792575 0.3388546 0.1778759 0.1290646 0.9245391
0.03360928 0.2121134 0.1197353 0.8769974 0.7561091
0.1972228 0.9631271 0.2078098 0.4527235 0.782896
0.4447957 0.1090598 0.5756399 0.7918718 0.8161683
0.6239094 0.1658981 0.5127109 0.5544389 0.5911043
0.1908583 0.588579 0.9009081 0.117865 0.8436536
0.1904298 0.5804917 0.0819468 0.6067271 0.9329087
0.7660499 0.1776124 0.7014662 0.9950595 0.6939194
0.8312567 0.42905 0.004238502 0.3354115 0.3195338
0.2778715 0.1780922 0.9277634 0.125085 0.09610908
0.8849856 0.04479386 0.6163935 0.3965562 0.8172263
0.03095405 0.9611782 0.4903005 0.4146311 0.6825211
0.6001357 0.9467822 0.531856 0.121271 0.5637331
0.5827117 0.3041549 0.1197033 0.1855633 0.6444669
0.5563784 0.3931746 0.3574995 0.557224 0.5843578
0.6852917 0.735683 0.1435324 0.1056723 0.2307743
0.4128421 0.3707861 0.8574782 0.4265596 0.1833647
0.1249477 0.7675501 0.1415395 0.06598952 0.7029753
0.7372663 0.6084946 0.1514012 0.4973662 0.7976528
0.03384322 0.05205865 0.4031421 0.00215442 0.9871222
0.1865573 0.3955809 0.03055543 0.3059291 0.7511268
0.9921775 0.5160982 0.3989006 0.545933 0.5884827
0.3761027 0.4252495 0.2180916 0.9272956 0.3374493
0.856167 0.5954683 0.7530224 0.2087061 0.9635394
0.1623376 0.001601298 0.2390147 0.8560174 0.1234534
0.2356659 0.354397 0.7244586 0.6701505 0.6174825
0.1946917 0.4876826 0.8977126 0.4195172 0.2696416
0.3488134 0.09525487 0.3438535 0.4701495 0.8880937
0.4753737 0.7611463 0.4287196 0.8585756 0.9408001
0.7714255 0.08084971 0.6039561 0.365584 0.9557207
0.7938759 0.586102 0.7751529 0.7937304 0.09386312
0.6030175 0.9047125 0.711742 0.3144945 0.5095844
0.4609212 0.2690072 0.04852566 0.7063302 0.3636117
0.4339068 0.6438535 0.8500847 0.6579408 0.6860837
0.7298745 0.9365082 0.04152969 0.1663618 0.9214811
0.352209 0.2292724 0.7067492 0.7166105 0.3399438
0.4418602 0.1195701 0.7450934 0.2196459 0.06645557
0.2794562 0.6037029 0.7419574 0.2020688 0.6650354
0.837412 0.5248703 0.3350839 0.6779809 0.2006991
0.3681305 0.5919747 0.7585163 0.5400625 0.1863453
0.8904382 0.09007429 0.5811783 0.1537604 0.8858456
0.51189 0.05896966 0.29493 0.7756765 0.8075215
0.67673 0.19781 0.9987779 0.3641932 0.2122153
0.8854132 0.1346186 0.2926733 0.9374885 0.1509492
0.5288886 0.09293912 0.5356862 0.01196538 0.05797197
0.4618016 0.9037988 0.4912896 0.8771482 0.00637465
