0.859602 0.3499302 0.3924045 0.6611215 0.7189149
0.8567098 0.7577143 0.7863243 0.3021672 0.959353
0.8688381 0.4797226 0.1597539 0.3455179 0.7490592
0.3381563 0.5916962 0.147521 0.2070622 0.2109792
0.3116913 0.9890648 0.4906836 0.3710298 0.2518059
0.3523888 0.434529 0.1240914 0.5948382 0.9606667
0.8916974 0.9619364 0.614533 0.2951759 0.2781133
0.5908217 0.9639609 0.6740898 0.5734057 0.5471805
0.1630691 0.957485 0.2568047 0.1416235 0.3615389
0.2062683 0.1339059 0.6418089 0.696672 0.8037818
0.1740506 0.5599304 0.5841557 0.8870931 0.2269461
0.09304372 0.5961247 0.7669278 0.4812059 0.3158529
0.23912 0.7662427 0.5945572 0.370682 0.1306311
0.3722203 0.2902429 0.5964807 0.03381412 0.3607777
0.04805285 0.5151385 0.8528821 0.004384814 0.8087534
0.3417677 0.01338599 0.2458088 0.865527 0.9914383
0.9319004 0.917083 0.8509674 0.7124286 0.5234356
0.4219577 0.03503459 0.9738521 0.08989336 0.7321498
0.6988997 0.8851846 0.1468958 0.07273293 0.1884483
0.1892877 0.9942317 0.3408477 0.0468827 0.8049664
0.3263327 0.5297385 0.0007197879 0.5220606 0.7042797
0.9762792 0.553345 0.9746584 0.9752964 0.9701094
0.9726114 0.4724942 0.05243049 0.7960964 0.7045763
0.8084259 0.7513363 0.08064041 0.2953165 0.8088068
0.5045807 0.1837266 0.0309339 0.4743748 0.07536625
0.2872731 0.6272941 0.6723417 0.8095687 0.5539364
0.7688064 0.6482634 0.2980673 0.8511527 0.8826106
0.938286 0.437915 0.279531 0.4743074 0.5008327
0.03442332 0.8274796 0.7176822 0.4901563 0.978788
0.9773296 0.8411181 0.5019948 0.1964694 0.5310232
0.3427113 0.5899194 0.1313387 0.5031891 0.7052228
0.5056154 0.1052644 0.7291623 0.19127 0.5503837
0.4565472 0.4449671 0.7294868 0.4655778 0.9429196
0.5453279 0.07582717 0.518134 0.02257647 0.5628714
0.05439414 0.4227909 0.9883863 0.03604656 0.6422982
0.636406 0.9400244 0.9204257 0.310599 0.9030201
0.6897841 0.2838435 0.1389601 0.9891841 0.2792264
0.1169578 0.7182985 0.7262415 0.2091599 0.8842428
0.07843926 0.2436614 0.8657757 0.02141982 0.6270933
0.1781894 0.3841947 0.759701 0.04098424 0.1267804
0.362698 0.8679026 0.1251825 0.03506532 0.4516399
0.850076 0.1369549 0.6002359 0.7381835 0.5731485
0.604156 0.2009946 0.8112011 0.763737 0.7407743
0.6651516 0.4216455 0.6882183 0.5092925 0.2079616
0.5326791 0.4891551 0.3234295 0.2817389 0.7520559
0.3492966 0.00845928 0.7607867 0.2579374 0.9308537
0.6027043 0.2060833 0.233229 0.7797121 0.4816056
0.2454988 0.3458775 0.6792801 0.910394 0.3313907
0.1290702 0.4506505 0.2070166 0.6561044 0.4735088
0.815797 0.4477055 0.6575719 0.5808233 0.6249051
0.838583 0.9202334 0.3013584 0.07059665 0.4571424
0.05534972 0.4551789 0.2345638 0.9395381 0.6452464
0.6453445 0.3448144 0.2278983 0.834514 0.4770989
0.5927928 0.1197278 0.8387193 0.06736321 0.1151664
0.4199151 0.3294298 0.9943121 0.298615 0.7519622
0.3983908 0.1010563 0.002421985 0.9248031 0.03966712
0.7745329 0.1970839 0.815846 0.0499417 0.158759
0.0993328 0.6908047 0.7164734 0.5775515 0.2694349
0.07422737 0.6661206 0.1168261 0.03189387 0.2775582
0.926917 0.1718933 0.2977701 0.8610982 0.0699544
0.3139154 0.9554733 0.685566 0.6143201 0.6465273
0.9157632 0.5047458 0.8817239 0.07338867 0.174219
0.2136488 0.4364516 0.1046244 0.6001724 0.4583652
0.416189 0.1426572 0.530028 0.5279211 0.8718314
0.2880979 0.7633751 0.7144608 0.940424 0.7557405
0.3203913 0.8053706 0.3990532 0.6126546 0.8169102
0.8819636 0.0145803 0.5977294 0.3769472 0.7431037
0.01147261 0.6000823 0.8738171 0.2050105 0.8646198
0.2829153 0.5660425 0.6444676 0.1107769 0.4081247
0.2942612 0.6768671 0.2339212 0.3814166 0.3921694
0.0467205 0.2856911 0.8137428 0.09671799 0.494008
0.9954134 0.06390651 0.4184961 0.9366433 0.75392
0.4430005 0.1201158 0.443127 0.5934096 0.5537728
0.9615777 0.616095 0.2678571 0.07208737 0.1436219
0.8485528 0.2330478 0.8598291 0.4409416 0.9576689
0.1140538 0.1844418 0.58016 0.5412536 0.2237245
0.768959 0.038029 0.6363779 0.2437141 0.3498853
0.977523 0.5528485 0.3941513 0.85092 0.9189453
0.8316925 0.2794691 0.4583561 0.6541587 0.7903161
0.9773557 0.416386 0.180712 0.6669026 0.6066934
0.4171973 0.3725723 0.5081041 0.3032247 0.8775025
0.3978659 0.1470966 0.4976543 0.9349128 0.724444
0.9865893 0.4540556 0.810698 0.5704124 0.2077779
0.6424411 0.3600636 0.666735 0.07552971 0.2803012
0.6698356 0.1863076 0.7397724 0.7326341 0.3695576
0.7638482 0.8872984 0.5192992 0.7618401 0.6620008
0.7118029 0.3547314 0.8315111 0.5307272 0.8817596
0.2350834 0.6229611 0.6436423 0.9641272 0.6673147
0.3792258 0.6438332 0.9911462 0.5339449 0.5026671
0.7465545 0.03923012 0.3929855 0.2045224 0.5925076
0.4528131 0.8329298 0.3582374 0.9989161 0.5118406
0.1350647 0.7515012 0.07319321 0.7581864 0.6032291
0.3857183 0.04040465 0.9545997 0.9814691 0.4726539
0.4943578 0.2145431 0.9790966 0.3029244 0.7850883
0.983825 0.1085674 0.9542852 0.1802542 0.4158649
0.5480598 0.6209231 0.07054764 0.5195815 0.07668876
0.4638187 0.1957865 0.2851861 0.6963099 0.337483
0.639957 0.8241575 0.537345 0.455769 0.25798
0.03341348 0.9466546 0.6183198 0.4137578 0.9565928
0.8683212 0.421584 0.6188049 0.5490538 0.01607052
0.6652158 0.2073897 0.1599139 0.04872688 0.7311144
0.2578805 0.4772716 0.4535309 0.7544847 0.3780673
0.5934564 0.2907088 0.4060487 0.6078739 0.143999
0.6677917 0.4859312 0.3280068 0.7273045 0.08956066
0.8608583 0.03698841 0.6463689 0.8341781 0.08592927
0.612203 0.7549923 0.5972352 0.6261143 0.6161225
0.6638163 0.3719317 0.3296694 0.2364563 0.1252477
0.9179982 0.3217245 0.40343 0.7129563 0.8531101
0.1911528 1 0.742042 0.1478153 0.05591157
0.2534648 0.1551457 0.1023961 0.9347428 0.1347172
0.8949458 0.2047942 0.6732431 0.5132682 0.3830335
0.390728 0.6843107 0.9131778 0.8306954 0.3181132
0.5885743 0.8355961 0.6936168 0.9550535 0.110479
0.1907355 0.2426232 0.2307213 0.05095877 0.7596255
0.7205159 0.3237247 0.6560066 0.8723149 0.3908256
0.6963453 0.9103577 0.2682942 0.3078783 0.4018825
0.1884807 0.4364187 0.6141219 0.1941975 0.7358505
0.8190907 0.6464386 0.7891537 0.3922059 0.5672824
0.1168532 0.6785222 0.06118956 0.9265032 0.3803657
0.5006897 0.8186584 0.2364894 0.8256039 0.874499
0.006751759 0.572587 0.1587227 0.390856 0.5376802
0.616563 0.8379083 0.9162884 0.3484286 0.3095387
0.7146532 0.6884907 0.6691794 0.8674398 0.5598021
0.5844746 0.5237698 0.1814762 0.4086854 0.6349302
0.6432797 0.2186769 0.09979674 0.4868785 0.2356233
0.9377118 0.1983977 0.1134998 0.4714373 0.03989703
0.1579733 0.5437986 0.9313046 0.05051099 0.269716
0.9234573 0.0142615 0.07515575 0.7906952 0.5964803
0.6990351 0.8553133 0.1663238 0.1044893 0.165992
0.8124885 0.5435217 0.03116173 0.2429327 0.299688
0.2321434 0.0328422 0.6843242 0.1158524 0.1481866
0.2417106 0.1318403 0.5240732 0.4272528 0.3935674
0.252351 0.3440019 0.1856433 0.3596249 0.0116753
0.5635362 0.3370068 0.4588087 0.1570553 0.4669347
0.9379954 0.6658032 0.5745498 0.3582865 0.8622292
0.6463428 0.01589879 0.8264217 0.1286351 0.9923651
0.726271 0.822334 0.7806172 0.3429998 0.6233705
0.9828464 0.9551539 0.3238498 0.2976402 0.6874745
0.4451519 0.2570819 0.6938452 0.6379794 0.3526911
0.2962221 0.1136923 0.1572322 0.7955233 0.6758312
0.4401869 0.2099028 0.09502264 0.9798246 0.3459673
0.2237544 0.7573445 0.2543713 0.4714423 0.9647286
0.8492917 0.5990558 0.2495382 0.3846244 0.2230826
0.6801473 0.7130779 0.4300412 0.646088 0.2193215
0.8237242 0.5838106 0.5092911 0.274617 0.06016495
0.9290675 0.03437654 0.9221527 0.7888152 0.7590131
0.5662892 0.7623649 0.55342 0.3365044 0.891514
0.4808197 0.1091816 0.1369654 0.4069676 0.2295699
0.457909 0.6352783 0.7925869 0.7325739 0.8999773
0.5491041 0.6215667 0.02265299 0.3612408 0.4786352
0.8248847 0.5291399 0.323589 0.1631219 0.398666
0.1224301 0.8730138 0.543678 0.6543021 0.9635222
0.5496634 0.9183503 0.3073962 0.6704792 0.664063
0.4920594 0.7311821 0.8965936 0.05155884 0.2304981
0.7605205 0.2876363 0.8250159 0.02334796 0.2055847
0.2929048 0.9238849 0.8034633 0.3550617 0.7795347
0.7214378 0.4270422 0.714246 0.2324423 0.2249665
0.0004246405 0.3594445 0.5345306 0.9743695 0.5728542
0.6821551 0.6882015 0.5356582 0.3618743 0.6898768
0.8666447 0.6880441 0.2273997 0.3137251 0.501262
0.3567254 0.02348613 0.7630929 0.2935262 0.8169258
0.4676271 0.5010401 0.2702537 0.1403634 0.9376445
0.1806537 0.6080645 0.9502045 0.8449634 0.4856317
0.02505583 0.2798273 0.1554357 0.08558379 0.4041281
0.7281905 0.2698348 0.7356902 0.7575027 0.2996139
0.5043635 0.3298997 0.9099721 0.722834 0.6738744
0.4597961 0.1124499 0.216955 0.02808413 0.07988991
0.5177924 0.4200375 0.5106395 0.4806285 0.04962369
0.974658 0.5916136 0.08509189 0.1231757 0.03808649
0.5303852 0.4316436 0.4037598 0.5127783 0.9824052
0.5745632 0.7184402 0.9440732 0.3690834 0.06604447
0.6741127 0.3622323 0.8018732 0.7216133 0.7296513
0.7962419 0.9202503 0.9317135 0.6851313 0.5219702
0.08013058 0.4550756 0.08942575 0.7190145 0.3392547
0.4766691 0.3125908 0.7959792 0.2554042 0.9660155
0.6735141 0.5739934 0.1827972 0.4127673 0.4661441
0.5145553 0.5743952 0.9199369 0.06030637 0.6208795
0.06298191 0.4334973 0.7583247 0.812179 0.00956426
0.09826286 0.7151465 0.2407531 0.9514817 0.01974104
0.7223531 0.8285143 0.3171168 0.6956062 0.2482685
0.2825101 0.3093241 0.5564293 0.9431239 0.7841473
0.8039511 0.5789677 0.2248703 0.1816638 0.9820325
0.3721718 0.07167507 0.4682629 0.6230859 0.1892961
0.7349052 0.5566196 0.1602983 0.6104373 0.09317034
0.0345953 0.3317508 0.1231612 0.7689836 0.133336
0.6571002 0.8262778 0.1094463 0.7364007 0.2516172
0.6506121 0.8940137 0.5456882 0.2619505 0.754198
0.2732279 0.8601006 0.6132309 0.6040803 0.948347
0.5847438 0.9258643 0.4497435 0.4062288 0.01172617
0.4281068 0.7446671 0.7577067 0.963331 0.9679177
0.1820225 0.2109636 0.1871959 0.1495414 0.3292444
0.2492387 0.126098 0.07892005 0.7123794 0.9838643
0.7426099 0.4338989 0.215631 0.8052297 0.2438166
0.2336684 0.5278348 0.7279256 0.4163814 0.5582853
0.1284377 0.2347723 0.5084523 0.9020339 0.6958169
0.9854016 0.1525057 0.4139103 0.3085543 0.1042505
0.9365925 0.9484314 0.384974 0.9080755 0.8215391
0.6689351 0.5322263 0.7095322 0.756471 0.8769645
0.02943057 0.7565497 0.1050787 0.6912048 0.819913
0.8493022 0.638761 0.4708999 0.457375 0.4982153
0.3020568 0.32614 0.2206584 0.4889454 0.4040563
0.1520331 0.1704447 0.3911624 0.241716 0.8379303
0.4098683 0.981796 0.1034331 0.8359024 0.5733598
0.700228 0.4007005 0.7049279 0.221778 0.7536109
0.2106284 0.3571581 0.2525365 0.9544558 0.415224
0.5423852 0.8067996 0.1198214 0.05586773 0.2423905
0.3958396 0.7261272 0.01835456 0.05759073 0.7106364
0.8324544 0.2037412 0.5060291 0.5445421 0.6660309
0.3112317 0.9383479 0.2324904 0.931968 0.4480665
0.0859143 0.7736486 0.5122147 0.7243856 0.5879849
0.831251 0.7360281 0.307923 0.04682563 0.08568041
0.8193384 0.3745844 0.6514385 0.6570194 0.7675506
0.4379953 0.6793317 0.2917745 0.9792441 0.523213
0.6765684 0.2717085 0.5507925 0.8149229 0.05046286
0.04184279 0.08877414 0.4531786 0.9333993 0.1439158
0.3196503 0.9229827 0.9705204 0.1281521 0.5542614
0.8990708 0.4855876 0.2277431 0.9565735 0.6594204
0.5493828 0.02003295 0.2265331 0.4942215 0.9134546
0.1413301 0.9104019 0.9218584 0.928027 0.2060336
0.2508179 0.4513856 0.998854 0.3063819 0.5062149
0.229245 0.7029859 0.1905427 0.08411284 0.2580654
0.1122565 0.663949 0.5858713 0.4446827 0.06111484
0.7320664 0.7634428 0.6413058 0.8317278 0.3943986
0.07888736 0.2237814 0.4670731 0.9221336 0.5473673
0.09324607 0.9797028 0.5725483 0.7764281 0.3731189
0.1922883 0.4185898 0.5272505 0.7607375 0.5205671
0.1810137 0.0006237461 0.1385902 0.1661851 0.8737511
0.5499875 0.8539453 0.1449119 0.4139056 0.02555353
0.6123295 0.9642534 0.7860399 0 0.7033509
0.9523081 0.6093868 0.1774755 0.1599128 0.9112284
0.2553516 0.8271967 0.5243863 0.2019901 0.0305075
0.07334855 0.6563281 0.173004 0.5017899 0.209771
0.8374682 0.8169213 0.9559183 0.9546147 0.335409
0.5881721 0.540014 0.1159263 0.3817499 0.6669275
0.07609376 0.8777396 0.006317188 0.9766473 0.2475807
0.3259022 0.3191691 0.3029679 0.8578138 0.9396174
0.2558972 0.5395005 0.2924334 0.7458622 0.5539249
0.2778371 0.7107577 0.1542587 0.366165 0.8739609
0.2870272 0.7925142 0.8506698 0.05136431 0.4724281
0.4624042 0.0242428 0.5076089 0.8687602 0.2037445
0.7064939 0.02034882 0.40074 0.003321015 0.5454199
0.2179214 0.2972436 0.7544688 0.4576043 0.892545
0.4808336 0.5138036 0.7379349 0.07994942 0.6218276
0.1384497 0.7006191 0.1700042 0.8400912 0.9406649
0.7769632 0.5290778 0.290854 0.9203759 0.2664708
0.03403723 0.226733 0.1142309 0.4214743 0.1756626
0.1970035 0.4152124 0.394944 0.3567268 0.3333964
0.4484978 0.4685165 0.3044193 0.9758667 0.4454313
0.2663733 0.429559 0.5224626 0.3738203 0.04928152
0.4239002 0.7395228 0.4134022 0.2365664 0.07898549
