0.1200533 0.3374996 0.9578595 0.9520842 0.02387574
0.8227116 0.5801561 0.8949312 0.3027593 0.1019087
0.6664517 0.732058 0.2724691 0.2860808 0.6277892
0.1505111 0.1668932 0.2413418 0.5320286 0.3114012
0.02070894 0.08196418 0.8059051 0.6404057 0.691658
0.01322738 0.9620979 0.6924724 0.3483567 0.4976848
0.6649889 0.9851514 0.2547308 0.1899859 0.1039567
0.02633295 0.4717877 0.9028944 0.2653674 0.752506
0.3832901 0.6600812 0.754951 0.6591997 0.1423059
0.6160502 0.5072162 0.08022625 0.6609103 0.04029375
0.7092046 0.7327991 0.8523725 0.8863895 0.2789964
0.2894456 0.5517494 0.01650357 0.05217717 0.3021629
0.7350476 0.9252504 0.3067328 0.2487667 0.6814846
0.6083598 0.4619694 0.3595586 0.2199453 0.2932851
0.6289277 0.05882989 0.7504924 0.3388236 0.7224711
0.9589588 0.9956798 0.4475396 0.6621062 0.3482951
0.7500393 0.3920978 0.3165869 0.2257701 0.4407109
0.9284563 0.1066491 0.6400336 0.325468 0.8892782
0.3848512 0.6959988 0.2623684 0.04263136 0.8153331
0.8145971 0.9774327 0.4592924 0.9281121 0.2582833
0.1964025 0.8822369 0.603056 0.1708144 0.2838137
0.1265173 0.9813799 0.3347057 0.8056748 0.06588765
0.8468674 0.3818514 0.4462574 0.0892344 0.7341167
0.3409001 0.3595488 0.7354389 0.8562443 0.2321823
0.7176594 0.8579246 0.9764964 0.9638905 0.8778027
0.4147483 0.5011999 0.3577467 0.4519323 0.1865094
0.07975605 0.5646182 0.482345 0.2109463 0.6074948
0.2066545 0.6057807 0.5522143 0.9927458 0.8489615
0.2302812 0.01674389 0.480402 0.3819494 0.8211163
0.3680108 0.4983483 0.3795278 0.5094684 0.2133701
0.2291318 0.475526 0.4945636 0.5887352 0.1699685
0.4067412 0.09150193 0.900578 0.9032175 0.8638253
0.5700951 0.8039216 0.9633034 0.1982411 0.3062811
0.6648518 0.004925204 0.4458915 0.5607277 0.5258011
0.5171943 0.04779321 0.6796264 0.7587969 0.551245
0.8527129 0.5221405 0.4173094 0.9936375 0.8286979
0.295731 0.5785397 0.793341 0.8361118 0.2186277
0.5267221 0.01847721 0.6596195 0.7787078 0.0907832
0.245857 0.961607 0.08400331 0.7607149 0.7311251
0.6701347 0.9670433 0.128167 0.9001653 0.3579853
0.2318798 0.9788275 0.1827774 0.5480705 0.4708559
0.06637451 0.1569732 0.1407352 0.1375479 0.6517868
0.9908935 0.4533743 0.3696456 0.4613678 0.5005966
0.4689474 0.3089131 0.4375201 0.697878 0.7903414
0.05641937 0.09892311 0.729106 0.6618931 0.9777404
0.5274667 0.2231389 0.2422166 0.8689436 0.03938723
0.5850805 0.3352889 0.6720471 0.1606174 0.03882069
0.6556735 0.6458306 0.3483173 0.7927522 0.6355909
0.8703253 0.02901453 0.614474 0.02629455 0.07750797
0.7178896 0.359345 0.7931944 0.3676158 0.9467503
0.4124666 0.7104906 0.357817 0.4619223 0.4061027
0.2680415 0.3250908 0.09696952 0.8108872 0.5262262
0.4373209 0.8227761 0.4446823 0.5637292 0.1314145
0.4773429 0.06816284 0.4414133 0.4312787 0.9844469
0.07255395 0.5977826 0.4274031 0.880898 0.491404
0.56985 0.9393348 0.9585281 0.1619353 0.8740058
0.4052803 0.8462352 0.08011984 0.9121967 0.3147973
0.4027084 0.9675924 0.03366727 0.5772141 0.8284598
0.2337729 0.8313055 0.9720711 0.4270333 0.4569879
0.2271186 0.05541881 0.2925174 0.6570101 0.4113547
0.3258208 0.9958586 0.4270833 0.5850156 0.9536341
0.1186537 0.5851487 0.1668201 0.4346601 0.3425915
0.1391897 0.9284367 0.3630904 0.2899462 0.04848159
0.02429943 0.3300942 0.8507183 0.7106118 0.8863312
0.5851089 0.5950319 0.9391909 0.08297382 0.07524581
0.3769302 0.4215185 0.02452928 0.2375951 0.7351334
0.7664777 0.6217167 0.9474011 0.8172882 0.3385803
0.09160124 0.2671902 0.2818718 0.3954137 0.73443
0.6623196 0.8286519 0.4242752 0.5165634 0.2205948
0.5547708 0.2373549 0.5761318 0.9268479 0.9777384
0.2121843 0.7426474 0.2200213 0.7275298 0.3162135
0.1031788 0.6911809 0.2146466 0.3443659 0.2903789
0.8954072 0.1026809 0.2696727 0.645276 0.3496021
0.4344008 0.859318 0.8864119 0.7079865 0.4916613
0.1393249 0.9430804 0.9973718 0.9014222 0.310244
0.4440043 0.4980197 0.5027096 0.5012426 0.5702776
0.6551574 0.5457598 0.2660227 0.1811651 0.4319949
0.6169867 0.5506662 0.3835051 0.008734334 0.05587156
0.2798644 0.8407778 0.10924 0.06653197 0.6734056
0.2095705 0.4181428 0.3666031 0.7976576 0.428605
0.1294479 0.7022215 0.05222218 0.003317258 0.8968764
0.7833911 0.2178545 0.2199786 0.6776066 0.09125814
0.5086715 0.8927164 0.1689906 0.4305797 0.7979617
0.8186446 0.1595304 0.7841639 0.277406 0.8240418
0.779708 0.6646751 0.07178114 0.5616669 0.2369426
0.1679262 0.2644408 0.4732757 0.8106996 0.04256959
0.7130676 0.825304 0.9405011 0.7460577 0.6525339
0.2803707 0.848302 0.5042817 0.6886981 0.5549683
0.06821316 0.5107946 0.921451 0.2998214 0.4327251
0.4233945 0.5686488 0.1360812 0.06033443 0.8931879
0.6066523 0.1129733 0.8027197 0.18112 0.7586202
0.5767036 0.02871208 0.6481698 0.1955933 0.9807113
0.1706551 0.9626119 0.4813033 0.8614051 0.6527361
0.1850018 0.4199144 0.1310557 0.142042 0.8139206
0.04701128 0.1115879 0.1276502 0.8858237 0.827253
0.8456121 0.0001833423 0.06204598 0.7477458 0.04363262
0.5906062 0.5958666 0.1334831 0.4699147 0.8792023
0.03058806 0.893833 0.4529786 0.320515 0.8144026
0.622735 0.8628901 0.8317801 0.343366 0.9657088
0.2434327 0.9851004 0.8238895 0.4911143 0.8895798
0.0984496 0.5938782 0.978654 0.6529729 0.09540091
0.7653712 0.7107228 0.3696038 0.7820216 0.3795641
0.03238791 0.1779086 0.1218873 0.5579285 0.7313116
0.4430796 0.1859116 0.1047571 0.5058061 0.8142407
0.05729299 0.5335469 0.01679902 0.9063068 0.1858006
0.2507215 0.214982 0.8545756 0.8663402 0.2314652
0.007154079 0.9914533 0.5375367 0.3481003 0.8518262
0.5745875 0.2745307 0.6816243 0.6884864 0.8775583
0.07705832 0.8089786 0.6292216 0.7761481 0.2904629
0.9540685 0.9806579 0.6599341 0.8373581 0.7784209
0.2647783 0.9856675 0.7381293 0.5068126 0.3931447
0.1843929 0.8110485 0.3803078 0.5847576 0.6189037
0.3074091 0.7422101 0.2887997 0.09424626 0.1284513
0.07561532 0.2514782 0.197599 0.7274705 0.4638307
0.5744587 0.7677129 0.1090521 0.6095308 0.3109943
0.7713201 0.5174453 0.4087587 0.2057378 0.4725499
0.848817 0.4133098 0.3025334 0.8451604 0.6856764
0.2454803 0.3488273 0.02450597 0.4192752 0.05972291
0.5243482 0.02639315 0.05742773 0.4620502 0.336751
0.7705509 0.1395334 0.9338628 0.2740301 0.06264387
0.6855021 0.1975261 0.2936251 0.2556349 0.8023831
0.2930828 0.9965815 0.8726075 0.9218899 0.3199904
0.7445245 0.3997506 0.0922958 0.616405 0.837676
0.4558815 0.09915317 0.2090702 0.1492351 0.6554273
0.46836 0.1284543 0.9885149 0.3887881 0.3109129
0.007276268 0.6338614 0.7202015 0.4821362 0.4384824
0.4591193 0.4184184 0.003308895 0.1345617 0.3642097
0.393196 0.002439834 0.2014864 0.5704454 0.4280353
0.4005696 0.3867353 0.2995718 0.2138856 0.7018735
0.8031289 0.7396212 0.6715625 0.4439085 0.09019779
0.05519765 0.8573715 0.8804882 0.4187802 0.4980206
0.008563527 0.8658182 0.3236891 0.9368931 0.5354844
0.9832556 0.2635432 0.1532071 0.6756112 0.6768745
0.2007694 0.2566839 0.1562033 0.06462028 0.663162
0.01588908 0.7695228 0.9335519 0.4597502 0.7957223
0.1662848 0.4212712 0.7291097 0.5457989 0.5914583
0.184113 0.1644144 0.9874564 0.1386167 0.854914
0.5726574 0.4140946 0.7019241 0.5072354 0.7603939
0.2163884 0.4859486 0.004776235 0.9336696 0.4468219
0.327468 0.672876 0.06852555 0.8310601 0.7885427
0.5014191 0.00937577 0.2865109 0.3921636 0.07448767
0.2313273 0.5018388 0.08141119 0.1659595 0.393531
0.07212135 0.9798211 0.6915997 0.2747384 0.7128473
0.8448779 0.574008 0.09715629 0.7991897 0.65147
0.01965778 0.4389054 0.1159126 0.9921406 0.8719554
0.0203431 0.8827208 0.1542508 0.763502 0.2847831
0.4123106 0.5419926 0.2742971 0.7338886 0.8384664
0.3869167 0.5831809 0.831005 0.03942114 0.9032759
0.5168225 0.496574 0.9401586 0.2769007 0.09945734
0.2355758 0.8319322 0.5588456 0.07709503 0.5687894
0.4983797 0.133671 0.2963291 0.2229192 0.8824079
0.2741172 0.8946279 0.4009275 0.7144656 0.1113575
0.9141647 0.5201337 0.5969816 0.5571542 0.1838277
0.1244302 0.007212005 0.7674827 0.949269 0.8128038
0.08377373 0.3138796 0.8535189 0.06341606 0.007001381
0.9858714 0.0958484 0.3832253 0.862039 0.7514041
0.4551738 0.09787097 0.2829545 0.6819594 0.2683143
0.7935044 0.6853252 0.6496639 0.3605705 0.5891281
0.5023599 0.09687234 0.2927908 0.4417429 0.2709938
0.2271537 0.9931127 0.2392953 0.5712703 0.215602
0.8578604 0.406688 0.9411377 0.402509 0.7764644
0.4516743 0.9057371 0.4515764 0.7527972 0.4476819
0.7233337 0.8844557 0.1985634 0.7455167 0.9606661
0.5008718 0.4641326 0.06115828 0.5885327 0.9733781
0.1782832 0.345769 0.1635204 0.5953192 0.4413198
0.4066522 0.9647211 0.4675468 0.9203455 0.4876807
0.1390858 0.433344 0.09924285 0.7286503 0.4929782
0.9941846 6.967165e-05 0.1413526 0.187357 0.7433157
0.5334341 0.5522478 0.3754362 0.2316214 0.5439552
0.3254841 0.870849 0.1308504 0.9794497 0.1428438
0.3110142 0.8171207 0.3591027 0.2717305 0.4822634
0.3493655 0.2057232 0.9966264 0.6664602 0.8254335
0.4680268 0.6887998 0.5869135 0.8913162 0.9267735
0.9674833 0.790179 0.4897242 0.6426377 0.8684902
0.7841382 0.3638475 0.5925808 0.1352305 0.9973368
0.583431 0.00951319 0.13873 0.1971722 0.5177171
0.4389345 0.931214 0.7857218 0.07396754 0.1348077
0.6077015 0.2687205 0.152754 0.7447498 0.7823241
0.7307228 0.6873927 0.1979827 0.8321353 0.24479
0.9841599 0.2599881 0.1718048 0.1745243 0.8190259
0.6079893 0.941671 0.2181067 0.5602352 0.2116993
0.1717258 0.6347632 0.4857131 0.921489 0.3654959
0.786569 0.5984542 0.6290091 0.4982842 0.8164329
0.9819713 0.5464238 0.737736 0.7709566 0.491953
0.6362258 0.7320421 0.2271398 0.2313701 0.5513314
0.2476064 0.5242099 0.1478289 0.2939911 0.003256908
0.183808 0.2035679 0.548548 0.7365215 0.4816967
0.09566805 0.5597247 0.6126197 0.4653667 1
0.6426134 0.9557694 0.7534188 0.8582279 0.9000629
0.3778506 0.3450429 0.6410843 0.3509282 0.1537815
0.03445219 0.5317765 0.1149095 0.9074641 0.8182568
0.5082189 0.7740534 0.5519653 0.9490761 0.1233511
0.09608583 0.6216678 0.6612807 0.7364472 0.881457
0.7299836 0.07285758 0.2675811 0.589769 0.2106425
0.9808229 0.03066881 0.4263251 0.1131826 0.3068225
0.7248651 0.2956884 0.7795826 0.8389115 0.4311435
0.8148857 0.9843251 0.3267401 0.6652622 0.8887989
0.5796163 0.09778951 0.805326 0.6375977 0.2082584
0.1133361 0.2212054 0.4679759 0.5649892 0.8809861
0.8301051 0.8552283 0.2612554 0.6102887 0
0.774756 0.9224597 0.8241602 0.5894376 0.746434
0.5651793 0.7352361 0.165539 0.7930442 0.2747425
0.2190659 0.7006712 0.7903899 0.5598614 0.1198393
0.7570267 0.6934281 0.71962 0.01260786 0.8329957
0.9532878 0.446394 0.4815897 0.2642684 0.5480032
0.7975289 0.7314724 0.958189 0.4366546 0.2188223
0.8285965 0.5247061 0.3484561 0.9281677 0.910039
0.3097743 0.4510638 0.7674571 0.3741329 0.1465746
0.8499573 0.4203854 0.1276307 0.02579238 0.3390573
0.1377862 0.4760424 0.8186187 0.3509352 0.4405289
0.9537444 0.1521264 0.7653038 0.1128299 0.415321
0.3151428 0.938229 0.2453985 0.6915866 0.2046629
0.2379849 0.6312897 0.2082188 0.7433266 0.7795513
0.1085624 0.8496095 0.8086449 0.917869 0.549441
0.9088447 0.1898531 0.4211959 0.2701803 0.2222904
0.8940114 0.4064269 0.4964869 0.6227551 0.9492565
0.8397486 0.1935384 0.6981629 0.1919852 0.2560073
0.1844181 0.9768266 0.4084156 0.03619959 0.9501357
0.6712512 0.9382835 0.4524105 0.06725822 0.2590653
0.7194735 0.3324207 0.8939514 0.7976841 0.08937712
0.9754458 0.9903867 0.05690995 0.7153764 0.6392692
0.7286211 0.6648549 0.9300101 0.8256096 0.4507952
0.2778404 0.238277 0.14222 0.7309873 0.4843887
0.3856827 0.07885827 0.8434219 0.8792126 0.9551904
0.07046425 0.01158139 0.7032513 0.3099779 0.1475651
0.8634796 0.994954 0.1217367 0.1677297 0.08051702
0.332412 0.8688365 0.8553128 0.1096007 0.3295654
0.2196463 0.2234883 0.4180232 0.2988756 0.1935073
0.2457721 0.2261802 0.4077542 0.8713791 0.7222323
0.6431289 0.2662348 0.5623738 0.3368642 0.2298732
0.8036894 0.9859073 0.7057398 0.217204 0.04553159
0.3506915 0.04320896 0.9130276 0.3884867 0.7593811
0.505904 0.9864494 0.8402798 0.1580498 0.3080144
0.7069423 0.04699402 0.1816854 0.8675501 0.6716683
0.2057697 0.8350871 0.1311331 0.1207329 0.7425699
0.4047587 0.2244233 0.9408417 0.9154039 0.2587697
0.3002469 0.8154903 0.5034852 0.6802006 0.3097122
0.867738 0.4854464 0.2736836 0.9613937 0.5046694
0.4919592 0.7084754 0.327352 0.7946703 0.4643579
0.5316899 0.9771211 0.3905985 0.3801303 0.9359709
0.4771236 0.9413532 0.2950574 0.3067096 0.1682945
0.9802417 0.2803531 0.7110878 0.3907435 0.3587389
0.8531076 0.3866861 0.8905232 0.804446 0.9418823
0.2334843 0.9067069 0.02148692 0.2960709 0.5764147
0.2575441 0.02070949 0.2495116 0.2308788 0.8431756
0.8047247 0.6053552 0.4058268 0.8111869 0.005834441
0.8866859 0.818059 0.5229509 0.5864981 0.257202
0.2423506 0.7576005 0.9150495 0.9335363 0.09114241
0.6861368 0.003638583 0.4271258 0.9777665 0.3376413
0.3752304 0.1024876 0.3522459 0.5562782 0.8055054
