0.9392554 0.9311228 0.499579 0.5090075 0.2568027
0.1105284 0.2074334 0.9993122 0.1481336 0.3611154
0.7797527 0.3321547 0.4196854 0.6360036 0.1592232
0.9514581 0.2957045 0.6139942 0.1022245 0.7616359
0.02110358 0.9050644 0.06683738 0.2846378 0.243967
0.8024667 0.2504127 0.4566576 0.871936 0.5995963
0.5318522 0.6125793 0.4474569 0.4732359 0.457577
0.1413186 0.6869514 0.5547938 0.2078023 0.2732653
0.3787006 0.06374922 0.8959838 0.6634487 0.6925066
0.8334574 0.8457206 0.8320596 0.7223346 0.4496836
0.7055923 0.6492339 0.3927795 0.8244601 0.6990517
0.1488823 0.6820514 0.7833271 0.2804322 0.1278409
0.8196268 0.3782312 0.6102625 0.951609 0.5533389
0.4137129 0.07638209 0.392285 0.1973091 0.84196
0.6994108 0.8631075 0.4529138 0.07864497 0.3475691
0.9753337 0.3685775 0.4049169 0.5560681 0.4695175
0.9052227 0.1093471 0.001162756 0.03168386 0.4035092
0.2875435 0.7009259 0.4799094 0.6838966 0.101631
0.7988386 0.01412149 0.6820576 0.4357893 0.6343004
0.7949981 0.2360526 0.3076819 0.6964424 0.6704244
0.3587409 0.634862 0.136107 0.04803641 0.389192
0.5156646 0.1371979 0.9455673 0.5077221 0.0184663
0.9147873 0.72938 0.3806915 0.7387436 0.7264958
0.1573197 0.8509235 0.6933482 0.5180317 0.657885
0.6756741 0.2445149 0.7833064 0.2044737 0.3979977
0.3956009 0.6418475 0.1142665 0.8291769 0.9424519
0.4865324 0.6156283 0.4351369 0.2871426 0.6091152
0.5493351 0.1581996 0.2431677 0.09376084 0.6048374
0.4285778 0.282217 0.3973292 0.5680027 0.3274358
0.4144224 0.4059754 0.1089286 0.9920253 0.8148807
0.9231387 0.5655214 0.3097777 0.6415648 0.3894111
0.5294799 0.7874498 0.9848276 0.9802607 0.4421028
0.06912387 0.8520531 0.7447183 0.3359383 0.2079487
0.4007777 0.8047023 0.6557203 0.5932426 0.6285038
0.3188953 0.0008521813 0.09054572 0.5199902 0.6495475
0.3238227 0.03176634 0.9641118 0.8315805 0.420464
0.1782029 0.2088189 0.9415502 0.7088798 0.4996596
0.3982497 0.3661683 0.8435329 0.8256919 0.4506533
0.580236 0.4011041 0.9899613 0.7332504 0.9581044
0.4176016 0.3916385 0.6733706 0.9460909 0.7543585
0.1446292 0.6485809 0.7564694 0.6938478 0.1071861
0.5501393 0.347687 0.1280616 0.5542965 0.03805862
0.1730444 0.2525305 0.8948878 0.9676222 0.205554
0.5427287 0.8710221 0.1310466 0.8613675 0.9617452
0.8773294 0.2700351 0.1559344 0.06935993 0.6663692
0.1989172 0.2917875 0.1862617 0.7954428 0.9991671
0.3793692 0.03547334 0.2866241 0.6597158 0.4287336
0.586988 0.4256783 0.8102478 0.6659909 0.01960211
0.8701858 0.7917024 0.4445959 0.2171696 0.2005835
0.7422005 0.02931635 0.2975982 0.1101155 0.2033374
0.4924806 0.02442989 0.6489894 0.5459641 0.9416198
0.6440919 0.6534596 0.1349691 0.8052394 0.886001
0.08036505 0.3892775 0.1085514 0.205779 0.6650512
0.3434349 0.4564718 0.6949464 0.4093815 0.08907225
0.597508 0.9224997 0.1701977 0.09947246 0.795214
0.5517151 0.1110113 0.8336542 0.3459933 0.4920731
0.9316679 0.1050513 0.6097656 0.6555546 0.4778756
0.2350148 0.2693275 0.08540724 0.5260023 0.8355794
0.7982764 0.3353372 0.9526272 0.3833286 0.9387711
0.07789786 0.8516484 0.5848818 0.3422144 0.4668203
0.9629873 0.1546567 0.8519291 0.7538365 0.6169955
0.5433597 0.7039657 0.2578065 0.8505339 0.982341
0.3332761 0.1868389 0.8087051 0.8805975 0.5171329
0.8475328 0.3069568 0.4550871 0.4255474 0.1324286
0.7375259 0.2202262 0.4935988 0.2556921 0.04032087
0.9062199 0.3498329 0 0.1211291 0.2903318
0.5350787 0.222948 0.5813175 0.1563471 0.03077742
0.1673255 0.1867843 0.01373395 0.5848368 0.9531933
0.6889112 0.9509097 0.2509068 0.8500275 0.7176694
0.4829266 0.7152582 0.008458303 0.5772207 0.8894224
0.08562785 0.3105722 0.5973979 0.3017273 0.6549813
0.4342728 0.07505251 0.0114455 0.8191396 0.4480481
0.3025509 0.9715381 0.2622231 0.7321708 0.9806127
0.03733207 0.5456495 0.8249109 0.4413676 0.06497909
0.8694865 0.8398063 0.2266951 0.3023193 0.9442698
0.1119453 0.366744 0.7917462 0.0323942 0.3775001
0.9776322 0.7180749 0.7079661 0.9428633 0.3456981
0.8512539 0.4952071 0.09027781 0.314326 0.8613905
0.02930333 0.8593088 0.5560431 0.8335361 0.7482522
0.1305702 0.8217504 0.4174932 0.9495922 0.2579115
0.2668947 0.7122145 0.6573584 0.7145362 0.1695144
0.496705 0.7720794 0.802323 0.5737741 0.7568812
0.1900079 0.6449908 0.3889397 0.3358782 0.1664739
0.2938243 0.5561942 0.8840779 0.9583478 0.8712358
0.2538683 0.3229037 0.2202883 0.7141147 0.7792208
0.3589249 0.5979157 0.095902 0.580374 0.3439914
0.1899326 0.9895217 0.6362647 0.4053881 0.42134
0.8928567 0.293196 0.2862166 0.3829705 0.482123
0.9942058 0.3059231 0.9891241 0.2897051 0.706696
0.6930833 0.3815682 0.7122447 0.8474967 0.228998
0.03339709 0.04119626 0.04027971 0.0506458 0.4986725
0.6018595 0.03098783 0.6710691 0.8674503 0.7587763
0.4341385 0.9092876 0.5237273 0.4327239 0.3874826
0.9365589 0.7507093 0.5750332 0.8287588 0.8502192
0.2440772 0.07779576 0.7227614 0.08719643 0.02151022
0.6616378 0.8377188 0.1071569 0.2906814 0.5063509
0.7891135 0.8742622 0.04334893 0.4567823 0.9974972
0.295219 0.9121844 0.3498017 0.4183572 0.2537524
0.2512575 0.001947335 0.2580727 0.9653016 0.08043378
0.6541854 0.03429096 0.7580722 0.3590255 1
0.7752231 0.4413833 0.4586608 0.8247761 0.7434253
0.1695887 0.8588788 0.3260526 0.3449937 0.5077791
0.7968103 0.4994652 0.1980588 0.8306083 0.8625293
0.01264766 0.8050972 0.9507378 0.3862579 0.1051953
0.508339 0.1866825 0.1677434 0.5405598 0.6612685
0.3112238 0.9034826 0.9040716 0.4445717 0.2022838
0.8614105 0.4891319 0.6125388 0.2124186 0.8715777
0.7476664 0.3202385 0.7327334 0.4121204 0.2259501
0.7308595 0.3596082 0.9535183 0.8605215 0.8616423
0.3136206 0.5218849 0.9150573 0.6974628 0.2177565
0.7606151 0.8597879 0.3388368 0.7990387 0.790284
0.7630392 0.9681481 0.1975885 0.3932343 0.03334214
0.4046978 0.4580294 0.8946759 0.4639276 0.1390791
0.2732559 0.8600927 0.4129111 0.191372 0.6523664
0.6239158 0.6048852 0.1753094 0.1398263 0.6490245
0.2405825 0.3500625 0.3382919 0.6868833 0.9109302
0.4936973 0.9531684 0.1262466 0.0490322 0.4561472
0.4779527 0.8974859 0.4007005 0.7455514 0.05712427
0.9555686 0.2239074 0.6500167 0.8462424 0.1977924
0.6885701 0.5516464 0.9769934 0.5691298 0.4385913
0.6687772 0.9256126 0.7010517 0.1185742 0.4290713
0.02177185 0.5172129 0.7137804 0.09252049 0.132338
0.369093 0.09673271 0.1590388 0.3566148 0.5044512
0.02330752 0.07687476 0.5677819 0.7744526 0.4657965
0.9321592 0.7306031 0.227962 0.6783714 0.8157727
0.5571459 0.8956017 0.07468974 0.05699982 0.3794622
0.7608583 0.068839 0.807759 0.1583886 0.4000515
0.9880535 0.5368291 0.03638423 0.7254252 0.9111467
0.4132182 0.2506625 0.8867811 0.01757159 0.876914
0.08821211 0.4098386 0.7016672 0.2712222 0.09974927
0.1834874 0.8464762 0.7484849 0.877098 0.6843569
0.498047 0.9490783 0.6044768 0.8007605 0.5554587
0.5696017 0.5185777 0.6355037 0.9416666 0.4630282
0.8763303 0.4043731 0.8543018 0.005287199 0.8566727
0.7857683 0.02906863 0.09908854 0.2224176 0.2699214
0.8718901 0.9160712 0.5406082 0.9327338 0.8814928
0.1086569 0.4236923 0.03530981 0.73372 0.3507988
0.61208 0.7570076 0.3990831 0.5058898 0.2200922
0.155854 0.4161511 0.47594 0.2097771 0.5619405
0.7073348 0.8126603 0.8577405 0.4358395 0.8100458
0.3708376 0.5220675 0.002369484 0.4751368 0.1223722
0.9828365 0.4370452 0.2573723 0.2754354 0.4015273
0.1800364 0.3591313 0.8802908 0.1891521 0.5938033
0.2021613 0.02981952 0.4158311 0.6116589 0.5302355
0.9631463 0.07597355 0.2139632 0.9772116 0.7823234
0.6485465 0.0263248 0.9105339 0.2120352 0.3843032
0.2641018 0.3462974 0.03205894 0.5019868 0.8017304
0.2001545 0.8083913 0.1933276 0.4268491 0.1883805
0.8861011 0.1479691 0.721095 0.8406015 0.3890771
0.4605824 0.2567292 0.424815 0.370927 0.7138404
0.08436754 0.4290806 0.1938058 0.2538553 0.4077391
0.8616915 0.02648245 0.8633213 0.1156183 0.8201928
0.7771917 0.7279732 0.6369168 0.1884522 0.6219783
0.1232577 0.1074043 0.04275416 0.4861672 0.833695
0.6335641 0.7712813 0.787691 0.6154131 0.253683
0.02905917 0.5176863 0.8890632 0.06699783 0.9994936
0.699906 0.647253 0.4455492 0.1314879 0.3205592
0.9298725 0.1368343 0.006413104 0.1469038 0.5383077
0.1310189 0.4500099 0.8582143 0.7502596 0.3469187
0.7067931 0.346469 0.6011308 0.685404 0.01133631
0.7672219 0.2408452 0.006437298 0.6779037 0.5594167
0.7930221 0.4603131 0.8552076 0.7641972 0.4619847
0.7858195 0.04765611 0.08809065 0.7799955 0.9795034
0.6060017 0.1952925 0.7856968 0.6025622 0.03187973
0.2894799 0.8570376 0.1489789 0.03747733 0.4461221
0.2176588 0.1304463 0.955214 0.884048 0.4424977
0.1081528 0.1115019 0.07397456 0.2933821 0.2555434
0.1648742 0.06996904 0.06361057 0.8986828 0.4001985
0.3888531 0.1107288 0.5103115 0.5637868 0.2168225
0.7643566 0.06502686 0.9284461 0.2769471 0.7525954
0.8326897 0.008861817 0.5749233 0.6327023 0.1066292
0.6846991 0.6139982 0.4890975 0.4923157 0.105356
0.0652296 0.9778913 0.6691282 0.4847971 0.862825
0.7800078 0.8819703 0.7115368 0.6568473 0.9170117
0.8056844 0.8108678 0.1106487 0.6629859 0.1311014
0.7410922 0.5207989 0.3193779 0.4128978 0.2422688
0.9049849 0.1050632 0.3596755 0.3758825 0.6140838
0.2483559 0.5667725 0.859165 0.2665432 0.7950303
0.6657868 0.108146 0.7145126 0.9658634 0.2711452
0.6905137 0.2971253 0.9383563 0.0551448 0.4022985
0.8156195 0.9417334 0.7252642 0.4084023 0.855519
0.9833038 0.5076263 0.52668 0.1411481 0.93217
0.494208 0.2286033 0.8452862 0.2535894 0.9959678
0.4846261 0.8911782 0.78601 0.2049424 0.1259284
0.3513689 0.4613693 0.1889589 0.3010258 0.1957367
0.3279798 0.07444819 0.1715713 0.630988 0.4939073
0.4015102 0.6476849 0.499146 0.5029733 0.3929901
0.7888439 0.0307372 0.07783277 0.6761596 0.1039763
0.4393612 0.8496604 0.7669829 0.8394637 0.5582151
0.2351049 0.6354612 0.9538018 0.584125 0.7301643
0.4447638 0.8108893 0.4006128 0.2116935 0.4262214
0.7697921 0.964829 0.7998945 0.1123852 0.5594411
0.7707197 0.2753726 0.4128958 0.1311638 0.4080823
0.9632327 0.3067598 0.3574818 0.4785062 0.9259608
0.8465832 0.5505779 0.9935376 0.9629141 0.169852
0.5330073 0.546067 0.8087158 0.9132003 0.5069509
0.06708234 0.6022521 0.2113773 0.6266451 0.8886478
0.3227222 0.9034917 0.648095 0.1290997 0.4951397
0.6620939 0.1140649 0.7724169 0.2447165 0.1931784
0.5607218 0.1493626 0.6303938 0.1125454 0.9158739
0.1833557 0.5264136 0.4750904 0.8506651 0.1592218
0.3855894 0.6377363 0.2234483 0.1622284 0.9067511
0.5731375 0.09728379 0.8684668 0.2989152 0.4234972
0.1488337 0.1594492 0.135694 0.5944079 0.2914868
0.9830947 0.1207534 0.9029025 0.01652611 0.2804561
0.1672389 0.9652873 0.02534616 0.5538916 0.03802262
0.1250176 0.1360004 0.3504212 0.5552343 0.526724
0.9425537 0.9205926 0.7330928 0.02230527 0.4495193
0.5589752 0.2763485 0.670572 0.6144276 0.7008182
0.270414 0.1228543 0.8966977 0.2308474 0.9029007
0.1736768 0.7537484 0.9202243 0.7065781 0.6347446
0.08223853 0.4444155 0.8477912 0.5919034 0.6131733
0.8556263 0.8457654 0.5026113 0.7923523 0.4223058
0.9237218 0.7916533 0.9307982 0.05585492 0.1690863
0.6052555 0.1810737 0.8542013 0.5958838 0.572238
0.8100334 0.9639622 0.7911324 0.6806705 0.6150872
0.2709179 0.8653614 0.415837 0.7272577 0.3399296
0.4973985 0.7578323 0.4398947 0.1747463 0.6951421
0.8304028 0.9520485 0.62893 0.2158101 0.6379719
0.782868 0.1957247 0.5988037 0.01431824 0.2425182
0.7058206 0.9815736 0.6104725 0.9216478 0.1150848
0.1146375 0.1128264 0.3268596 0.5046547 0.8374893
0.5461927 0.6412021 0.477596 0.501339 0.8946994
0.9725251 0.09773799 0.5523189 0.1541873 0.1027056
0.4830759 0.5175432 0.4750454 0.6340758 0.7588341
0.1165461 0.6818439 0.3896291 0.3139915 0.8143525
0.8778445 0.5078559 0.2929405 0.4485022 0.5528044
0.2397763 0.9006604 0.002691513 0.6096347 0.4286144
0.3908323 0.7232489 0.7226317 0.07875051 0.7813857
0.6531668 0.09435391 0.4502892 0.4080689 0.8454416
0.8532616 0.1885009 0.4361779 0.1106518 0.7861283
0.9830947 0.8329692 0.2778133 0.6879833 0.401542
0.6818853 0.5345652 0.9758644 0.4501319 0.2175402
0.6612304 0.8917503 0.7712869 0.8914352 0.2275204
0.9425539 0.6434113 0.9108274 0.3866551 0.6004798
0.9435374 0.05124187 0.1497781 0.2825816 0.02622223
0.6091008 0.8217684 0.6960727 0.8941405 0.9402907
0.2285938 0.3498878 0.7550493 0.1532477 0.1758871
0.4263083 0.1215875 0.2845468 0.97706 0.3720216
0.2450724 0.458522 0.2907543 0.7420307 0.7510876
0.7296367 0.3127325 0.1768716 0.3361802 0.2460983
0.5233936 0.7940001 0.1302097 0.1930465 0.06291746
0.9517297 0.2414575 0.5936288 0.2232458 0.6295969
0.2137797 0.4149296 0.7796016 0.942026 0.6760456
0.9520927 0.8352955 0.5591428 0.9500749 0.3771202
0.60555 0.6099385 0.08396753 0.6684117 0.9042328
0.03540711 0.01435433 0.3312391 0.2380761 0.1344248
0.8682836 0.7150427 0.3556576 0.1429021 0.214694
0.1992897 0.04507525 0.2263967 0.8819127 0.5649758
0.384006 0.6536739 0.6229811 0.2096614 0.04142304
