0.1959974 0.3011059 0.9845882 0.7583848 0.5575013
0.7034474 0.6282497 0.600963 0.6927223 0.1397821
0.2511705 0.3917948 0.01988549 0.4813861 0.2754514
0.09900063 0.4110976 0.4829531 0.7457247 0.3273181
0.1029336 0.4572408 0.6045708 0.1030707 0.1336212
0.3088485 0.8493587 0.293918 0.8712989 0.651464
0.1364862 0.4267118 0.05277233 0.5649441 0.7970577
0.348994 0.8999576 0.9066538 0.4183049 0.4639977
0.951401 0.01737452 0.9155082 0.8187262 0.8705892
0.9186555 0.6569783 0.7499856 0.9296587 0.3971154
0.4365589 0.5967269 0.9394495 0.4448037 0.4617533
0.3821746 0.4173898 0.8088853 0.1623929 0.5044438
0.659591 0.001599415 0.5019071 0.7652882 0.5145159
0.8844849 0.7746594 0.6754344 0.5371181 0.4115978
0.6035814 0.9957095 0.3070198 0.1394833 0.6819458
0.855624 0.5969642 0.1047427 0.3075462 0.9464816
0.02976159 0.6093525 0.3480944 0.7475777 0.9037015
0.7551694 0.4197215 0.9677738 0.2797206 0.9096194
0.7512199 0.2023037 0.8842548 0.7097125 0.5141151
0.4898915 0.3281036 0.781364 0.7868208 0.8838576
0.9758174 0.1316352 0.4584944 0.006587457 0.5766263
0.3721974 0.5746482 0.3207747 0.4816066 0.3130171
0.897154 0.06664687 0.7303984 0.424994 0.05180269
0.7878992 0.8512996 0.9171968 0.8442181 0.9258481
0.2109122 0.2492021 0.4583999 0.6696149 0.8421509
0.1036193 0.6136519 0.8243332 0.51286 0.5163708
0.395949 0.4475588 0.5658995 0.2266787 0.05704546
0.3892934 0.9133693 0.4761617 0.3548547 0.2989237
0.7999399 0.1320913 0.5114118 0.6649122 0.5423743
0.1984565 0.9555196 0.002832489 0.7327205 0.8302825
0.3243579 0.6725626 0.3227068 0.6656473 0.8949552
0.2335188 0.1349824 0.6042111 0.0921502 0.4191603
0.2738124 0.3393117 0.9466916 0.05797118 0.05740273
0.3599301 0.527315 0.9353653 0.9351659 0.7418516
0.4365971 0.3356382 0.4292964 0.4543254 0.4608019
0.2376159 0.2246116 0.6018662 0.284619 0.4074717
0.3736548 0.5367594 0.7384275 0.3049601 0.1873969
0.7405831 0.2035585 0.5675288 0.1871775 0.8933727
0.06645498 0.8888913 0.677421 0.6025091 0.1479927
0.1573504 0.06400653 0.2134774 0.7129611 0.3508632
0.4766811 0.142344 0.9331932 0.09716007 0.5032295
0.9191675 0.0798897 0.4407185 0.867474 0.8423071
0.3965135 0.269256 0.001120166 0.5191046 0.1962262
0.5289364 0.9355295 0.5811877 0.6815978 0.4745674
0.6881115 0.3340201 0.9506678 0.8563007 0.2322543
0.6367495 0.9097948 0.781885 0.6037245 0.3124384
0.1936203 0.5332539 0.721642 0.01350214 0.4643809
0.06367583 0.5151439 0.8626474 0.4900224 0.6206958
0.8747813 0.1537245 0.5363576 0.6078762 0.5040681
0.7957979 0.7832608 0.2885084 0.2601954 0.9080439
0.3050132 0.900123 0.6419962 0.5493892 0.7909929
0.8036337 0.271261 0.2401655 0.2581281 0.4610247
0.7773897 0.3380884 0.2467519 0.4343127 0.6512324
0.8612806 0.8534136 0.3978407 0.8905618 0.4499985
0.4766748 0.2355339 0.04920209 0.9208742 0.3110549
0.9922831 0.959414 0.618388 0.6881065 0.6604849
0.7726866 0.9376164 0.5556358 0.4020566 0.1548077
0.7816884 0.2099124 0.9182886 0.7182087 0.4213827
0.3560556 0.35663 0.5504146 0.7816701 0.06785292
0.7043366 0.7049104 0.6326808 0.7864483 0.6341438
0.9007385 0.6582187 0.4099177 0.3680721 0.1179344
0.9174196 0.7359171 0.111643 0.2095968 0.2659265
0.1176566 0.03300717 0.5660429 0.6885379 0.1111305
0.3929029 0.9347255 0.0839646 0.6534587 0.8088019
0.184686 0.9798727 0.05582434 0.2365479 0.1484755
0.7129452 0.9297172 0.6264921 0.5528111 0.06459868
0.989536 0.4428193 0.9544627 0.7436368 0.0411173
0.07087553 0.8016226 0.2206637 0.09170615 0.1579212
0.6848567 0.9719752 0.1923583 0.1474088 0.03772637
0.1449494 0.2670494 0.4970589 0.3529835 0.4497183
0.4605314 0.8109359 0.5236614 0.3868856 0.3759511
0.1714101 0.8048064 0.1193946 0.9618213 0.5093339
0.3422415 0.2813464 0.04172358 0.5983774 0.00642738
0.298945 0.9664255 0.06304415 0.2569718 0.6241835
0.2430537 0.9789998 0.3733096 0.7062508 0.6819481
0.2319384 0.3586144 0.5292127 0.6787464 0.4549826
0.2002611 0.4745208 0.06035832 0.1492504 0.3190458
0.9631474 0.3576369 0.8699877 0.05438579 0.9597109
0.2233759 0.421583 0.8443593 0.6850928 0.9714994
0.7999701 0.9190408 0.3402156 0.6628084 0.3651229
0.8687798 0.4269926 0.7508634 0.9337475 0.6138136
0.5819686 0.5774105 0.7223419 0.9644885 0.02073186
0.3189465 0.629186 0.2870922 0.4244004 0.009949716
0.5011879 0.2817677 0.04568658 0.4470639 0.04578772
0.1351395 0.5226381 0.9268106 0.09383312 0.4471981
0.443937 0.2168678 0.4908673 0.1527555 0.1725675
0.2860712 0.925015 0.7995604 0.5216469 0.3851522
0.1806339 0.1525371 0.0008467852 0.1524678 0.6412829
0.7321089 0.6570147 0.9738706 0.5551214 0.07824553
0.2324973 0.3450397 0.5116828 0.0144877 0.008708947
0.7711452 0.1318402 0.924947 0.9467855 0.9629283
0.3518804 0.5661232 0.2654864 0.2320783 0.007229456
0.07776855 0.1866897 0.3344556 0.6981476 0.2973516
0.9801285 0.2090465 0.6930773 0.5340319 0.2479836
0.1524532 0.2564986 0.5516657 0.4343353 0.7807678
0.2963077 0.4831808 0.6446566 0.8321937 0.1398521
0.5329763 0.5876496 0.6623633 0.0261726 0.3351974
0.5610603 0.02579954 0.3161432 0.8701065 0.826038
0.08533039 0.959637 0.2962875 0.8330453 0.2259322
0.6867133 0.225524 0.5254572 0.3024904 0.253965
0.5580261 0.9836957 0.2590149 0.591591 0.8895255
0.1366594 0.004777497 0.1364564 0.2183455 0.7758853
0.3113117 0.4763168 0.8212653 0.5413794 0.6596892
0.6872289 0.6339957 0.5078609 0.3592165 0.8401213
0.2290682 0.1633396 0.6248122 0.2255381 0.2772848
0.5633394 0.7166273 0.7303616 0.4857172 0.1702754
0.1340554 0.921662 0.7476322 0.7448861 0.779369
0.2243386 0.2571218 0.9146346 0.4941179 0.4728383
0.5119649 0.9608569 0.772184 0.209134 0.9262747
0.6972702 0.1294433 0.5627481 0.561439 0.935169
0.7017045 0.5284703 0.7862391 0.09659805 0.2648003
0.4816149 0.6750647 0.71917 0.367536 0.6583838
0.5793257 0.1274197 0.1378639 0.3127456 0.7355061
0.6999506 0.9211529 0.7885361 0.8056942 0.8573822
0.3564877 0.7305876 0.2988104 0.8637567 0.08099232
0.006158944 0.522788 0.6727645 0.651855 0.5090022
0.0384666 0.5237484 0.3214375 0.9756951 0.9724144
0.6782098 0.9393767 0.2522936 0.394191 0.3655632
0.6056985 0.7130598 0.6680057 0.06901219 0.3443912
0.4923776 0.1558983 0.3822134 0.8582625 0.2076536
0.9845567 0.8370336 0.9205933 0.9387706 0.5589602
0.1294347 0.738532 0.01803261 0.3013141 0.4224591
0.2929248 0.5938633 0.04745954 0.9015251 0.1025274
0.2079803 0.6120402 0.9318419 0.7978793 0.1840896
0.9075116 0.2143325 0.8301935 0.7192936 0.1158281
0.7469916 0.6247755 0.4587649 0.9547078 0.5977644
0.4666903 0.5997305 0.03625051 0.3637235 0.776557
0.9863924 0.8662564 0.7453205 0.2951944 0.5911976
0.3732343 0.9297498 0.8630464 0.5041239 0.7630575
0.5509711 0.04449842 0.946702 0.3371685 0.3252656
0.8697952 0.1626899 0.5317671 0.1426926 0.9863786
0.5930362 0.5172966 0.9186698 0.2316538 0.8212373
0.8459303 0.5025392 0.416079 0.8008291 0.2289615
0.2539981 0.5104226 0.6503094 0.5986378 0.4093923
0.9230161 0.04099292 0.4274754 0.4090397 0.06855938
0.321646 0.7476965 0.7232216 0.5061448 0.1177995
0.7151732 0.3569074 0.9548038 0.7386436 0.3589133
0.5177182 0.7713572 0.7723002 0.3875769 0.4366268
0.7934994 0.3323967 0.7336953 0.9472749 0.9099547
0.2888876 0.6293278 0.1230516 0.6083227 0.339381
0.1601659 0.9617583 0.7105509 0.2869306 0.4739838
0.02984491 0.7520545 0.3908835 0.4820981 0.1544498
0.921793 0.203557 0.8050213 0.4609115 0.2957483
0.06875136 0.1606275 0.7857455 0.9862611 0.08478342
0.5007839 0.4727597 0.04081879 0.9190546 0.341999
0.7287466 0.5736055 0.2538486 0.9265073 0.4715815
0.4518153 0.4050798 0.4889572 0.008424127 0.08637912
0.02646787 0.3835376 0.6547358 0.7194385 0.7125499
0.2889633 0.9660136 0.3770929 0.4794668 0.8188913
0.6311587 0.8215957 0.6331584 0.5305942 0.9760351
0.3722158 0.3165812 0.8525384 0.2053365 0.4386222
0.7219025 0.5945776 0.517575 0.894036 0.8068146
0.6954352 0.9474946 0.9423319 0.1752377 0.7569877
0.8237875 0.2614092 0.6497374 0.7307878 0.6301693
0.08538386 0.4449554 0.3831265 0.4112785 0.3036133
0.18849 0.1277678 0.4621306 0.381981 0.7745445
0.8476377 0.3987186 0.6693239 0.04197604 0.9040784
0.136945 0.3086687 0.07190679 0.1778788 0.2733324
0.4086742 0.205072 0.7991543 0.002759767 0.396464
0.6797604 0.3710909 0.3302561 0.451684 0.8406075
0.02373784 0.5221969 0.5046966 0.884432 0.8328569
0.85381 0.1548153 0.980093 0.4862039 0.4900889
0.7023634 0.2873032 0.9204106 0.4505671 0.7419357
0.06071669 0.2432195 0.1499872 0.7652382 0.6187887
0.4502641 0.7086694 0.3812996 0.03497399 0.8626399
0.8895616 0.9002386 0.2639199 0.9383073 0.04329444
0.1994028 0.6742949 0.7609189 0.4705591 0.7261631
0.9144084 0.7360543 0.7654081 0.9483121 0.6549843
0.4313561 0.5419549 0.4719951 0.232705 0.03235163
0.696384 0.9433305 0.9400308 0.3548676 0.8579613
0.9697074 0.1493042 0.8199995 0.1679456 0.5845622
0.1617525 0.3710883 0.6486906 0.7315802 0.3230033
0.5566358 0.0402955 0.7806036 0.9106453 0.4291377
0.0643692 0.5656946 0.9285123 0.8974244 0.9934901
0.8790193 0.3712412 0.4829885 0.2894521 0.6844305
0.2797266 0.2111428 0.5312995 0.2159767 0.2873798
0.6900225 0.9270605 0.4157509 0.0993126 0.4950351
0.4441699 0.3425391 0 0.9504704 0.3396408
0.2121293 0.6550335 0.0489554 0.8025799 0.7036232
0.1513559 0.1326142 0.7261487 0.2148979 0.09349432
0.1416492 0.2145643 0.5767798 0.0381309 0.6089362
0.01010678 0.001955581 0.08883013 0.9700571 0.7551172
0.6058648 0.3760482 0.1563511 0.1910969 0.8568098
0.3627774 0.2245901 0.4742633 0.5624106 0.8354857
0.6548425 0.4926313 0.5655227 0.620511 0.7054542
0.2817265 0.8283246 0.850569 0.5533522 0.9831617
0.9072604 0.7207609 0.07462343 0.5364344 0.6646799
0.4926946 0.8751468 0.1151102 0.2301659 0.01930461
0.5400031 0.5267552 0.9047637 0.2861535 0.348749
0.7220558 1 0.9634253 0.2816049 0.09943773
0.5213945 0.4028743 0.5929237 0.5848302 0.02392429
0.4759402 0.508495 0.05730447 0.744261 0.8173152
0.01856102 0.3360983 0.9858269 0.1246209 0.4330216
0.4896412 0.9765603 0.260804 0.5051351 0.4753114
0.8605348 0.08586396 0.6756755 0.4094344 0.6027157
0.7004871 0.4959751 0.3318557 0.7013605 0.3384011
0.2398999 0.9971579 0.9535333 0.9765967 0.6447109
0.3711848 0.6009159 0.3882153 0.5529397 0.3751549
0.7908626 0.7144053 0.2478312 0.5992832 0.9814783
0.435083 0.6818717 0.1909168 0.2789286 0.4238844
0.2969766 0.7302243 0.2035943 0.8205359 0.1059155
0.5755926 0.4729868 0.05545205 0.5295863 0.8218518
0.9553628 0.4175437 0.7569268 0.07183482 0.9280428
0.858916 0.8033423 0.1946065 0.5679076 0.6151489
0.3943554 0.8432985 0.4636811 0.5740767 0.3395963
0.6462467 0.5802411 0.4329871 0.4417672 0.7764515
0.6254709 0.9582618 0.4470757 0.3132001 0.7441655
0.6622826 0.8094365 0.6723397 0.6177849 0.2513393
0.9197381 0.3296616 0.8967501 0.5075687 0.7231384
0.4838494 0.4911837 0.8105347 0.164782 0.3025162
0.511884 0.8650706 0.362408 0.6931372 0.06550113
0.50992 0.02427847 0.6858858 0.07856271 0.6751913
0.619162 0.6515932 0.4979776 0.9746306 0.3876925
0.01978294 0.8509704 0.02382853 0.2824044 0.7714148
0.580178 0.1576429 0.2263399 0.3333412 0.232707
0.7068016 0.03155114 0.7428734 0.6880695 0.482875
0.9939947 0.5386444 0.07485491 0.7797492 0.4105547
0.9959515 0.2149248 0.4409344 0.2067832 0.1814289
0.988092 0.9885267 0.5007055 0.4036986 0.3107709
0.469866 0.3784684 0.08131744 0.7759275 0.3864176
0.8698411 0.2914997 0.5421577 0.1214031 0.2292706
0.5520151 0.1490583 0.2320975 0.2226061 0.0757196
0.5640143 0.04764026 0.9597059 0.6989486 0.4709982
0.2349949 0.5275368 0.1789728 0.5073737 0.5624525
0.9907249 0.7723187 0.9187806 0.7732349 0.7908068
0.1928686 0.8294517 0.9664254 0.3402481 0.8400807
0.5607268 0.9525254 0.5402345 0.7074939 0.9995962
0.2543769 0.208664 0.887795 0.1864971 0.4139286
0.8589533 0.1537078 0.8973425 0.02631819 0.9568232
0.9980962 0.6974293 0.08798509 0.2148559 0.3208237
0.3323759 0.8251082 0.6148882 0.310687 0.06439787
0.6616612 0.459701 0.01931412 0.561338 0.6126807
0.7178702 0.4875785 0.4274375 0.9992234 0.1875455
0.03889815 0.4443304 0.6982701 0.4351017 0.0266245
0.5409001 0.605826 0.8481536 0.3036767 0.8911666
0.5172632 0.7489063 0.1724081 0.5792545 0.7640853
0.8090512 0.5454678 0.007817024 0.1016797 0.8576317
0.7033746 0.1178592 0.07981388 0.6987911 0.9075334
0.02414926 0.5222535 0.1565158 0.8883015 0.013401
0.5899105 0.5698526 0.7487817 0.5327859 0.9216232
0.6155205 0.2466043 0.08270999 0.4049926 0.3180623
0.9398598 0.3717485 0.722575 0.6340652 0.9800154
0.7601853 0.5435426 0.4977938 0.6386687 0.8954887
0.7837386 0.4804449 0.4752407 0.665805 0.8540448
0.1237512 0.988441 0.1336003 0.07438281 0.2817535
0.9303256 0.6764499 0.5768805 0.9080355 0.07470831
0.7762122 0.7196309 0.38511 0.6186581 0.1992793
0.3748155 0.9060543 0.2206379 0.7869565 0.5272931
0.9676946 0.1412316 0.9456386 0.1682682 0.9781727
0.9299205 0.3322443 0.7136654 0.931086 0.2724444
