0.2233171 0.8409108 0.7504418 0.9856119 0.4845522
0.08416641 0.786532 0.07078045 0.400747 0.2110865
0.6260234 0.4928768 0.8591166 0.6549356 0.5358873
0.2279001 0.15917 0.2295132 0.04396253 0.3628423
0.5228914 0.7500688 0.5783279 7.346812e-06 0.2365425
0.2994708 0.7591463 0.2035658 0.8671038 0.130964
0.3040454 0.6790307 0.8188354 0.2691967 0.9739229
0.2111146 0.1927204 0.1637364 0.3489697 0.4545585
0.2361392 0.9375835 0.1462579 0.8177118 0.01666116
0.2784229 0.2318079 0.05702279 0.3935919 0.5540253
0.9480314 0.7517393 0.4598818 0.471889 0.8570303
0.06654316 0.270981 0.86106 0.7437915 0.2366059
0.1268603 0.9743918 0.3908791 0.8692955 0.3131088
0.2835663 0.5148504 0.4471056 0.343776 0.29042
0.3214079 0.7356038 0.5646758 0.4561453 0.6684755
0.04418054 0.9267241 0.5319454 0.2672083 0.710268
0.429112 0.05886497 0.4315225 0.04529986 0.06474358
0.3979759 0.8736993 0.1879792 0.3678456 0.2470511
0.2741511 0.7367829 0.8442458 0.5347648 0.2863015
0.6647944 0.1523521 0.8724361 0.5628628 0.281481
0.03520919 0.9319271 0.9996268 0.01515771 0.8976716
0.6772947 0.9852517 0.9063191 0.8638692 0.3009725
0.1296073 0.3443349 0.9597926 0.3410551 0.2187902
0.232197 0.7771402 0.1570084 0.3812623 0.9454831
0.9452004 0.9130027 0.852875 0.8827245 0.9285185
0.9281378 0.7999119 0.1125695 0.5033398 0.8212292
0.6114649 0.9642777 0.1678849 0.5589032 0.2318426
0.5669962 0.4466488 0.7469568 0.7428457 0.01858735
0.8790382 0.7454151 0.7711977 0.9706597 0.2054752
0.1604708 0.5874347 0.4290249 0.3088638 0.3437713
0.8345433 0.7563031 0.8393837 0.1273555 0.4114173
0.07555826 0.6116526 0.3611167 0.8160251 0.8575161
0.1052424 0.650078 0.8922835 0.02481492 0.04866699
0.3054198 0.8458263 0.9406286 0.7942445 0.2747865
0.7532136 0.03431162 0.2454049 0.08775763 0.7794049
0.7731049 0.1840881 0.4933117 0.7356692 0.6352914
0.1493769 0.5822773 0.9782764 0.5088861 0.7090151
0.1393586 0.1158784 0.3266711 0.5840981 0.5663503
0.8136425 0.2517357 0.370103 0.2687678 0.6122039
0.1490799 0.4050746 0.7667922 0.6996218 0.6109115
0.836427 0.2805257 0.5036534 0.6365807 0.9045464
0.8607112 0.5480941 0.05624465 0.571513 0.4168525
0.1587415 0.1990445 0.3527889 0.5410718 0.8641269
0.7620007 0.7401763 0.1087449 0.7352031 0.3028065
0.6719422 0.3154181 0.5104982 0.5740717 0.141315
0.7530388 0.6805432 0.6327679 0.3932988 0.000335443
0.5435299 0.4029185 0.9003721 0.8295518 0.575616
0.5909475 0.347143 0.6298259 0.3518763 0.2216004
0.4105473 0.5272162 0.3314656 0.9807212 0.3167571
0.5461465 0.2928643 0.7235983 0.4109207 0.2759541
0.8132354 0.9729333 0.8613137 0.4604216 0.3802242
0.4666409 0.6689687 0.981178 0.7932914 0.5113761
0.6137926 0.1525977 0.06685892 0.5207033 0.1485621
0.932291 0.2487057 0.9713941 0.8860592 0.7246278
0.131347 0.8238321 0.8537136 0.9005964 0.7685102
0.2680576 0.05008467 0.3497961 0.8044488 0.9615031
0.2059244 0.6926366 0.04875104 0.490629 0.3632494
0.476576 0.9937105 0.8511901 0.003884029 0.3891504
0.3384371 0.5068364 0.2247177 0.5086708 0.02848933
0.3402078 0.5342779 0.4616412 0.7471657 0.8910396
0.75263 0.7887598 0.04942474 0.5543934 0.159884
0.1766279 0.3355728 0.7156829 0.5500427 0.01982203
0.5943874 0.2125172 0.5062451 0.4460609 0.2110303
0.2352013 0.4273271 0.8893274 0.5897097 0.2544168
0.4311158 0.3261287 0.8897653 0.6804469 0.4180812
0.9115487 0.2441055 0.01188048 0.9682057 0.04927636
0.005493741 0.6232652 0.228937 0.01204033 0.4468431
0.7314447 0.5961885 0.7164582 0.7247029 0.4781074
0.163018 0.03232802 0.4137612 0.6691404 0.7877947
0.9934748 0.8812605 0.8592963 0.5572492 0.9044518
0.4472875 0.2205005 0.7781108 0.2711351 0.4838528
0.1714533 0.3782323 0.2929574 0.2495173 0.1965898
0.06573279 0.9209803 0.2721172 0.6169167 0.5841299
0.4395153 0.009278027 0.5056289 0.4780596 0.9392847
0.7064159 0.2260535 0.2597196 0.5892935 0.4163221
0.2010194 0.4288149 0.6994567 0.9468227 0.945594
0.4990582 0.2653995 0.5009494 0.2157106 0.5242415
0.8975793 0.2899076 0.2662573 0.09000995 0.9243217
0.9520887 0.9536109 0.4138396 0.9208294 0.568579
0.7582582 0.5608161 0.3989454 0.06863565 0.3691587
0.2330124 0.04868252 0.6645909 0.5353667 0.8300619
0.2537855 0.735308 0.7462882 0.6008281 0.1986996
0.4976643 0.8587648 0.09113775 0.6432121 0.9073198
0.4083334 0.3770821 0.7348636 0.06711507 0.6568805
0.6930899 0.8779549 0.671227 0.2311956 0.8519036
0.1417601 0.2895412 0.3585756 0.5222549 0.6066688
0.6168446 0.4265755 0.0154857 0.1170444 0.1087636
0.04692846 0.03765963 0.3201029 0.435406 0.8498849
0.801519 0.2758757 0.01415403 0.2198251 0.9602636
0.6311198 0.06035548 0.5336839 0.514623 0.9126241
0.8916191 0.237798 0.8866597 0.9792116 0.9405108
0.7795565 0.4489155 0.5983747 0.7371797 0.04960249
0.7516948 0.3068836 0.1807801 0.4244706 0.5559876
0.8835734 0.4474812 0.9107397 0.2142423 0.5349583
0.8314334 0.7495302 0.4078639 0.8901518 0.7251795
0.714476 0.5313972 0.9691785 0.04710465 0.5192486
0.3345847 0.8669472 0.6349586 0.3440897 0.4744074
0.773817 0.5782505 0.3804806 0.356329 0.7292169
0.7170525 0.6507624 0.9197684 0.3934784 0.7191039
0.01707637 0.9536281 0.7989325 0.7250346 0.1744402
0.237337 0.4775789 0.2022939 0.09301317 0.4766276
0.1935751 0.8382297 0.669081 0.8101526 0.7372834
0.4867489 0.8860446 0.07642838 0.3028822 0.0006097277
0.637963 0.0384247 0.6185531 0.9185894 0.5113653
0.3656029 0.4541908 0.8736091 0.4755614 0.9571208
0.02917188 0.6179469 0.5402171 0.2472698 0.4573635
0.439801 0.006687689 0.07547732 0.6980697 0.01208829
0.7725687 0.03368553 0.08561093 0.584587 0.5722363
0.3871786 0.4520244 0.3980791 0.7320959 0.6670755
0.4264215 0.3343182 0.9981716 0.6910951 0.001072589
0.2497269 0.7793408 0.782996 0.4712334 0.9630247
0.9564242 0.322931 0.1488206 0.7634609 0.5712061
0.5992319 0.9486913 0.5899948 0.4730477 0.2628861
0.7085281 0.4793095 0.2344943 0.4645094 0.03998125
0.2960961 0.1113314 0.1025364 0.7361041 0.9999986
0.8567161 0.1968982 0.8899111 0.7316933 0.4737186
0.3402951 0.8200335 0.7388921 0.1770706 0.7051222
0.4667898 0.7134841 0.2949517 0.6777711 0.2671281
0.0713917 0.6975932 0.5059792 0.2301455 0.7041714
0.7599695 0.5774279 0.115044 0.7424128 0.6524753
0.4402672 0.4446984 0.9819034 0.72567 0.9933322
0.4800975 0.5855805 0.9454801 0.9029276 0.9058011
0.6248027 0.5166349 0.2038889 0.0294715 0.5373199
0.3553685 0.2234484 0.1727633 0 0.1804656
0.4251192 0.2163426 0.09008041 0.1887135 0.7239416
0.6830728 0.1052434 0.5615407 0.4614563 0.8764491
0.6370947 0.7433365 0.9564484 0.7305061 0.5293617
0.6061914 0.7446631 0.9831735 0.9585995 0.3808202
0.3928458 0.5758786 0.05625024 0.4681136 0.6891458
0.2675165 0.4856505 0.6400823 0.7167172 0.4802408
0.5055627 0.4503946 0.208536 0.02674776 0.4156939
0.1814588 0.5380924 0.7602978 0.5131265 0.470362
0.1167974 0.8105273 0.2539156 0.4942893 0.006699227
0.8559114 0.7576343 0.6456197 0.8129548 0.7276061
0.2899181 0.4837602 0.7479539 0.5524305 0.4255235
0.9119215 0.8184122 0.675229 0.3186248 0.7593659
0.4048715 0.2320928 0.3937933 0.3280029 0.2689829
0.9382546 0.09266161 0.2742325 0.005393596 0.4763824
0.1247666 0.06840193 0.09052493 0.667902 0.9804812
0.3753882 0.9993455 0.09401485 0.4433669 0.4773334
0.2265062 0.4950623 0.8821636 0.9540961 0.2074085
0.5497728 0.7948786 0.9652534 0.3635335 0.5915185
0.9692929 0.9893885 0.3824118 0.5028106 0.1858183
0.5657504 0.4924301 0.656418 0.7391189 0.03809191
0.7685851 0.1028739 0.3452206 0.6390704 0.8178948
1 0.2464883 0.976281 0.899308 0.8481665
0.3492499 0.3830396 0.1130489 0.3606436 0.8178011
0.9291688 0.2733552 0.924092 0.542089 0.6591076
0.7487639 0.8886628 0.2731502 0.5532324 0.5693633
0.8736446 0.8838004 0.01675248 0.8657393 0.721194
0.3660587 0.1800658 0.2226921 0.9947051 0.08858704
0.4801464 0.05386862 0.7225616 0.9822513 0.5668343
0.1124775 0.5607407 0.9405717 0.4384544 0.02753129
0.6873868 0.2835595 0.8285708 0.8942134 0.8656066
0.8625863 0.6271367 0.6543179 0.03842414 0.3787703
0.8023387 0.8412191 0.3599182 0.2937234 0.9723791
0.691064 0.5141153 0.5863345 0.7487889 0.9034134
0.6682732 0.9844992 0.1984439 0.538092 0.5581812
0.2008987 0.01959502 0.4418158 0.3231621 0.9684911
0.4973232 0.5551126 0.4130394 0.8535715 0.9880369
0.208926 0.2939308 0.2260211 0.2136619 0.7675244
0.7765378 0.5085454 0.5989777 0.2729077 0.5455197
0.07199737 0.7970227 0.760161 0.7358931 0.3069184
0.8531202 0.9990753 0.6186324 0.9865451 0.4110906
0.6995012 0.5584029 0.6945386 0.002843633 0.3110617
0.7695929 0.6048997 0.7514942 0.9942051 0.4604751
0.1551101 0.4212304 0.7113525 0.1747046 0.04918893
0.3095895 0.001661451 0.9390494 0.9393632 0.5957667
0.4825664 0.9489144 0.4364807 0.8410873 0.9694632
0.6069734 0.458679 0.3245468 0.6543783 0.7542784
0.3018036 0.6566485 0.2526829 0.251079 0.6024976
0.9079686 0.9644559 0.1354979 0.5654189 0.3586444
0.3099312 0.06367848 0.9150219 0.342788 0.5826725
0.8736579 0.4779279 0.3547053 0.1181374 0.2586512
0.0285216 0.2093866 0.4145552 0.346276 0.255667
0.7327069 0.7534813 0.4434866 0.4229469 0.9738459
0.5344311 0.2198968 0.9979997 0.1974138 0.07986078
0.2002155 0.3915004 0.826006 0.7124489 0.5654114
0.7125518 0.1011481 0.4766035 0.8576316 0.8242622
0.1015101 0.4401423 0.5134765 0.4646888 0.3906351
0.1359022 0.8430484 0.6321616 0.963076 0.1992121
0.9666854 0.3134683 0.6640889 0.6196796 0.6623598
0.5735821 0.03074818 0.2768866 0.5984361 0.9774265
0.7498091 0.1314346 0.7015012 0.7462144 0.6775125
0.3711221 0.4411264 0.06145507 0.1628066 0.9469664
0.3131828 0.07101451 0.3808126 0.2087223 0.8999836
0.2653544 0.2682153 0.7311096 0.08429805 0.6312988
0.5650997 0.2109095 0.1877113 0.8582665 0.1832224
0.2992778 0.3477599 0.2172945 0.9439049 0.272828
0.1316506 0.7741974 0.4653121 0.670576 0.2905449
0.8552133 0.4974106 0.2846286 0.6823007 0.2606353
0.9867469 0.754707 0.4546277 0.08491627 0.4710297
0.7561936 0.4800254 0.2923518 0.8951937 0.6467503
0.4856362 0.01885542 0.6148887 0.7926606 0.1386168
0.1127797 0.9348526 0.2124106 0.1301917 0.9986501
0.1328188 0.5717894 0.118122 0.01132303 0.7329703
0.8254795 0.1818964 0.8075894 0.6881111 0.5674185
0.07337697 0.4943493 0.5453249 0.7173733 0.9700918
0.6878822 0.4875641 0.1947022 0.1561087 0.05153234
0.3548835 0.9809332 0.7098051 0.235427 0.6506827
0.9305537 0.9498107 0.08228957 0.0533916 0.9853821
0.4035392 0.9761974 0.9423475 0.5278891 0.614537
0.3833214 0.363272 0.89749 0.7829033 0.4840842
0.2402344 0.2713655 0.4628118 0.3281247 0.09118903
0.7116876 0.5042032 0.569095 0.4625149 0.5591951
0.8136348 0.7837758 0.527741 0.1671194 0.3360493
0.5824702 0.6733531 0.7462915 0.1595466 0.1090803
0.6107918 0.5238684 0.3349587 0.6186406 0.4120559
0.5536714 0.09937764 0.4512051 0.7400185 0.3496343
0.459994 0.5293768 0.3703496 0.6555955 0.6242698
0.7686465 0.04387568 0.4254912 0.02532324 0.6892914
0.1487577 0.1183129 0.8060021 0.5446769 0.5901817
0.8669529 0.7866375 0.1951508 0.1538086 0.5538624
0.09104821 0.6865054 0.3702874 0.7631491 0.4634014
0.2066084 0.1099197 0.2346778 0.8197158 0.4560103
0.1109119 0.9695555 0.3737047 0.9459288 0.4829559
0.03859166 0.5996081 0.7194484 0.9197681 0.1042012
0.6312943 0.4646752 0.08065398 0.7848184 0.3260819
0.1202032 0.8897766 0.8291263 0.8610092 0.267813
0.1214056 0.8074132 0.02947787 0.2039507 0.1053603
0.3443889 0.9020343 0.8124507 0.9008906 0.3500909
0.4222858 0.9292232 0.3248748 0.2916415 0.833205
0.4316857 0.6557948 0.9053276 0.9557365 0.9840244
0.1740244 0.8690648 0.4577745 0.1685039 0.7803941
0.8940129 0.6553961 0.4344895 0.1705826 0.1737577
0.7314492 0.6285756 0.9762811 0.1832312 0.7569484
0.245108 0.4879914 0.4913743 0.7337334 0.7516589
0.8188547 0.5691708 0.761078 0.3280306 0.5250503
0.1933445 0.7369867 0.1081403 0.4157362 0.6472181
0.4387931 0.7508821 0.1115766 0.5547646 0.5784106
0.4652752 0.8003472 0.1032692 0.5897539 0.5819066
0.6236591 0.4467067 0.03619884 0.3771577 0.1772178
0.06762795 0.9958516 0.2257324 0.6589951 0.1344787
0.7426136 0.9776307 0.299793 0.3799665 0.5694406
0.6234975 0.5820355 0.9733213 0.5483433 0.5433825
0.2995448 0.2210607 0.6298179 0.8161177 0.7181008
0.8488167 0.6322597 0.5973845 0.413586 0.7289235
0.4464475 0.6580484 0.7343434 0.5021257 0.9810905
0.228375 0.3605097 0.3323204 0.6947706 0.4509476
0.9658668 0.6920806 0.2363585 0.6584925 0.3826777
0.06835156 0.07018027 0.3265566 0.623603 0.7005501
0.6594503 0.9517625 0.08945862 0.8733879 0.8115555
0.2590316 0.2500254 0.8867953 0.858993 0.3894864
0.8320589 0.1097726 0.3968229 0.396224 0.07851951
0.6791632 0.2005188 0.646465 0.8041427 0.2941693
0.926363 0.8879632 0.4455271 0.2122945 0.7423898
0.2436831 0.4622547 0.6544031 0.4542496 0.2512854
0.2886317 0.8468936 0.1810959 0.8445457 0.1642187
0.8843413 0.4157762 0.106493 0.9430623 0.4005177
0.7114938 0.9571734 0.6846331 0.7433239 0.8656168
