0.7745193 0.5935201 0.353946 0.8375112 0.7157047
0.4727886 0.1876835 0.1300154 0.1704628 0.1164777
0.3757809 0.5239132 0.1964225 0.9857047 0.2073662
0.1588996 0.02883788 0.1392533 0.2641459 0.374351
0.04039688 0.7601888 0.02385547 0.3112527 0.3656156
0.3450422 0.7191749 0.8470441 0.6996863 0.7510231
0.1402162 0.7922673 0.9273261 0.6416795 0.4596601
0.3416267 0.3708079 0.8951338 0.9412333 0.9890265
0.5019805 0.855028 0.2808523 0.9660953 0.2338509
0.1154705 0.6410754 0.7897493 0.5421386 0.02521843
0.6959264 0.3215824 0.3107611 0.7611209 0.7876761
0.3238 0.3854922 0.2681888 0.4219905 0.2952969
0.4351395 0.2357531 0.6129898 0.777323 0.7943253
0.9139308 0.1187629 0.5951744 0.3574302 0.6256002
0.003202664 0.6802947 0.7613683 0.4651745 0.649931
0.8581344 0.9833101 0.9676952 0.8586772 0.8778263
0.6149122 0.6771753 0.5616528 0.7278889 0.6647041
0.2067035 0.5487063 0.913044 0.3997948 0.3518983
0.6489862 0.5427627 0.8790423 0.1920865 0.131745
0.9649327 0.6427824 0.08052408 0.1565653 0.778113
0.4440198 0.4524363 0.4759403 0.6520904 0.4103211
0.8562377 0.4340692 0.8611484 0.5333531 0.5363455
0.9133172 0.7247523 0.07967707 0.1019957 0.5209519
0.1672005 0.3157576 0.1644063 0.2867772 0.422933
0.8933467 0.1534571 0.5860104 0.2538222 0.5324615
0.7193684 0.4502454 0.7116232 0.9453274 0.8673811
0.2195129 0.7823898 0.05370429 0.675112 0.7404171
0.4361329 0.5698132 0.5751435 0.6037313 0.439465
0.7214455 0.1505016 0.8299622 0.5951156 0.3416217
0.008818524 0.9088256 0.5694594 0.2158374 0.4693251
0.1143167 0.6277617 0.1490319 0.2707443 0.7766
0.8965392 0.0273328 0.4517046 0.5031261 0.5319026
0.6632992 0.916838 0.01897602 0.4168323 0.9583708
0.2136299 0.3626688 0.3351024 0.3966346 0.9273747
0.6419943 0.2507617 0.9288602 0.1852316 0.08343709
0.2902721 0.9188583 0.8017677 0.4803877 0.9989628
0.7741445 0.9091737 0.425651 0.3604363 0.7120276
0.05201348 0.6325841 0.1353275 0.2682058 0.8747495
0.1974224 0.9661857 0.07174963 0.6652443 0.8902493
0.8239256 0.7459933 0.9488907 0.8857886 0.9474607
0.08010585 0.3059274 0.329353 0.5831785 0.5597183
0.8957755 0.8600745 0.1509136 0.4195316 0.1180127
0.5994495 0.8893584 0.7606141 0.4090304 0.592922
0.3612197 0.5489645 0.9277409 0.9134041 0.9741585
0.3823605 0.697753 0.1012335 0.3541305 0.2894764
0.9075092 0.8263055 0.8815701 0.9897552 0.950241
0.9024688 0.4893684 0.4091532 0.03709443 0.8048887
0.5671656 0.2872576 0.02722524 0.3344003 0.2483224
0.5900805 0.1909408 0.66573 0.39551 0.7189817
0.4025851 0.7053314 0.8183551 0.06580205 0.8534564
0.3734174 0.912569 0.6816154 0.269088 0.4537439
0.100485 0.856422 0.9917968 0.6088288 0.9075021
0.08556022 0.8974095 0.3984981 0.3194994 0.1823566
0.0907409 0.7308688 0.1462662 0.07071626 0.8677904
0.3371044 0.4857759 0.0106214 0.8478951 0.1794758
0.6159457 0.9577935 0.1962346 0.3825826 0.432171
0.1788373 0.9145769 0.1991941 0.333756 0.4699893
0.9619167 0.8171637 0.1553109 0.6369182 0.5495287
0.8048771 0.4743387 0.358908 0.5175853 0.5924451
0.2590379 0.607175 0.3403385 0.2018051 0.4049995
0.9991707 0.5642551 0.1233328 0.2010999 0.5944475
0.2386127 0.5728938 0.6523286 0.4403983 0.4530443
0.4134167 0.4157844 0.1911952 0.1581452 0.5214897
0.1401914 0.4322104 0.5585747 0.2580237 0.1662389
0.2608875 0.5668176 0.5633275 0.6906612 0.05191595
0.8552833 0.2665649 0.1759112 0.8412781 0.4102193
0.6848 0.3377512 0.3680195 0.5621367 0.4473371
0.9837209 0.6090524 0.8671367 0.3404309 0.4972523
0.1106996 0.6041292 0.5030568 0.4975776 0.2546813
0.7054366 0.2859097 0.6327885 0.02581765 0.03976339
0.005930625 0.9083358 0.5347165 0.9396115 0.8053676
0.9856814 0.5566033 0.3464429 0.622941 0.0833804
0.9589154 0.546119 0.5103869 0.2124335 0.992811
0.9018438 0.02147422 0.1074067 0.8444724 0.6858783
0.965849 0.1135953 0.07951094 0.8527817 0.945372
0.02900584 0.2536609 0.1273048 0.3078512 0.4602944
0.0934917 0.4123364 0.07349566 0.7737927 0.6661044
0.8838453 0.8786489 0.9939216 0.1315816 0.06898571
0.9640167 0.9541395 0.5552848 0.3470884 0.5744945
0.5172248 0.3895669 0.2638657 0.01716732 0.834998
0.1992311 0.5540734 0.04385068 0.1979199 0.5440871
0.07744018 0.9747546 0.03635062 0.7576136 0.5817036
0.8540856 0.38328 0.3904426 0.1755577 0.1544221
0.8290486 0.6188222 0.5273637 0.9727862 0.5028933
0.2468311 0.5261433 0.483769 0.6369842 0.5369251
0.8369766 0.9793109 0.6062354 0.6072452 0.2346582
0.89743 0.4747838 0.1034347 0.2434919 0.7268837
0.1427237 0.1742047 0.8324738 0.0308358 0.02226374
0.2455051 0.3514133 0.6238776 0.9436488 0.7053744
0.7133439 0.3737988 0.7460815 0.7653083 0.5775729
0.9651413 0.1691264 0.4974378 0.9761784 0.8670756
0.8233617 1 0.3827044 0.9067653 0.6579717
0.4562831 0.881997 0.7259161 0.5295709 0.6197199
0.4524063 0.1074336 0.4321499 0.4527367 0.551069
0.6860503 0.2442416 0.3602235 0.4950871 0.284155
0.6243257 0.9872181 0.7851741 0.2128644 0.4974587
0.9154728 0.07009549 0.168132 0.3128799 0.1651753
0.9748619 0.9842619 0.8150811 0.6230631 0.3591191
0.5455813 0.442997 0.409039 0.5243281 0.5470789
0.328191 0.8555859 0.3872447 0.759545 0.3407355
0.6057718 0.9006832 0.5093088 0.4851499 0.4478201
0.6492269 0.3736188 0.08355352 0.9238079 0.1617747
0.7914878 0.1924293 0.1156943 0.3163312 0.6148478
0.4607666 0.7088153 0.5303674 0.2570681 0.6653305
0.9929811 0.2486613 0.7323088 0.2265629 0.002298583
0.3485106 0.445437 0.1271014 0.4790105 0.7762827
0.9230647 0.04597368 0.87584 0.1901896 0.1095277
0.4647738 0.907353 0.2376587 0.01506147 0.7383291
0.002322738 0.1030817 0.9313573 0.04768518 0.8311573
0.4918745 0.01061286 0.8709509 0.8260037 0.1525903
0.8667095 0.7993139 0.7676576 0.010125 0.9534981
0.6467037 0.8941023 0.8637153 0.6084158 0.8042704
0.7332373 0.6428133 0.8976595 0.0368022 0.1600526
0.6643059 0.8087143 0.5315907 0.7664266 0.404192
0.8495611 0.2605041 0.5177576 0.8593376 0.7832583
0.5139376 0.9987133 0.4068207 0.5969523 0.04258791
0.7999097 0.784543 0.3510873 0.531735 0.09046251
0.4976823 0.4001083 0.8009721 0.3337518 0.5488704
0.9297563 0.06803482 0.2794991 0.7251613 0.2460082
0.7273591 0.8714126 0.8968726 0.9424674 0.4627165
0.981755 0.4386221 0.3776317 0.1505594 0.2975449
0.7002603 0.3818984 0.7896132 0.5036864 0.4793355
0.05272166 0.5818241 0.4945856 0.6418359 0.4461386
0.6316701 0.8470957 0.6585764 0.840936 0.402469
0.8449144 0.9502196 0.1648442 0.7299674 0.8957884
0.4103334 0.3685583 0.7378006 0.07873644 0.2601139
0.9514701 0.3177535 0.254406 0.8510183 0.7786211
0.7551916 0.3970533 0.5073347 0.5593806 0.2677471
0.7884652 0.4085977 0.08751656 0.1759696 0.3211217
0.888453 0.6422317 0.5761775 0.3792739 0.7637179
0.1001499 0.4403706 0.8631717 0.445501 0.2071268
0.957435 0.2772713 0.6156739 0.2923849 0.6950061
0.09955927 0.6888013 0.1831162 0.03811817 0.7600614
0.5035882 0.765581 0.004650682 0.08963654 0.02473536
0.7106303 0.6164667 0.3672091 0.4258791 0.6313479
0.4924811 0.7017551 0.4367359 0.6105285 0.5977465
0.5656686 0.3153938 0.7400074 0.07733919 0.08750444
0.2759566 0.8608052 0.8247592 0.06694318 0.9503499
0.4521433 0.9649303 0.9489728 0.8235453 0.5654693
0.8687193 0.9097836 0.7629151 0.3884854 0.3330601
0.5127457 0.4971729 0.88394 0.08305746 0.7752186
0.7821295 0.1100457 0.6669045 0.3616681 0.8265593
0.866042 0.3941158 0.3245117 0.02469532 0.3511086
0.01391858 0.3692438 0.01190698 0.7307216 0.4928934
0.7364519 0.5897836 0.2630526 0.7607353 0.6810904
0.07237134 0.9750756 0.9202113 0.0497725 0.8558761
0.63402 0.7146371 0.8668585 0.9179456 0.09940463
0.2597593 0.8171978 0.8594834 0.9224971 0.8151691
0.01009392 0.08578797 0.6501772 0.9354861 0.7890023
0.3095547 0.4501782 0.2651068 0.7409723 0.6895805
0.2664988 0.6755171 0.06774303 0.1809136 0.5657911
0.2309703 0.1730376 0.9651695 0.9968379 0.9408134
0.6531914 0.2381245 0.8439972 0.4276408 0.6018036
0.07919995 0.07693788 0.4992098 0.3746535 0.783556
0.1438113 0.6967094 0.1889617 0.9164486 0.754351
0.5726571 0.09803727 0.4689638 0.9789464 0.7032596
0.3867499 0.04123531 0.5826768 0.2100204 0.2797661
0.6001339 0.3658229 0.1557421 0.208279 0.5328104
0.01194385 0.01532058 0.8618905 0.86395 0.1332766
0.2838052 0.6532464 0.05619576 0.7571616 0.2403826
0.2611091 0.9920124 0.7347209 0.6693454 0.6146702
0.6473545 0.2661786 0.4597066 0.9521621 0.5524005
0.3612869 0.8805127 0.1159615 0.1830872 0.9227167
0.1127592 0.4713791 0.7637456 0.9065179 0.1475572
0.6399562 0.8483348 0.9529759 0.404074 0.2440236
0.9925402 0.08845599 0.6958461 0.8411981 0.8058576
0.6311825 0.352252 0.3220482 0.3176849 0.3675645
0.02092932 0.7480355 0.3306281 0.75542 0.4959134
0.6556011 0.2287191 0.9187713 0.8978172 0.4484781
0.08915583 0.8526185 0.4869915 0.877025 0.2829353
0.2236976 0.9294594 0.6093306 0.7764253 0.004028268
0.40807 0.8136909 0.2472368 0.1187357 0.09586416
0.8955782 0.6887607 0.2709509 0.8426142 0.006230983
0.7136343 0.3874954 0.3662193 0.6821673 0.1427934
0.5961347 0.5660282 0.1577893 0.3323967 0.0861745
0.9205924 0.5716836 0.281371 0.9886896 0.6823617
0.6668393 0.8536397 0.7752564 0.4680358 0.4868691
0.3911538 0.9902321 0.6254574 0.691721 0.257853
0.9015976 0.1748584 0.2274215 0.937205 0.7597859
0.3259401 0.6352314 0.3466392 0.9598434 0.7286897
0.6904347 0.4154479 0.3480555 0.538432 0.2025774
0.8283006 0.9438367 0.3277126 0.2356181 0.09656172
0.7888016 0.3913925 0.4436319 0.8654651 0.9819524
0.6624997 0.3778868 0.4405528 0 0.3553416
0.02845187 0.4879679 0.1194508 0.4034594 0.9852643
0.4354618 0.8032108 0.4726638 0.4409635 0.08254284
0.02129487 0.02759419 0.9131694 0.8053652 0.6087015
0.1968747 0.02050026 0.4134403 0.2369249 0.5923344
0.9289549 0.5668166 0.05847823 0.4416144 0.7258126
0.653252 0.3986599 0.3280048 0.8637178 0.9918245
0.2327715 0.2959322 0.6872222 0.5436151 0.6704198
0.0069305 0.1991493 0.6502077 0.2869418 0.758152
0.7198167 0.05843394 0.3938902 0.16159 0.9447929
0.1715002 0.4264567 0.7781949 0.2689927 0.4785886
0.5949022 0.5301341 0.8276308 0.9947737 0.0811922
0.00321037 0.3593696 0.6123751 0.04372273 0.4189245
0.5174587 0.6153006 0.9066449 0.2156789 0.5306094
0.919494 0.7900301 0.8980862 0.6463426 0.9469178
0.358867 0.4201133 0.9240143 0.300443 0.8196396
0.7236583 0.7430085 0.2539196 0.3010447 0.03595625
0.0961142 0.2429829 0.6930508 0.5389008 0.1105512
0.4917934 0.1853699 0.7882047 0.8455696 0.2219781
0.8116685 0.153568 0.3340074 0.5771898 0.6133634
0.1086163 0.5942293 0.5845491 0.1572326 0.337957
0.3378609 0.2206464 0.03334274 0.5729261 0.0675446
0.1126027 0.9164237 0.8594123 0.4757045 0.01992253
0.9255107 0.2511004 0.1528268 0.4881945 0.61412
0.04373397 0.2351769 0.2172093 0.9024523 0.7177316
0.5893343 0.2563356 0.4901506 0.3564948 0.7888259
0.2613042 0.1679393 0.948266 0.01572212 0.7266177
0.261828 0.1476119 0.8428888 0.4358109 0.4452425
0.9927537 0.9629917 0.112738 0.4507176 0.2927905
0.3300975 0.09206955 0.612129 0.04462887 0.03954382
0.5992728 0.7785452 0.2608439 0.9768479 0.2211183
0.1917958 0.9271941 0.5962149 0.2013458 0.6698287
0.7812854 0.326502 0.224928 0.2126447 0.04371873
0.9277347 0.1659609 0.1285045 0.8835418 0.0154674
0.4918517 0.4911498 0.2221876 0.7956701 0.3279356
0.3819473 0.8117092 0.2398711 0.5645598 0.7332219
0.4510803 0.5112189 0.04541314 0.2331026 0.9973665
0.9847174 0.1021673 0.6822508 0.3845195 0.7019143
0.008794921 0.06484498 0.2080988 0.1577817 0.9045057
0.3406415 0.852497 0.1056934 0.02196867 0.4132715
0.7246269 0.7607605 0.07897614 0.01375629 0.5591328
0.5559261 0.421995 0.6817872 0.2769994 0.2424903
0.05717915 0.3841046 0.2199916 0.6849434 0.2383476
0.04553551 0.2896963 0.8792761 0.5388859 0.9047122
0.3778827 0.2934109 0.0195871 0.1096197 0.3439173
0.3180245 0.3585936 0.2460219 0.7478774 0.3465664
0.1569559 0.8720246 0.6446184 0.7128487 0.9689891
0.572405 0.523956 0.3201728 0.4793443 0.3371074
0.383883 0.8622922 0.05005046 0.3014403 0.07258829
0.6237557 0.3087125 0.7507666 0.06297871 0.7923442
0.133235 0.4851279 0.5021957 0.9029297 0.1944752
0.2031308 0.1995157 0.01126663 0.7216099 0.9313238
0.8537529 0.7439591 0.2467098 0.6698678 0.7302508
0.4980387 0.2379042 0.1440219 0.5222715 0.4712095
0.6528002 0.5841419 0.50618 0.6035234 0.2635169
0.1055923 0.9339746 0.3770948 0.4939882 0.4950798
0.4718431 0.8119678 0.07672538 0.005026093 0.5811502
0.832748 0.4505907 0.4890659 0.9061605 0.5652979
0.04072019 0.3522021 0.5564801 0.7566116 0.8856048
0.5514697 0.717305 0.6192745 0.619533 0.1430592
0.4569048 0.4857047 0.1776203 0.3042357 0.8261068
0.9923064 0.716587 0.2223066 0.5049688 0.2037982
0.06741597 0.2960094 0.1136787 0.8797795 0.9657105
0.6949489 0.2572001 0.7330365 0.173473 0.05328144
0.4905398 0.4413158 0.233714 0.4015422 0.6999275
0.9139418 0.4826366 0.4116328 0.5131383 0.530867
0.4179246 0.7353877 0.5750131 0.3842822 0.442886
