0.2065869 0.02655588 0.4460406 0.9633269 0.133972
0.1410309 0.9770232 0.9202587 0.1259443 0.9634298
0.6702914 0.3052334 0.5361122 0.3129275 0.8484791
0.1493939 0.02921117 0.2976347 0.9125747 0.2009479
0.7438224 0.8338925 0.7430914 0.3135883 0.8171311
0.3399707 0.4522221 0.2785487 0.9318295 0.862758
0.239029 0.8774783 0.4607337 0.04422145 0.07475245
0.5919778 0.4749112 0.2658755 0.08377574 0.6266423
0.4026467 0.6140474 0.4805488 0.2964001 0.872119
0.3740301 0.5237935 0.5087846 0.5620093 0.4261733
0.6265176 0.786585 0.6457933 0.3731503 0.7665052
0.180953 0.8328218 0.4685982 0.1115732 0.8503853
0.6368194 0.9862625 0.9582999 0.6026627 0.9768886
0.1315121 0.656478 0.1636407 0.9123664 0.2946628
0.771319 0.4750033 0.05297459 0.3535067 0.1573148
0.01977219 0.2195533 0.6068237 0.1119105 0.8940201
0.2563163 0.1178922 0.3598584 0.08237916 0.960418
0.9320114 0.5248181 0.5985046 0.1049417 0.1575249
0.1179017 0.8963902 0.6889454 0.03892732 0.4814822
0.2839811 0.7638615 0.6593383 0.7657002 0.2206091
0.3365116 0.1246108 0.5406285 0.2715646 0.9222594
0.6715775 0.03850866 0.2130068 0.5181282 0.6193536
0.7179432 0.1695005 0.02587313 0.63507 0.9897226
0.9984746 0.2277644 0.05459483 0.801172 0.6631965
0.9615626 0.4768339 0.02844595 0.5547398 0.5607145
0.9562494 0.1298743 0.1956358 0.251707 0.4057096
0.5896071 0.7129291 0.829235 0.9322699 0.4867276
0.6955605 0.2471641 0.04292242 0.09491167 0.8792973
0.06163487 0.6746793 0.5597592 0.8474238 0.06431688
0.7419752 0.1604968 0.3268432 0.9798171 0.5926611
0.9088599 0.2093324 0.6386706 0.7676961 0.5242663
0.3764807 0.7699586 0.2749785 0.5400257 0.7220351
0.3102051 0.2458009 0.6580148 0.6073375 0.7527403
0.5079279 0.3120626 0.6086921 0.9925586 0.1271017
0.4180549 0.5889976 0.5760424 0.5855047 0.6561581
0.5100295 0.008295756 0.3619178 0.4795016 0.6689362
0.3072884 0.6255349 0.6771602 0.3522947 0.101995
0.1107232 0.2441051 0.443743 0.7898635 0.582458
0.4420383 0.5194951 0.6415335 0.9397808 0.4967122
0.6017584 0.6654918 0.1189766 0.6791823 0.02751142
0.8897743 0.5169327 0.8693546 0.3681983 0.351243
0.2261888 0.8966207 0.4096658 0.9756838 0.9351262
0.5239112 0.6520004 0.7169673 0.3628482 0.0528932
0.5285601 0.5414022 0.6229299 0.471603 0.001250027
0.8157427 0.7246025 0.4145855 0.6599814 0.438119
0.7137571 0.7170301 0.286622 0.6855818 0.09337877
0.2002182 0.5754464 0.7779074 0.6738097 0.6560404
0.2457606 0.009443637 0.6311115 0.4418554 0.2230983
0.1760346 0.9380308 0.3138078 0.5325674 0.9462501
0.7865374 0.3037239 0.2931492 0.04615469 0.1453555
0.9120158 0.7485895 0.6400198 0.6376345 0.2418067
0.06384157 0.5713576 0.5447409 0.05937254 0.109708
0.9470744 0.2707039 0.9765145 0.5851481 0.6557401
0.9909872 0.929172 0.9903244 0.9188844 0.3587007
0.9870373 0.2743814 0.8298341 0.1106532 0.375048
0.7012792 0.05486093 0.5580943 0.3282277 0.9613776
0.9736443 0.4894811 0.3485452 0.9706472 0.4758472
0.7156928 0.5578099 0.5408076 0.864049 0.3698708
0.2070121 0.6287726 0.4709208 0.7353371 0.7343873
0.01277948 0.285537 0.4080405 0.6341556 0.2662153
0.386028 0.8128905 0.9009665 0.5369805 0.3685884
0.3511522 0.9218798 0.5370215 0.03679177 0.225427
0.1292587 0.2794518 0.9292758 0.1375432 0.3432889
0.5930471 0.2720046 0.9834293 0.8645354 0.4920189
0.005329029 0.4792225 0.9945046 0.2495711 0.9305803
0.5523315 0.7317561 0.03439203 0.1271875 0.1924807
0.8624562 0.6785269 0.103056 0.8260403 0.5903557
0.9858417 0.3074238 0.2862591 0.1156263 0.3824425
0.1625197 0.7628411 0.4038201 0.04352778 0.5504676
0.4622797 0.3241774 0.955262 0.02645972 0.4252755
0.326988 0.2327013 0.5223839 0.3064186 0.3948346
0.7806997 0.7147115 0.2534993 0.521521 0.2484786
0.8093094 0.8264847 0.7663662 0.5219264 0.8365483
0.1022199 0.493986 0.8084965 0.2273517 0.4000605
0.3629358 0.1360229 0.1123016 0 0.5088061
0.9565465 0.8869481 0.7498765 0.5850602 0.6277629
0.7296836 0.9945855 0.6577418 0.9410865 0.2095473
0.009918817 0.1636484 0.382928 0.5260583 0.5397058
0.3231643 0.06697517 0.2709471 0.7027937 0.08593572
0.7010452 0.04227701 0.7155402 0.7814348 0.9133955
0.4861975 0.1660249 0.08980344 0.8609496 0.6156412
0.376697 0.8143126 0.8282945 0.07512075 0.5335741
0.1707479 0.8072884 0.4788102 0.1795428 0.4127346
0.9132469 0.3858286 0.8587822 0.5925999 0.5235122
0.6476107 0.718798 0.6961072 0.8960057 0.2311622
0.6206317 0.6127496 0.1096086 0.4923393 0.3397894
0.4967756 0.1679613 0.6202749 0.01966418 0.6192261
0.622031 0.1815937 0.446505 0.6357179 0.06727808
0.5182791 0.1516947 0.4120102 0.5526212 0.6829183
0.8585521 0.7314435 0.03647434 0.4464565 0.7690454
0.405085 0.903763 0.007461165 0.5110148 0.2370826
0.9544535 0.05780854 0.7662804 0.5002157 0.2289261
0.05995237 0.08653382 0.4368557 0.5925548 0.7418215
0.5658965 0.9405302 0.1319792 0.0407695 0.5221478
0.014247 0.5955736 0.1999786 0.9425738 0.7205189
0.6516746 0.9014705 0.07239042 0.8481627 0.7774543
0.4161857 0.1507688 0.6802906 0.1657436 0.03409942
0.7086975 0.1797629 0.4329467 0.6861235 0.5217759
0.3086018 0.4216593 0.7379706 0.4998325 0.7627798
0.93455 0.05232688 0.9144077 0.8797373 0.9109454
0.2981647 0.1602171 0.5163277 0.2961781 0.4301679
0.8049927 0.09961466 0.9663425 0.7529459 0.9426568
0.5802145 0.1444798 0.6937514 0.7604044 0.5113847
0.1444387 0.8258074 0.3610469 0.6810368 0.294512
0.8668119 0.1273464 0.593482 0.9655691 0.112868
0.7373136 0.8558258 0.2191139 0.01963827 0.797315
0.9727753 0.7631768 0.2259186 0.3472681 0.4752659
0.5196787 0.3197269 0.2987175 0.123043 0.6733295
0.1145846 0.6806798 0.5650112 0.03297084 0.8653295
0.1060989 0.3374144 0.9630824 0.3668026 0.2731116
0.9860123 0.1905198 0.7758256 0.6586098 0.1978517
0.5834886 0.1463657 0.2849834 0.8716433 0.459445
0.3606085 0.5926359 0.646179 0.1130315 0.1704225
0.2050082 0.9273387 0.8901803 0.9698428 0.599916
0.4641144 0.09706782 0.6110321 0.07469014 0.2953775
0.1272388 0.2344377 0.06586498 0.3058268 0.8385902
0.572915 0.5217527 0.08390759 0.2567726 0.8321303
0.06244604 0.655374 0.9821236 0.8428201 0.9892109
0.7412044 0.9361279 0.6762901 0.5363349 0.9283096
0.5845493 0.8554041 0.791401 0.606242 0.8684085
0.263595 0.00992782 0.4840345 0.06170071 0.457313
0.8531037 0.05328851 0.4010663 0.6019336 0.04314091
0.5763537 0.02596428 0.5016357 0.3562502 0.6182869
0.1747158 0.4822213 0.7178132 0.9289098 0.3714047
0.04881928 0.3044388 0.09682554 0.7618925 0.07823173
0.3677296 0.3844393 0.1688517 0.3907879 0.1757094
0.1062483 0.8339401 0.301397 0.1164512 0.3870973
0.5425709 0.2951634 0.918533 0.8034304 0.1413638
0.5504261 0.4376918 0.9135083 0.3559227 0.189275
0.596156 0.746692 0.8181137 0.7588406 0.2355342
0.1374676 0.707626 0.7924249 0.0616476 0.2506577
0.2347028 0.8584588 0.870147 0.4828571 0.3587182
0.08996969 0.6225177 0.6165058 0.7930847 0.2331742
0.3234206 0.02676576 0.2888843 0.7343496 0.7706991
0.2299878 0.1371053 0.202945 0.1198406 0.5333117
0.3298277 0.451012 0.528115 0.9323279 0.7815062
0.04878477 0.7185916 0.9028976 0.7937484 0.8037459
0.9067652 0.8297977 0.2346392 0.8151817 0.7329819
0.2928795 0.03383608 0.2895633 0.589686 0.4649365
0.4930666 0.9039908 0.5847764 0.4730738 0.8403141
0.5915945 0.4468371 0.7867575 0.9457073 0.4632712
0.7301325 0.04115857 0.04522979 0.3785998 0.1911649
0.686486 0.2170968 0.5324065 0.3452391 0.6104538
0.04592359 0.07874748 0.86336 0.1319429 0.3154491
0.7981013 0.8718706 0.2074141 0.4580386 0.8364434
0.02992287 0.3253856 0.5915807 0.7024018 0.000338358
0.6920847 0.6188492 0.341797 0.3975412 0.1059129
0.6144129 0.493691 0.04317239 0.4608934 0.2813076
0.3617239 0.1943055 0.3999671 0.2173583 0.8356785
0.7665501 0.5087645 0.4008301 0.9872797 0.1818698
0.197373 0.7311134 0.7028228 0.6008937 0.1397279
0.9047773 0.5689044 0.8276997 0.9476023 0.528347
0.009490316 0.59218 0.1279946 0.7011527 0.03276361
0.5116256 0.8179887 0.991224 0.5950184 0.5007198
0.9269108 0.4314893 0.01696665 0.007611077 0.8079356
0.2993403 0.3715649 0.9743215 0.4811538 0.4026091
0.5183843 0.4755557 0.3068102 0.3536663 0.9002579
0.3462759 0.1497096 0.3371245 0.07646103 0.6964994
0.5925886 0.008325515 0.6169834 0.5572243 0.1343915
0.8351547 0.07085505 0.5825844 0.0003345452 0.6620502
0.06673945 0.8067206 0.7817845 0.4737883 0.1355832
0.5348631 0.1031887 0.7437445 0.8958356 0.8194191
0.7973689 0.1189056 0.874363 0.1465979 0.06741038
0.1285375 0.1223565 0.3998191 0.9068887 0.2387331
0.2416302 0.005983391 0.8166763 0.4410112 0.7349098
0.1794971 0.4244121 0.4043409 0.1660128 0.6426292
0.8959408 0.008797189 0.1371591 0.6818208 0.6941261
0.4002813 0.9740309 0.1250451 0.7673779 0.3018336
0.918099 0.3393352 0.621321 0.07452085 0.5162098
0.6983475 0.4987547 0.6529453 0.06898583 0.3426086
0.5077347 0.01232853 0.5199447 0.719458 0.6118519
0.2413163 0.7570167 0.9880568 0.9233976 0.2109583
0.4103745 0.2984748 0.7321615 0.6019725 0.9135568
0.7390777 0.1412476 0.9807 0.3615528 0.0680384
0.3709475 0.7608027 0.7596911 0.7461332 0.2022674
0.6903636 0.3963564 0.8589231 0.8529297 0.9577882
0.8153827 0.5742129 0.6681432 0.8547514 0.1675809
0.5559848 0.6161867 0.9529196 0.04223064 0.7422589
0.8331093 0.7497934 0.8725417 0.8662393 0.2876888
0.143515 0.6480177 0.9878767 0.9022722 0.4006474
0.6722497 0.411835 0.7598577 0.273963 0.02851805
0.4660103 0.8681471 0.1882871 0.0977812 0.7609306
0.614117 0.1837312 0.2073752 0.1302663 0.1292066
0.7923161 0.3669049 0.5820436 0.915206 0.1315975
0.7579523 0.9045797 0.6054565 0.6752709 0.8343205
0.6645622 0.6402396 0.7237128 0.8034809 0.550627
0.005092714 0.4018163 0.5618829 0.5302863 0.8427755
0.5743407 0.09325356 0.2332743 0.4287242 0.6677066
0.4472038 1 0.8803847 0.08270389 0.3310039
0.2253507 0.2048322 0.7248213 0.6520301 0.6533203
0.4207153 0.4277733 0.3498129 0.2104228 0.4998895
0.368779 0.0449799 0.9190565 0.5527566 0.05976837
0.7235648 0.5667688 0.6090641 0.07712884 0.09911102
0.1028356 0.08174261 0.2650187 0.6210775 0.4364324
0.9499583 0.7852325 0.2921551 0.8706464 0.1595591
0.1407817 0.7406007 0.3806451 0.41465 0.5423428
0.3135711 0.01478279 0.4825046 0.5342737 0.2962254
0.7889417 0.3144999 0.1540409 0.6532445 0.1990113
0.8947989 0.01411874 0.9056863 0.1871319 0.08917387
0.5341832 0.4233605 0.04083792 0.7498281 0.964719
0.9395822 0.2330931 0.4979137 0.5224373 0.5588824
0.3551077 0.8315499 0.9336723 0.6564941 0.526744
0.04096079 0.5818855 0.6657215 0.3508318 0.2887196
0.02244741 0.02982231 0.05191582 0.7801385 0.3745926
0.4090246 0.05626307 0.7818505 0.9569655 0.8993749
0.5412749 0.6590076 0.4787475 0.145419 0.754992
0.3410265 0.6616043 0.5559357 0.09909621 0.5639286
0.4942586 0.6761902 0.2457911 0.5781897 0.4119597
0.3058258 0.7308505 0.6784217 0.6311389 0.2290932
0.4064918 0.1268812 0.2255805 0.5137479 0.5237947
0.6900531 0.3279104 0.6692686 0.989702 0.00799652
0.3786757 0.1800899 0.049184 0.6415776 0.441391
0.1001577 0.6112875 0.2235109 0.7832973 0.379224
0.04340309 0.8591483 0.9941636 0.274736 0.621262
0.7916632 0.3221264 0.0135326 0.136652 0.3380029
0.3939232 0.4952287 0.404078 0.1648678 0.3675047
0.09895531 0.8009071 0.6968985 0.5187661 0.8675261
0.02405724 0.3258146 0.1856381 0.3998745 0.1203829
0.1068743 0.3284103 0.8857339 0.4298337 0.7169839
0.3969605 0.4069828 0.700165 0.9254076 0.05972438
0.7696078 0.3226102 0.1406272 0.9908894 0.923507
0.6380125 0.9348382 0.01255087 0.6079969 0.4993939
0.8170967 0.6661176 0.5030588 0.7833118 0.5943236
0.6980172 0.7660697 0.6381435 0.2633384 0.8642759
0.6096923 0.33867 0.2700672 0.7843088 0.6948079
0.1288196 0.3150292 0.9352619 0.9898103 0.5354191
0.8719669 0.931748 0.1179968 0.5750498 0.7250219
0.872891 0.7497097 0.3417304 0.1876254 0.6761259
0.5902431 0.8326453 0.3164923 0.3538858 0.02329567
0.8199451 0.459894 0.9463236 0.7693552 0.7667435
0.5124502 0.7167174 0.7923416 0.01119848 0.1780276
0.9309157 0.8253196 0.08601511 0.1588917 0.2081371
0.156189 0.8414532 0.01371761 0.5285936 0.974334
0.5752925 0.6681226 0.6298531 0.5631438 0.3845281
0.8842336 0.3193625 0.396378 0.421628 0.1027619
0.7257805 0.7122535 0.3173597 0.7656377 0.7252401
0.6471749 0.7652119 0.1898306 0.7634533 0.6191529
0.5027868 0.7717485 0.5384364 0.8176789 0.1305574
0.08503083 0.2503827 0.6368242 0.9724834 0.8017248
0.881709 0.7452141 0.01632123 0.6366633 0.2266452
0.532214 0.3994107 0.5047111 0.1611736 0.2459273
0.9360926 0.8482278 0.7251517 0.02525122 0.3659107
0.158835 0.8399035 0.5738493 0.06751565 0.07774954
0.2496337 0.8330861 0.4951671 0.3835301 0.01149944
0.4303109 0.2333646 0.4159212 0.4938404 0.08820566
0.297231 0.5984004 0.8689966 0.472313 0.9960613
0.4496047 0.7292957 0.7263029 0.3849166 0.6145896
0.500261 0.5397318 0.477374 0.3662713 0.1185046
0.9826919 0.1371334 0.6731822 0.8596353 0.1708224
0.9122336 0.428351 0.488819 0.6043064 0.3322585
