0.5541766 0.8201169 0.8566827 0.4623277 0.8210285
0.2558082 0.3587501 0.02027249 0.7485254 0.05695117
0.4613243 0.7741718 0.3338866 0.2575674 0.8342331
0.912919 0.8567698 0.7729909 0.4195351 0.8167066
0.1616943 0.2822908 0.5926887 0.4081457 0.235455
0.8150124 0.1534168 0.6748635 0.1523652 0.9916484
0.156373 0.09662639 0.2855511 0.7324644 0.943322
0.04888122 0.4038077 0.332177 0.4449966 0.5295046
0.650998 0.7119176 0.604061 0.6395362 0.8455593
0.3225867 0.5393835 0.4684985 0.01210832 0.07298858
0.9270567 0.282672 0.8734156 0.4078646 0.6662855
0.7757596 0.09655476 0.3735277 0.6937163 0.8349701
0.5904911 0.2489541 0.1186789 0.6998736 0.4176783
0.2918272 0.9204173 0.7821374 0.9281207 0.7978343
0.2898931 0.2454404 0 0.2340249 0.7346122
0.8424115 0.03471768 0.7751498 0.5341664 0.5710803
0.8773227 0.290524 0.6206427 0.06330783 0.2763522
0.4200943 0.5818799 0.2921307 0.1379465 0.6192886
0.3345341 0.007553574 0.2593093 0.2038046 0.3733027
0.474071 0.1809604 0.6191928 0.2509864 0.8050754
0.1309156 0.434867 0.1234149 0.3580195 0.7261481
0.3263082 0.5061049 0.911239 0.7499503 0.6234509
0.577889 0.5603571 0.5733805 0.1405915 0.9236511
0.266222 0.489867 0.5098265 0.4758926 0.06504757
0.3265899 0.9730784 0.5859427 0.3639047 0.7178927
0.3258957 0.3079564 0.4043716 0.1942575 0.6624977
0.9181735 0.9877996 0.609968 0.6155146 0.3675413
0.3027353 0.6883629 0.1746489 0.2888881 0.4611219
0.8001353 0.5449506 0.6556586 0.6642255 0.1786224
0.09691476 0.1092114 0.09867112 0.1827096 0.8049101
0.6747822 0.9946184 0.6823703 0.4157286 0.8239121
0.3893744 0.8411691 0.5821416 0.5121333 0.9363439
0.0218183 0.4527701 0.4738393 0.2889072 0.9756777
0.3947233 0.5888544 0.4389337 0.4676136 0.3292115
0.09562175 0.4267686 0.6239664 0.06182277 0.3360083
0.1164117 0.1203748 0.03385331 0.9667422 0.05356744
0.4937146 0.8577923 0.351494 0.7546572 0.1555911
0.6088001 0.5824829 0.5428388 0.2372351 0.4807955
0.6861024 0.527102 0.514092 0.6159513 0.2214035
0.952037 0.08021388 0.4459097 0.6742473 0.4939633
0.2964686 0.5707455 0.4644413 0.9155908 0.2069896
0.4702704 0.4948892 0.8044878 0.2731887 0.4323959
0.9202471 0.5079856 0.9255166 0.4409948 0.4087085
0.4445308 0.9232531 0.230332 0.03889796 0.5080419
0.07877352 0.01760696 0.4253826 0.9044319 0.3997827
0.642419 0.1943941 0.1671329 0.3574861 0.8908063
0.006740104 0.5832865 0.7988925 0.2473155 0.2883061
0.03795336 0.04426399 0.5744333 0.2782745 0.9927664
0.2861781 0.002137209 0.9861637 0.5952908 0.2514524
0.1637233 0.7318141 0.003406457 0.8674105 0.7739399
0.4334112 0.002075794 0.4104772 0.3910876 0.864481
0.7077839 0.4096305 0.7385322 0.5927189 0.2804928
0.564406 0.1819339 0.9321741 0.1443915 0.2528834
0.3070613 0.656965 0.8142183 0.4005305 0.4100511
0.5423139 0.6948999 0.1079493 0.3062883 0.9522197
0.8613586 0.7753059 0.7408714 0.9844085 0.943124
0.2742427 0.7367409 0.5603604 0.8087859 0.135845
0.6040925 0.8774967 0.4833475 0.3662226 0.2267406
0.6802593 0.6261623 0.3143865 0.4695646 0.7201604
0.4687337 0.2494073 0.9485393 0.310516 0.1619872
0.5290842 0.8034226 0.2518295 0.7852094 0.4843436
0.05730116 0.2318735 0.3613353 0.7303101 0.3608026
0.6816379 0.6154185 0.2093179 0.4972428 0.03548468
0.08942165 0.14081 0.7677695 0.2366638 0.1100943
0.3857592 0.6898921 0.1737289 0.4300125 0.04451495
0.3374719 0.2285117 0.1743556 0.1961095 0.8129731
0.6807691 0.408477 0.5925945 0.6853182 0.3650212
0.2697986 0.136393 0.5106754 0.3557474 0.186826
0.09131048 0.4481036 0.6130332 0.7630988 0.5295145
0.8824345 0.285926 0.4532471 0.9934668 0.3987697
0.1919902 0.6758915 0.2486218 0.9055056 0.07243531
0.005240146 0.09667701 0.0377748 0.4921556 0.8139776
0.7943568 0.03859987 0.3602843 0.07065091 0.5820657
0.5362488 0.85925 0.3699294 0.1399918 0.9479551
0.8346672 0.3149035 0.7671908 0.340428 0.2789272
0.6881631 0.466954 0.9913342 0.04459226 0.8306671
0.6404709 0.7618777 0.01323018 0.3010744 0.1551546
0.4759434 0.8496798 0.9795423 0.6270452 0.621639
0.1217982 0.4587715 0.8950768 0.9837761 0.3089312
0.9419499 0.05967619 0.634049 0.8759502 0.943023
0.05573303 0.9619469 0.6395508 0.6157261 0.04028989
0.6002093 0.6844443 0.8335549 0.9806146 0.9878759
0.5482904 0.7454469 0.7348681 0.9699388 0.7024885
0.8526212 0.9012911 0.1270826 0.2848415 0.8846641
0.7170923 0.03916045 0.8983837 0.9665504 0.3986114
0.9336858 0.9315085 0.1231039 0.1037125 0.7312194
0.1573561 0.5232747 0.3625805 0.6063322 0.7654157
0.3074344 0.3942482 0.9663522 0.7501918 0.001460251
0.4691372 0.1957614 0.1374348 0.2606359 0.5927322
0.3717892 0.5296895 0.8474335 0.7189823 0.3804745
0.527319 0.9972876 0.007221781 0.7943191 0.887523
0.3112967 0.6923123 0.903711 0.05815806 0.04418753
0.1933292 0.4331435 0.3405595 0.3174552 0.5343254
0.1651888 0.5327612 0.8260821 0.5850166 0.6858393
0.08839981 0.968207 0.3823323 0.4501507 0.6719065
0.9196406 0.958192 0.8354 0.7596257 0.174658
0.5969684 0.5046867 0.400499 0.14941 0.8425925
0.9292437 0.6874129 0.2586584 0.00374988 0.9452728
0.5629826 0.7713493 0.9332784 0.8418233 0.04218557
0.3501744 0.7377955 0.730935 0.415745 0.5546677
0.7418552 0.5524407 0.33226 0.5247117 0.5114497
0.947731 0.5011599 0.834328 0.2578208 0.8619965
0.6386612 0.1339689 0.2820582 0.9267163 0.107724
0.3984145 0.3853082 0.8696577 0.2807448 0.9225524
0.3692874 0.1884332 0.377957 0.3068928 0.9968114
0.7782034 0.1830654 0.1244267 0.5052408 0.7734026
0.4150064 0.3795457 0.007411258 0.7541313 0.7127938
0.8282227 0.8055151 0.07332094 0.9092783 0.01156334
0.8423992 0.8715356 0.2711799 0.9461025 0.5861175
0.446916 0.2252952 0.2902289 0.5554757 0.006427892
0.01605276 0.6947824 0.02956445 0.4393286 0.5722557
0.1798072 0.5297037 0.6267582 0.459819 0.9565014
0.03459092 0.08654959 0.8414186 0.7207989 0.7481245
0.1531425 0.735918 0.1601184 0.7600252 0.2946043
0.195788 0.2033787 0.8480744 0.4283358 0.128059
0.1793262 0.7246541 0.00989891 0.470929 0.6790601
0.5005085 0.2947585 0.6496706 0.1598965 0.4418844
0.9064667 0.9284631 0.7384883 0.7909436 0.85522
0.1846834 0.9806689 0.404216 0.07020869 0.7378238
0.4324441 0.1415404 0.5638489 0.3726815 0.5704124
0.5457891 0.3822584 0.3046563 0.8515387 0.05371016
0.2530218 0.910897 0.8358018 0.08981055 0.6918949
0.3058974 0.8074368 0.9392916 0.9408144 0.9706697
0.7559058 0.9065479 0.3001058 0.5169759 0.80866
0.8324944 0.3363827 0.2101139 0.2259271 0.6285008
0.7479424 0.7899794 0.4988256 0.842586 0.123146
0.9073663 0.6416615 0.5494612 0.2815319 0.9886168
0.07941467 0.9753287 0.5429961 0.8750347 0.01052913
0.9404044 0.9850879 0.9680559 0.8745068 0.6444729
0.448749 0.02460344 0.7245723 0.2193203 0.7723759
0.2806754 0.8450629 0.2399181 0.14764 0.8626434
0.001083063 0.02271875 0.7729319 0.3459072 0.5659837
0.6859607 0.85875 0.8868905 0.9000254 0.1866237
0.2799944 0.1258129 0.1417955 0.03225085 0.1230573
0.695548 0.7097764 0.9749518 0.1761483 0.2273498
0.7859598 0.1743426 0.4062159 0.9842465 0.5125115
0.07945347 0.7494845 0.09073376 0.07273233 0.7553614
0.61351 0.9723713 0.6176625 0.1541273 0.490133
0.3861661 0.6022876 0.6924906 0.01912194 0.2985681
0.2477779 0.8147668 0.5100623 0.4042992 0.1192935
0.1365115 0.4152252 0.7459526 0.4160682 0.846733
0.5637941 0.1828869 0.310019 0.6047494 0.5678727
0.3890005 0.7509578 0.9689073 0.1291303 0.7550665
0.1242082 0.9283622 1 0.1957089 0.2382067
0.8540136 0.1223456 0.6200353 0.9090438 0.1073337
0.4632884 0.4881747 0.6613188 0.124693 0.2561967
0.8242636 0.8567166 0.09420824 0.003030992 0.3513225
0.7008705 0.0452083 0.09278086 0.4305363 0.04856239
0.1678511 0.4052842 0.4800602 0.1482247 0.2299987
0.1640943 0.6902551 0.02401146 0.8153906 0.109267
0.8304982 0.2572164 0.8579482 0.4633469 0.1606605
0.5040137 0.9706267 0.3172426 0.03014589 0.5507867
0.9739801 0.3059341 0.3244755 0.7782348 0.3083152
0.203815 0.1638915 0.9581265 0.03526982 0.2615673
0.1069191 0.4817313 0.8113925 0.9313455 0.6738594
0.0410501 0.1894472 0.2959182 0.8358294 0.7265023
0.2557197 0.468343 0.1148345 0.9069668 0.3942444
0.7964483 0.5598869 0.9536017 0.02346986 0.1913719
0.7405952 0.8918456 0.01419838 0.1465971 0.6981622
0.3698128 0.7283417 0.9685191 0.1656873 0.5802071
0.4162185 0.4623626 0.5707016 0.7135444 0.9457602
0.7541627 0.6159172 0.7061651 0.02244795 0.915217
0.3974204 0.4608988 0.3056325 0.2592656 0.1714015
0.7012193 0.1165762 0.2028564 0.2646595 0.4339481
0.7010557 0.2130403 0.1939873 0.4172329 0.7480222
0.3120421 0.6742286 0.8742743 0.7983059 0.3855632
0.1737303 0.7418659 0.228819 0.4875286 0.667804
0.2988988 0.6529423 0.5848595 0.8613118 0.02622583
0.6994982 0.1023808 0.3198043 0.7280857 0.406956
0.365032 0.4046625 0.19403 0.1844848 0.2959371
0.2158171 0.1501889 0.9612907 0.1031324 0.1424465
0.3938327 0.09799333 0.305502 0.7378769 0.6663308
0.6025322 0.5235904 0.8718784 0.7051998 0.4591147
0.2548942 0.1513982 0.13928 0.8373451 0.6350018
0.2363438 0.5006799 0.01987797 0.6119322 0.1776392
0.5584356 0.5213043 0.9191875 0.9846595 0.009934942
0.5695199 0.005023378 0.5503571 0.06274164 0.539388
0.514368 0.5382385 0.7481418 0.6787664 0.7420795
0.70626 0.1125813 0.9630302 0.1241413 0.1626646
0.660246 0.3648099 0.1481906 0.368334 0.8144142
0.9119492 0.4743568 0.1794791 0.811854 0.7271355
0.1939837 0.9421024 0.1914431 0.9644841 0.7970762
0.565164 0.2431449 0.3589788 0.6221117 0.923599
0.899369 0.706919 0.5371604 0.7193867 0.08666181
0.9132078 0.5912013 0.4232561 0.895025 0.01696316
0.1052634 0.5430973 0.391521 0.9572798 0.009348885
0.382605 0.8889888 0.6335166 0.7419398 0.9944865
0.9392228 0.6481195 0.6604753 0.8759263 0.6661284
0.4825469 0.4835306 0.1555709 0.984257 0.6846649
0.420932 0.02159813 0.5278942 0.4170475 0.00151761
0.7161412 0.5297737 0.07078738 0.1359415 0.8284786
0.3832617 0.4415553 0.1322952 0.4425416 0.9363679
0.06573949 0.03852069 0.7020519 0.1625438 0.7990476
0.9604747 0.5496798 0.1424208 0.7798351 0.2779992
0.3074577 0.7634365 0.366126 0.4705036 0.1930835
0.368327 0.7944305 0.49142 0.5546296 0.8364903
0.6722798 0.9875406 0.9264823 0.2455355 0.1605611
0.4569863 0.4647506 0.6760783 0.2994363 0.5803953
0.8370293 0.5493562 0.5592549 0.4821036 0.6063878
0.3118946 0.90257 0.1429341 0.5466098 0.5818081
0.1133951 0.6067812 0.5655023 0.1135687 0.9662859
0.5028842 0.1487521 0.6989858 0.01096521 0.9743557
0.2054523 0.5794569 0.5132093 0.5008658 0.1923475
0.8907072 0.5195438 0.9857978 0.7777329 0.3109521
0.92111 0.2364796 0.7277255 0.7678387 0.4174105
0.2834105 0.6466665 0.4260602 0.1477298 0.977986
0.6855887 0.3329961 0.5128431 0.5712334 0.8859163
0.9177537 0.1466649 0.7372519 0.3223474 0.4710699
0.6180472 0.1876732 0.1177049 0.7330096 0.3869923
0.05539159 0.4147109 0.7382881 0.2150082 0.9158408
0.3279346 0.4201736 0.8964906 0.7276634 0.7244118
0.8936915 0.3425302 0.7476794 0.473387 0.8150427
0.9452086 0.6056766 0.4609727 0.5905012 0.9229722
0.7133205 0.3389234 0.2754077 0.9133791 0.04849131
0.817777 0.6489738 0.2165222 0.4587348 0.4529559
0.1338018 0.1801517 0.5216355 0.8696518 0.7881355
0.02055149 0.3709873 0.8570331 0.4659296 0.7220068
0.1815821 0.7741836 0.03657426 0.09601592 0.3905954
0.506477 0.4517029 0.193127 0.8220097 0.510971
0.3998454 0.2375316 0.664609 0.6591895 0.9866027
0.0266174 0.3417226 0.6934183 0.6435469 0.5484824
0.3550526 0.5443542 0.00135128 0.8918559 0.9902974
0.1975871 0.7881132 0.6094756 0.8101025 0.04084527
0.2377966 0.4366923 0.151644 0.1655107 0.1858663
0.3069883 0.05384536 0.8736295 0.5983443 0.9306209
0.6549613 0.9984738 0.7455412 0.3549362 0.3449587
0.7012423 0.05266077 0.1577921 0.6517544 0.3173325
0.5423157 0.1070424 0.2872794 0.5082056 0.1889472
0.9744112 0.2319978 0.08100031 0.01214456 0.6770731
0.4693561 0.02582703 0.3617454 0.8377054 0.3799933
0.5246313 0.6511438 0.8335926 0.4226795 0.9363597
0.1498958 0.7041123 0.8482022 0.3312175 0.01960919
0.2064749 0.9972693 0.3936983 0.3922273 0.2341312
0.8989643 0.08500416 0.8719727 0.5292168 0.9668431
0.3949761 0.3419153 0.4023331 0.6387492 0.170119
0.06523607 0.8737925 0.3997715 0.06989278 0.4968843
0.8521619 0.7813685 0.3005884 0.9119877 0.04227086
0.02241234 0.5278496 0.5910451 0.3665316 0.6053435
0.6300505 0.6809906 0.5461507 0.7865271 0.4854285
0.7865953 0.1995168 0.6814895 0.2104329 0.6794707
0.05104453 0.2027025 0.4387464 0.8523624 0.8387449
0.9458213 0.8208922 0.2376903 0.8381672 0.5943601
0.700124 0.2845448 0.08414655 0.3967802 0.3814808
0.4643258 0.3880436 0.09863247 0.3198153 0.5273953
0.5685984 0.7754007 0.01651741 0.1708608 0.310954
0.8742849 0.2466833 0.0273212 0.3604915 0.9644746
0.297491 0.3014233 0.4068363 0.5679578 0.6581052
0.5136414 0.4832497 0.8793965 0.9529206 0.448484
0.5134479 0.3288657 0.3196592 0.3020715 0.4627265
0.09380902 0.3635172 0.6688915 0.7523909 0.8431752
