0.8715961 0.7470189 0.7951579 0.6101831 0.6594376
0.9506438 0.04386382 0.7023778 0.3722087 0.436451
0.03873494 0.3599817 0.7615063 0.253749 0.2601334
0.573074 0.4006701 0.7661044 0.9607604 0.4888713
0.2206487 0.153813 0.988445 0.4303318 0.0396123
0.6580495 0.2187359 0.3434851 0.3022664 0.9002603
0.4365159 0.5939722 0.5972612 0.3909542 0.9675564
0.1640032 0.2330909 0.6205065 0.4370116 0.3675934
0.1628588 0.5762917 0.252868 0.8589006 0.2479283
0.5454279 0.4712198 0.455468 0.8674958 0.9995271
0.4183368 0.2953757 0.8633424 0.9330479 0.6095943
0.06148312 0.7975158 0.3620823 0.956024 0.9641651
0.6712726 0.5025967 0.9914529 0.07114325 0.8143932
0.3474148 0.9774149 0.7196567 0.4838369 0.6842107
0.01433073 0.7886546 0.5342572 0.463102 0.1644534
0.6173094 0.9910281 0.7445373 0.4536451 0.8708069
0.002989864 0.9998219 0.8992449 0.06599993 0.5510038
0.8811137 0.3545701 0.2062808 0.6772276 0.5387761
0.5171387 0.8595111 0.3262967 0.1918048 0.0501784
0.7408215 0.9891574 0.07536693 0.1862411 0.9355379
0.3155013 0.8952069 0.1499969 0.2938085 0.6945296
0.27617 0.8348957 0.4412041 0.5982622 0.5444537
0.8575126 0.1884783 0.0287972 0.05360092 0.3084034
0.05238085 0.4993129 0.8044903 0.3179571 0.9146515
0.4550527 0.1210948 0.6184458 0.09752272 0.1887794
0.5311243 0.7947375 0.6475464 0.9979623 0.4203662
0.4445443 0.6426936 0.8902738 0.4312568 0.5318729
0.1641796 0.4460925 0.1528725 0.542835 0.3028864
0.8384396 0.2162554 0.09000672 0.9994525 0.8717336
0.7998596 0.808565 0.1444368 0.1241001 0.6279586
0.616951 0.8555244 0.4334316 0.525301 0.9075813
0.3753243 0.5337902 0.7191292 0.02062391 0.5382653
0.7565572 0.5355426 0.292391 0.8183899 0.1992725
0.177974 0.5920597 0.8330753 0.6080065 0.2811103
0.2160067 0.7437888 0.07050771 0.4979262 0.6938158
0.5948409 0.07259908 0.9809563 0.5124585 0.6167556
0.4325938 0.9026971 0.3675494 0.4778364 0.983538
0.2881419 0.4500441 0.09142238 0.1724378 0.9785736
0.2040617 0.554802 0.4865849 0.9960585 0.09071267
0.4297004 0.2724091 0.7419524 0.6366762 0.8894102
0.2286396 0.4391739 0.9852312 0.7486235 0.39403
0.5078083 0.274135 0.4075347 0.4425342 0.1042208
0.4970175 0.2207668 0.1559247 0.1615757 0.5465414
0.8938086 0.5804471 0.09663026 0.9456129 0.8495367
0.753976 0.7141246 0.8775147 0.5439658 0.1977998
0.4804926 0.1560523 0.9681761 0.9521808 0.1552645
0.414564 0.3542475 0.4285932 0.6145169 0.3437076
0.3570226 0.9707932 0.880641 0.4715591 0.8082981
0.7465358 0.9100582 0.1880392 0.1411135 0.7153419
0.8763798 0.3151246 0.1262441 0.1302851 0.1699646
0.6015259 0.9870193 0.03100876 0.7481758 0.0002905144
0.8744684 0.6091535 0.5677437 0.8001332 0.2055509
0.7654851 0.6838845 0.3013133 0.1888879 0.03054555
0.1696553 0.2065211 0.5812162 0.08609391 0.225735
0.7871163 0.5985903 0.176582 0.9496883 0.2895907
0.4797072 0.04720703 0.3670746 0.4814695 0.5297959
0.4838497 0.6948797 0.2324669 0.9435083 0.9593599
0.4742874 0.1191305 0.08716931 0.7402249 0.8276681
0.4939214 0.4514489 0.5644687 0.2859281 0.6033035
0.1472701 0.7401462 0.7187833 0.8196794 0.839852
0.4980039 0.8324952 0.6805654 0.6266021 0.1581984
0.3640089 0.9183547 0.3398088 0.7876093 0.7456241
0.4533435 0.3255355 0.9490406 0.4424194 0.1093584
0.9229812 0.8769452 0.836858 0.7827487 0.1737822
0.09733973 0.9185126 0.855465 0.4362425 0.5737949
0.1588453 0.3668853 0.936578 0.5265305 0.9269577
0.6652957 0.6309948 0.05771072 0.2094092 0.3908498
0.2135797 0.2821081 0.9427619 0.2642479 0.008542062
0.3732499 0.4664858 0.7115058 0.3333149 0.4081213
0.726815 0.9724702 0.1183385 0.1457067 0.09972467
0.8906168 0.7072257 0.2302333 0.7410472 0.06116881
0.6493004 0.8441575 0.191437 0.01789312 0.4708071
0.1798308 0.9524477 0.5220988 0.1533789 0.06496279
0.7750691 0.4368112 0.8517892 0.2834447 0.7480461
0.286589 0.2710329 0.7359352 0.01503724 0.8314425
0.5842215 0.9583473 0.8057246 0.5113868 0.2025329
0.3856878 0.8157951 0.5758082 0.6957727 0.3713471
0.6212293 0.2968908 0.01140218 0.1791619 0.2943849
0.3598731 0.1031987 0.08091169 0.5417226 0.943164
0.6080521 0.6835175 0.6188495 0.3911381 0.611158
0.7066798 0.8123354 0.1357504 0.3737289 0.2012258
0.1988181 0.2606794 0.5510206 0.5447986 0.964677
0.4187459 0.2071263 0.7023534 0.7199849 0.7580201
0.3959053 0.390691 0.2015619 0.7785366 0.6832855
0.8209689 0.7835082 0.6720674 0.04986154 0.2207037
0.565409 0.1299522 0.8874057 0.4040571 0.9624894
0.3766311 0.1600531 0.4695282 0.8408115 0.8215321
0.0003218456 0.7226403 0.9336765 0.05917487 0.6233418
0.1274737 0.8705458 0.7018356 0.4210293 0.9910936
0.5215083 0.2571748 0.2470913 0.9682078 0.9490077
0.3022874 0.7102269 0.7029678 0.5587824 0.6691977
0.09693003 0.8172449 0.5845006 0.3490256 0.2128697
0.7932213 0.5210044 0.2402751 0.932563 0.09304925
0.850594 0.4573519 0.1154213 0.03056557 0.3291109
0.9253197 0.1308037 0.1657626 0.5265276 0.1325362
0.1335522 0.03417447 0.1529897 0.3885906 0.5803604
0.9848793 0.1930942 0.9767099 0.8594646 0.8244961
0.2530511 0.8254507 0.4371461 0.6304141 0.2097281
0.6618532 0.3321107 0.09957562 0.9023294 0.7469948
0.959636 0.6554102 0.2269336 0.8392645 0.3194296
0.3864111 0.4370556 0.7668355 0.8967634 0.8806016
0.5584042 0.9370616 0.2851143 0.5678166 0.07304947
0.2383748 0.8683827 0.03308765 0.319165 0.7629995
0.2821773 0.2017757 0.8259004 0.4248297 0.8888512
0.1952919 0.4446343 0.7975398 0.174024 0.3117623
0.3828581 0.4612694 0.4269825 0.5804941 0.9550008
0 0.429855 0.9524694 0.8897207 0.4641564
0.2756086 0.3511836 0.3109467 0.4444571 0.9528335
0.2657798 0.9028486 0.08184493 0.6621097 0.5948662
0.5285054 0.7586693 0.5485925 0.7260158 0.1270004
0.5696223 0.4178286 0.3862841 0.7405466 0.9253847
0.9130476 0.1942418 0.09320174 0.6676691 0.7075154
0.2464744 0.5371166 0.1313063 0.1649989 0.5516861
0.4445691 0.1414915 0.07487565 0.5392084 0.1687185
0.9337865 0.6035004 0.6885717 0.8753491 0.5778809
0.5853717 0.2507422 0.4270508 0.2288226 0.6520856
0.8194357 0.4564942 0.1883632 0.9005834 0.1373303
0.7888848 0.3044633 0.1676527 0.4650718 0.7939374
0.8639589 0.4612833 0.5857672 0.2545111 0.792942
0.5381908 0.1877919 0.6114389 0.01821392 0.8288652
0.3103187 0.4511795 0.7287931 0.3488642 0.3455475
0.9597796 0.6892589 0.8536187 0.382161 0.8608503
0.6898004 0.632213 0.896669 0.2356986 0.7417899
0.7454753 0.6146983 0.7643915 0.3120188 0.02398423
0.2442648 0.5753625 0.3051637 0.6893443 0.524706
0.0578855 0.03324547 0.721406 0.997434 0.6772455
0.9537679 0.3926309 0.4880684 0.8130575 0.5840841
0.4345598 0.2290711 0.4809041 0.1452653 0.1846178
0.6739838 0.4982294 0.1354448 0.7564671 0.006817926
0.1771424 0.6433999 0.538493 0.1409522 0.8645827
0.2176479 0.3703346 0.7953547 0.1773825 0.06954619
0.2482935 0.9926181 0.2770592 0.2726323 0.03696969
0.5021403 0.2146526 0.2160624 0.5528246 0.7827204
0.4036116 0.5089088 0.4838331 0.2485162 0.3548986
0.6784874 0.4163011 0.41785 0.8738545 0.9047459
0.438737 0.7746083 0.6148734 0.6269124 0.2162129
0.3694893 0.06242983 0.3061636 0.3327009 0.2409902
0.4158428 0.9650635 0.1968287 0.312525 0.05162646
0.2805018 0.1874495 0.9043983 0.9889766 0.9229736
0.6326425 0.166869 0.3713017 0.1574494 0.5219972
0.2069523 0.5600918 0.3930259 0.935236 0.5679811
0.2915937 0.5748215 0.004123227 0.9153329 0.1089442
0.3699397 0.7512722 0.03012358 0.4202079 0.2789428
0.3151469 0.2810926 0.9084918 0.7816981 0.3380072
0.08296527 0.2794555 0.7870479 0.7922049 0.7742805
0.06693947 0.7186687 0.8125739 0.9987731 0.3709875
0.8687618 0.696789 0.1758191 0.4857129 0.9300458
0.6143153 0.02079398 0.02261102 0.1022498 0.5641864
0.2986054 0.4790882 0.7514636 0.6605369 0.467915
0.9494943 0.5956287 0.4241449 0.6116367 0.7847319
0.3538152 0.9059384 0.6153342 0.8359784 0.4300154
0.5193621 0.5124249 0.7630458 0.5984325 0.9089027
0.9731767 0.4647657 0.2263445 0.9813281 0.5767972
0.1920465 0.01213121 0.5575429 0.8639685 0.939537
0.8437404 0.7366571 0.3815498 0.203174 0.8026105
0.02316355 0.1940238 0.1215925 0.2640787 0.6811419
0.2387703 0.2492322 0.00669934 0.4935605 0.2023554
0.9849577 0.1746454 0.3338247 0.943217 0.8858002
0.5243259 0.1288746 0.8358083 0.4087707 0.3926405
0.9259568 0.4366212 0.6095777 0.8839371 0.8441346
0.6836203 0.09975488 0.1843285 0.5482068 0.9410208
0.8189621 0.3020882 0.1905148 0.8382708 0.189162
0.3396849 0.1963 0.6611384 0.2813818 0.9610553
0.9991334 0.08710449 0.6509533 0.5607714 0.6010669
0.168139 0.3275363 0.8698939 0.5671927 0.8480536
0.1240285 0.9282559 0.1465242 0.6644441 0.9527381
0.03834864 0.458426 0.334122 0.4682195 0.5412764
0.3891678 0.4514863 0.338361 0.1790569 0.1403918
0.470917 0.636152 0.2141587 0.02535318 0.01123491
0.7485311 0.7576977 0.6865719 0.01093609 0.7721085
0.5434396 0.9901777 0.2419593 0.5743866 0.1492949
0.7761695 0.5687837 0.7010882 0.9851673 0.1927465
0.5450745 0.2165245 0.9189749 0.06940475 0.4957899
0.7052799 0.3372108 0.6150052 0.4746039 0.7936575
0.08756313 0.3084428 0.3670075 0.03671412 0.06431871
0.9199188 0.838053 0.9922503 0.2607891 0.5680927
0.5599653 0.5828094 0.2430635 0.2939099 0.5746141
0.6626556 0.1604116 0.1269709 0.2682201 0.210638
0.3895766 0.6944525 0.6974349 0.4571974 0.1539758
0.9991323 0.7950245 0.6067104 0.7758304 0.6446098
0.9918232 0.4913629 0.5167577 0.5778743 0.2937286
0.06422462 0.736694 0.500424 0.1273487 0.6982065
0.445547 0.5815526 0.6654971 0.7396038 0.08026646
0.6787685 0.6573743 0.7396208 0.8201153 0.5270307
0.7827769 0.06369421 0.6033798 0.5425663 0.7193129
0.6181539 0.3091402 0.1079733 0.4633321 0.6914561
0.009840248 0.3347438 0.247032 0.8033327 0.9117021
0.5554486 0.7898898 0.8039226 0.9479045 0.6536002
0.8258637 0.6357506 0.3625125 0.3459979 0.9551342
0.9255925 0.8660718 0.0990787 0.3197501 0.385499
0.9260661 0.9743829 0.6870103 0.4197478 0.5897145
0.556602 0.4377097 0.9134496 0.380566 0.4102936
0.8844097 0.4962503 0.347398 0.6673121 0.4739259
0.451886 0.2545412 0.5345189 0.4601482 0.4951269
0.5438437 0.163658 0.3996348 0.8761474 0.7707526
0.6243866 0.1204351 0.8394149 0.1837226 0.07265594
0.1370181 0.4953707 0.6426065 0.2087652 0.7321401
0.2700035 0.3288367 0.9665712 0.4788725 0.403915
0.5119544 0.2755597 0.2513624 0.9929872 0.5500911
0.7091467 0.3740917 0.640473 0.2427298 0.2264264
0.5449398 0.2164755 0.1850133 0.3559637 0.8038432
0.8009186 0.08603095 0.6244811 0.5093108 0.4990818
0.7004358 0.2298375 0.921583 0.3258058 0.4095107
0.8496205 0.3633425 0.8954285 0.5540899 0.3616817
0.2926268 0.1511534 0.7473067 0.5473908 0.675694
0.2442529 0.2573349 0.1668993 0.917248 0.001834041
0.07458399 0.335919 0.8255666 0.506217 0.8834013
0.6685905 0.2595568 0.743549 0.217932 0.8034953
0.8029081 0.8952484 0.2187727 0.3669159 0.7810515
0.3101875 0.6856349 0.04220705 0.6303688 0.126426
0.3190002 0.02366362 0.8297631 0.4020154 0.4963742
0.5414567 0.7404047 0.3149291 0.7512317 0.2444841
0.7970347 0.1038218 0.2719938 0.1454569 0.6418436
0.2981877 0.4929775 0.9629765 0.5499335 0.09945784
0.3131862 0.2647786 0.9638607 0.8737022 0.4986248
0.460792 0.2857953 0.06319423 0.1436042 0.5674028
0.2091893 0.8336164 0.821202 0.1774913 0.3829359
0.1608625 0.2124839 0.8201307 0.4227081 0.7316254
0.9667485 0.1724888 0.594279 0.3572225 0.6591012
0.06567155 0.2696682 0.2817024 0.9805699 0.2833773
0.2405686 0.2270277 0.6055915 0.6741952 0.7493849
0.2826674 0.6840732 0.6269483 0.6798766 0.2793803
0.09575131 0.5457886 0.8638754 0.9352761 0.2815856
0.2533863 0.9986301 0.3627711 0.1219924 0.2849541
0.5835282 0.4410067 0.1585728 0.7172149 0.9149843
0.6375733 0.783109 0.891245 0.7101715 0.3450223
0.8542833 0.0802575 0.1297822 0.2210484 0.9234222
0.9009505 0.8744307 0.363091 0.002512225 0.8611122
0.6455829 0.6930944 0.6675471 0.1168357 0.152001
0.1751433 0.1943445 0.4242715 0.3757519 0.5039235
0.2752459 0.5593021 0.1459431 0.1841518 0.4029331
0.1974212 0.2279664 0.4417925 0.843313 0.9744473
0.9223533 0.4480369 0.2925593 0.5488185 0.6298799
0.2573007 0.4437427 0.2928259 0.7919238 0.7887978
0.8530765 0.4685074 0.4308703 0.3242567 0.1328819
0.4511206 0.7844247 0.2248589 0.05119974 0.4195548
0.8154843 0.5224857 0.9403488 0.7016655 0.1006696
0.5919138 0.1239642 0.3485908 0.529109 1
0.234853 0.3115377 0.5169285 0.1825246 0.2306351
0.04893599 0.4363121 0.5794428 0.1336337 0.8041869
0.5986578 0.7889335 0.4804014 0.894816 0.677979
0.5000972 0.5506258 0.7514965 0.6329729 0.9841741
0.5409685 0.2738095 0.6537678 0.04547788 0.2587904
0.2676663 0.7105338 0.1135448 0.0742828 0.8901812
0.7498402 0.004552692 0.4691559 0.8484124 0.03681165
0.1525225 0.6957823 0.3344808 0.6887545 0.1921039
0.0005484943 0.7688411 0.7041683 0.04210817 0.54552
0.5920408 0.4043478 0.3617274 0.5136811 0.8803089
0.9151994 0.02750244 0.3287206 0.2266149 0.7596563
0.6299231 0.1497748 0.08337508 0.2750375 0.8922178
