0.7633345 0.9106004 0.1594442 0.6383575 0.5633027
0.9954166 0.9407322 0.8222681 0.1542534 0.767469
0.2588959 0.4442534 0.9897559 0.9140343 0.04888932
0.9766258 0.5917025 0.8294873 0.2602513 0.2481714
0.8869738 0.2915748 0.4514107 0.8372427 0.7238514
0.10377 0.7665169 0.5208197 0.1573806 0.3045214
0.772932 0.7846739 0.6375558 0.7127739 0.104266
0.04268065 0.9857815 0.2968674 0.6300514 0.811675
0.8487274 0.5307037 0.3630269 0.9544804 0.5884998
0.1518666 0.8661448 0.8945963 0.5986314 0.8028523
0.8687071 0.8168986 0.9905094 0.1524664 0.6847548
0.5822175 0.5950613 0.7006005 0.2839645 0.6222561
0.7761348 0.3595912 0.8029681 0.3688147 0.8674411
0.2817805 0.185527 0.8369702 0.271865 0.1336117
0.8276555 0.296737 0.8474661 0.875975 0.392411
0.6577082 0.8296718 0.2032081 0.6404638 0.7389772
0.2374183 0.8756408 0.2656791 0.02169712 0.8382421
0.3156985 0.0316547 0.7919797 0.9873291 0.7102035
0.6690018 0.4315361 0.2200131 0.4277302 0.5992927
0.1074833 0.8812216 0.873804 0.2537881 0.7498978
0.2444044 0.6299783 0.4928265 0.3316674 0.1407593
0.4936659 0.334844 0.1881482 0.8012276 0.4727115
0.5213824 0.3605157 0.2726071 0.4940644 0.1735503
0.6893447 0.6656792 0.9247627 0.02214639 0.3256232
0.7618681 0.9971312 0.1671318 0.2658793 0.8370933
0.1124946 0.9335353 0.4282382 0.5807772 0.3093092
0.3587701 0.7500022 0.03012737 0.4149166 0.4929921
0.9417155 0.1352158 0.1271442 0.8397763 0.9646723
0.0318896 0.6569966 0.2238217 0.3841331 0.4981696
0.7469053 0.7816399 0.8849595 0.346071 0.5506742
0.4801876 0.02466422 0.03825549 0.5954291 0.06302772
0.2305352 0.8030014 0.2852991 0.2191265 0.9740114
0.5985312 0.9674173 0.03641149 0.5153189 0.609595
0.2325271 0.9662553 0.4434103 0.2639088 0.3085199
0.7937619 0.6922551 0.8945404 0.5616362 0.163009
0.5196713 0.1698047 0.9889215 0.7782366 0.2534309
0.06353036 0.5719521 0.01450473 0.3649136 0.2890527
0.7165173 0.946548 0.807174 0.8607866 0.8455178
0.6392599 1 0.2125054 0.9692684 0.6070761
0.3227273 0.8620371 0.6958038 0.5298399 0.4228636
0.3749187 0.8894763 0.02845375 0.6382486 0.5916495
0.4828467 0.006100389 0.9445579 0.6384796 0.3630056
0.09496456 0.07447307 0.3174193 0.01821332 0.004828999
0.4262105 0.983993 0.7024657 0.5586136 0.3825515
0.9939411 0.7997006 0.2447196 0.3173152 0.9147359
0.5650972 0.5050116 0.7679545 0.8272876 0.4066588
0.9200391 0.7490524 0.2073203 0.9811692 0.7712849
0.06246683 0.3287273 0.9524585 0.8682139 0.5237103
0.5391349 0.4094082 0.6469422 0.9680415 0.97252
0.6065261 0.2630437 0.6391488 0.7748267 0.8559733
0.6145091 0.1299423 0.02449268 0.9283551 0.6097356
0.6742402 0.9447195 0.3801227 0.2470334 0.0431015
0.5503854 0.2417998 0.2484217 0.2879271 0.7653484
0.4827312 0.717952 0.3423291 0.5248963 0.8620286
0.9460288 0.2542115 0.7326288 0.8397613 0.5571776
0.6545698 0.4654202 0.8442036 0.6605931 0.9953826
0.2920603 0.5371094 0.8234155 0.1013434 0.6141178
0.4905653 0.1708659 0.1535059 0.1978503 0.4289459
0.2690361 0.4860508 0.3649483 0.9556528 0.1894123
0.9283627 0.9994509 0.1020383 0.1052919 0.3460181
0.1857904 0.8941758 0.2494287 0.1754355 0.1991664
0.6108411 0.6228905 0.1652372 0.9369349 0.2026873
0.7029341 0.04266919 0.603038 0.4568117 0.3759168
0.09775762 0.3755152 0.8755142 0.6343147 0.7101747
0.4764253 0.5149795 0.1485912 0.581023 0.5695556
0.3084276 0.4037113 0.9794431 0.5772156 0.5818689
0.4314156 0.7905487 0.5978831 0.5802655 0.2891384
0.3375383 0.7505797 0.5192973 0.3150803 0.1563467
0.9713237 0.8905946 0.9845389 0.9315249 0.2382302
0.7768907 0.9468997 0.1926106 0.3378019 0.7327295
0.6472787 0.9438358 0.7198488 0.4301563 0.2901391
0.6328395 0.08769212 0.4463978 0.2426093 0.2428853
0.311907 0.1831414 0.3064576 0.4532187 0.7466092
0.5250169 0.2435008 0.5320511 0.7414239 0.5796741
0.1299056 0.6989479 0.4411154 0.9036257 0.5967793
0.00281171 0.5783645 0.1345036 0.9212505 0.7866401
0.9354038 0.1671436 0.6525097 0.06689957 0.03965215
0.6766727 0.9321216 0.4356521 0.758766 0.08116377
0.05089205 0 0.5715055 0.7508849 0.1487301
0.7161528 0.0137816 0.5830413 0.3437299 0.8400991
0.3627076 0.4174723 0.2234694 0.8851296 0.931808
0.808233 0.5741667 0.1997872 0.1844995 0.9099516
0.6569605 0.1486999 0.8657269 0.0742721 0.715763
0.8937099 0.9470253 0.5068482 0.5635344 0.3708092
0.2120883 0.5905922 0.3426354 0.7939709 0.04485742
0.553642 0.6396918 0.4374483 0.6742273 0.3290361
0.03085313 0.1583639 0.7072546 0.8390369 0.5211691
0.4802576 0.5513301 0.9956743 0.6732776 0.6880121
0.8664914 0.1452579 0.661142 0.4319239 0.02904094
0.8558656 0.0960286 0.7855041 0.4740801 0.3607738
0.2692395 0.9617989 0.5846687 0.7126623 0.2144335
0.4197474 0.9764321 0.6724486 0.1790389 0.1217235
0.2338309 0.4273442 0.5016769 0.02744881 0.8966656
0.5509854 0.8050694 0.700373 0.8140391 0.5531855
0.2073454 0.1698696 0.6076451 0.0260764 0.5491922
0.3389537 0.4930228 0.6689462 0.7249006 0.7196106
0.2469847 0.5747956 0.3812885 0.2363588 0.6036703
0.2254106 0.3975863 0.4762863 0.7625927 0.2486934
0.03099733 0.8429235 0.2034921 0.006257258 0.549563
0.2388105 0.7237189 0.4934188 0.7635971 0.3437155
0.6929262 0.6745037 0.1353812 0.8251896 0.6360878
0.4349815 0.2128774 0.91107 0.3633784 0.657985
0.3654781 0.7682811 0.5158721 0.8575125 0.1284066
0.9952526 0.3633515 0.3166663 0.8150294 0.2608623
0.7968558 0.8498971 0.1614525 0.1232717 0.7871506
0.2365917 0.986524 0.4580467 0.6377238 0.4095484
0.1268959 0.2587975 0.7609542 0.5726623 0.6236962
0.3408293 0.9331584 0.8779213 0.6817614 0.7508928
0.3115642 0.1694175 0.2454969 0.6185703 0.03045396
0.5543131 0.3351971 0.7939386 0.4838052 0.4006772
0.5408717 0.7537391 0.8862521 0.1483274 0.3436593
0.3960901 0.2008189 0.9844929 0.4698642 0.9283379
0.6215509 0.600254 0.6395941 0.860017 0.613819
0.4160892 0.7098502 0.720383 0.5234112 0.8679537
0.7067123 0.4523644 0.5758062 0.08999444 0.1501421
0.183518 0.2792509 0.2660174 0.1976987 0.9112926
0.4341797 0.5744872 0.9898203 0.5815439 0.4418255
0.2699928 0.712548 0.01117993 0.3272377 0.1030567
0.9547257 0.363184 0.789611 0.6215498 0.8956529
0.3926676 0.03047208 0.6012669 0.7402013 0.7270901
0.2972716 0.5147515 0.2854317 0.7954937 0.3763882
0.7571678 0.8782722 0.6682052 0.9282321 0.5898853
0.6283516 0.2696801 0.5185051 0.06963796 0.5463385
0.2717419 0.3938302 0.9032765 0.9958362 0.863978
0.8659463 0.8426237 0.03734003 0.8740403 0.5813509
0.6607077 0.5269793 0.04670044 0.787433 0.6684401
0.6809195 0.781152 0.6513137 0.5502688 0.4940735
0.2554451 0.03271337 0.01201414 0.2511312 0.4665688
0.6987573 0.3042257 0.0007769121 0.8275367 0.0449844
0.8859527 0.8333269 0.1088314 0.7133553 0.6138851
0.2479914 0.9060497 0.8056869 0.8847148 0.9121197
0.3056799 0.8445446 0.2616238 0.8690027 0.1586139
0.2500728 0.2369071 0.7699709 0.9390679 0.5570927
0.02749561 0.07414586 0.9675909 0.8760312 0.03391923
0.3419187 0.5487706 0.7963832 0.5239145 0.4111537
0.5579237 0.6074097 0.3164539 0.433357 0.3302966
0.8663957 0.8605581 0.5563407 0.01851195 0.4629516
0.5773082 0.498567 0.4418382 0.333849 0.7367374
0.9966445 0.5132592 0.621039 0.290622 0.5522492
0.9595545 0.864543 0.7656394 0.5125688 0.2923777
0.6466324 0.4452075 0.7509207 0.2857383 0.7666411
0.5026143 0.6206853 0.9714164 0.137879 0.9375545
0.143822 0.6039276 0.7529485 0.9470836 0.9036137
0.1216315 0.6728992 0.02767565 0.6688869 0.5572348
0.1572234 0.6033596 2.994023e-05 0.4827478 0.7469175
0.3179919 0.2010833 0.5600342 0.8666429 0.970685
0.03728362 0.9689848 0.4335107 0.757071 0.6083908
0.6837495 0.338138 0.8893481 0.8601693 0.1075036
0.8668774 0.7104979 0.5431468 0.3795074 0.126728
0.1719162 0.7177802 0.2772469 0.6774109 0.5820384
0.9076414 0.3305994 0.0983815 0.7661395 0.4569715
0.3033219 0.7472868 0.7986143 0.3360734 0.7419472
0.5832494 0.4679676 0.239423 0.04472679 0.06628254
0.3255209 0.06589849 0.2406457 0.9979482 0.6548776
0.6360371 0.767119 0.8620584 0.8585122 0.00745208
0.2615993 0.7954189 0.6949821 0.5590145 0.6524376
0.5382019 0.3823983 0.1388591 0.9093243 0.3738704
0.680824 0.8497273 0.6497769 0.006951374 0.4477793
0.5470789 0.4107468 0.4068606 0.2708764 0.545111
0.6857851 0.922748 0.05873708 0.3960675 0.6317324
0.7544338 0.6497009 0.3038817 0.5559932 0.3612765
0.3584211 0.8503814 0.7491826 0.08082443 0.1843684
0.7036879 0.2974553 0.002589167 0.5212052 0.1533606
0.06612666 0.08519911 0.7137732 0.1902229 0.6282077
0.7436383 0.3107823 0.6110812 0.05628649 0.4286827
0.7921921 0.5706564 0.4878063 0.08431756 0.8344784
0.2293305 0.1423916 0.6916692 0.9590904 0.1616975
0.6271988 0.343202 0.9285002 0.8215479 0.06511487
0.102411 0.4195284 0.05863075 0.7475899 0.02707028
0.009422064 0.5709693 0.04532535 0.001003365 0.733484
0.6424098 0.9494694 0.8022349 0.994046 0.9739452
0.8250431 0.001421651 0.04236131 0.4832579 0.413254
0.97758 0.7668525 0.9830418 0.9870624 0.6429682
0.3134645 0.4129248 0.09783487 0.997003 0.5503762
0.9849893 0.1528924 0.3144633 0.1906489 0.2244296
0.03324779 0.1891918 0.4201006 0.05771768 0.02589837
0.100848 0.5564099 0.876112 0.4363918 0.9890965
0.3049074 0.5526367 0.5123038 0.8071995 0.6423902
0.3397453 0.03982235 0.226167 0.9982234 0.9333695
0.653362 0.07157511 0.2732758 0.3489088 0.1696269
0.344203 0.8532767 0.4887572 0.4705497 0.9954333
0.3507448 0.8642117 0.7691964 0.5489521 0.850568
0.2651164 0.2436184 0.1489461 0.3909648 0.1920728
0.4318236 0.3756988 0.7062449 0.6093358 0.4510636
0.9450719 0.6732512 0.7276535 0.4643923 0.6882546
0.0180154 0.5026001 0.04967326 0.21828 0.3706777
0.8252254 0.9216376 0.3418049 0.5844408 0.3247715
0.4906132 0.9755514 0.9534843 0.1998676 0.1130331
0.3109857 0.2053394 0.371616 0.423783 0.5080513
0.6596079 0.9679448 0.5687306 0.6576016 0.3806015
0.9362897 0.3158356 0.6253185 0.7852036 0.2577567
0.6252094 0.08343719 0.2572714 0.4083549 0.2535117
0.633399 0.6305388 0.3088094 0.3414887 0.7564744
0.1097631 0.8954333 0.5029078 0.3516932 0.545923
0.1853641 0.2210668 0.9416147 0.5619502 0.9068911
0.3658458 0.3765173 0.2251473 0.6188841 0.2664415
0.6349888 0.1497591 0.9740758 0.7707165 0.9407257
0.41984 0.3047988 0.7515324 0.7049102 0.6110806
0.5073715 0.9037267 0.3179265 0.009640037 0.5536454
0.8885092 0.3184169 0.7246504 0.7144663 0.3940404
0.3198351 0.9860865 0.1280476 0.1562196 0.1748996
0.7334972 0.5323158 0.7500361 0.8558997 0.8583905
0.9607361 0.3918475 0.6574675 0.8143794 0.6090433
0.2097458 0.6622161 0.9720334 0.8444938 0.509566
0.06812968 0.6536955 0.1745008 0.3651869 0.2453942
0.09075349 0.9485063 0.31756 0.6713968 0.291085
0.5779476 0.8850562 0.7008132 0.759281 0.2662761
0.6086546 0.02082128 0.9057552 0.5234992 0.167598
0.4584155 0.4551542 0.5029383 0.5438466 0.5864589
0.8140851 0.6809962 0.3962004 0.7215 0.7614571
0.4667368 0.5630471 0.4629911 0.9238146 0.4427691
0.7655996 0.2523383 0.1020213 0.5731745 0.8184977
0.3517743 0.3872176 0.06736977 0.7320236 0.4074785
0.2770321 0.9110916 0.5057004 0.7010617 0.975541
0.5681884 0.4653116 0.3166021 0.8653929 0.604052
0.2720999 0.02151333 0.5386961 0.7637482 0.04163977
0.8226093 0.7288946 0.7996377 0.4188129 0.410913
0.5510706 0.5134215 0.6814732 0.6215189 0.2609943
0.1386513 0.7748441 0.4230133 0.6721843 0.3884682
0.4075552 0.4791569 0.7455272 0.3257139 0.8984127
0.2183867 0.08363097 0.5235145 0.8561238 0.5767211
0.3154603 0.08921343 0.8289949 0.1321999 0.5303754
0.7611237 0.6930617 0.2128909 0.6826524 0.1858886
0.1352583 0.8238881 0.1738961 0.8802946 0.03036992
0.1620142 0.6634014 0.6653816 0.6541129 0.4638112
0.3785194 0.7973446 0.3589421 0.716672 0.5442566
0.8249595 0.7966406 0.1309118 0.3407602 0.2733054
0.4798743 0.2636202 0.08871304 0.7595415 0.955437
0.2232227 0.01582633 0.8784136 0.1853909 0.4619939
0.3580441 0.4863948 0.889652 0.7466803 0.3390801
0.9826497 0.5787272 0.1700152 0.9109633 0.2230351
0.2734676 0.4993737 0.6427902 0.8227486 0.8451452
0.9730966 0.01997603 0.8349999 0.1277027 0.08627603
0.3595065 0.4057019 0.2312684 0.1395386 0.7044441
0.2195586 0.1969373 0.2028492 0.9632688 0.07877543
0.9894683 0.9870893 0.6136359 0.7915329 0.01925738
0.3202929 0.008381582 0.2182246 0.310375 0.3984993
0.5107997 0.5753788 0.07335406 0.0673091 0.9724353
0.617968 0.4790195 0.06543724 0.3568581 0.9244104
0.6587578 0.1514591 0.1677877 0.04371627 0.3948202
0.7828547 0.19533 0.3757658 0.1382531 0.05246314
0.01742427 0.03335093 0.9186703 0.1728872 0.4751246
0.7502362 0.3500657 0.1799051 0.5048474 0.2082791
0.8889111 0.009051252 0.2171439 0.8660067 0.7377931
0.9457321 0.1834045 0.6047866 0.06263 0.6548431
0.02792063 0.2712417 0.4493354 0.6958876 0.9017117
0.9441681 0.6143488 0.785397 0.3538019 0.8540612
0.7484179 0.7179665 0.7019752 0.9175986 0.8629922
0.6468533 0.0002376331 0.3393468 0.2364453 0.6996506
0.4951821 0.07930048 0.4916787 0.1494707 0.4411581
