0.8354825 0.09017547 0.339682 0.4349865 0.6888045
0.08300395 0.8624621 0.6551801 0.2313788 0.8924279
0.619847 0.2250448 0.5156556 0.6416534 0.0977854
0.8197513 0.4182187 0.08008118 0.7877396 0.8308889
0.08535365 0.5186336 0.4462073 0.8501685 0.4540795
0.6230895 0.2267632 0.4716167 0.4821184 0.9499541
0.4889296 0.6158922 0.7636904 0.4036217 0.3771151
0.294777 0.4600385 0.06626478 0.8840335 0.4903357
0.1856531 0.2627213 0.9412566 0.8088069 0.3161821
0.3078762 0.2753559 0.5547709 0.340294 0.03763328
0.4463411 0.6361522 0.9501629 0.6396564 0.6563749
0.3334259 0.7233361 0.1114519 0.8421092 0.2000162
0.8963803 0.8735031 0.6222268 0.3033283 0.6127679
0.6279414 0.3708589 0.8546871 0.609757 0.3693959
0.2781386 0.8011335 0.4630083 0.14652 0.2904682
0.5927146 0.7628503 0.7131709 0.825063 0.2555037
0.8108691 0.7677033 0.1414624 0.05564279 0.9996039
0.9053266 0.1682606 0.04630667 0.4814304 0.2712836
0.7015179 0.07214034 0.1072767 0.2590609 0.02348788
0.6889354 0.3315772 0.2165056 0.6376192 0.6215
0.7875525 0.002319907 0.514624 0.9070255 0.7080273
0.5025247 0.3171535 0.7024251 0.8089148 0.03312099
0.3569413 0.7348259 0.6044243 0.5973084 0.8419619
0.8874447 0.002597729 0.6837385 0.1438402 0.7884651
0.8202461 0.1587181 0.6692154 0.3442792 0.05807016
0.1565244 0.4226421 0.9845473 0.8578578 0.9059684
0.6858877 0.08036025 0.7053264 0.46168 0.3004201
0.657445 0.2956914 0.9178764 0.05743631 0.5178553
0.1517931 0.8485934 0.2251784 0.5337 0.3288406
0.9667652 0.008831779 0.5882818 0.7595874 0.4092902
0.886569 0.5107646 0.5207601 0.1610742 0.2313706
0.4487541 0.02066722 0.3792852 0.8481165 0.6501047
0.8908934 0.3007002 0.2549489 0.4321385 0.4388457
0.9494525 0.2811589 0.5234003 0.2913568 0.7255953
0.2641364 0.2289503 0.2083422 0.6330814 0.1395005
0.9547597 0.8527751 0.6887202 0.1509435 0.9522961
0.2179309 0.9372454 0.353717 0.4494537 0.9162596
0.6721529 0.8509887 0.5075999 0.42231 0.02526424
0.3866951 0.4000233 0.8632058 0.1076859 0.9915588
0.7355547 0.4177958 0.8739321 0.752737 0.5296706
0.8072823 0.9973642 0.8034387 0.2437951 0.08930932
0.07131235 0.7325007 0.01122387 0.9295275 0.7295714
0.02553298 0.8345621 0.5102709 0.5860991 0.1218882
0.4350773 0.2239414 0.3629296 0.543127 0.8491756
0.7861547 0.6819012 0.1486441 0.08941787 0.3936102
0.6880317 0.3185699 0.8065298 0.2547085 0.7191669
0.6712422 0.3328726 0.4070634 0.02330777 0.01164969
0.3617929 0.8617598 0.9402216 0.2548743 0.7243799
0.2606601 0.7173633 0.9249445 0.04936777 0.2635448
0.3482796 0.068941 0.4334902 0.9608591 0.3807839
0.8707119 0.7390082 0.1427852 0.3217728 0.7300707
0.4904374 0.6038354 0.1417678 0.6396549 0.325469
0.9514695 0.8057546 0.02311898 0.7915893 0.3130632
0.4183201 0.5503731 0.7374302 0.3803958 0.9017072
0.375963 0.007998828 0.2004502 0.7579486 0.341424
0.3110206 0.2376346 0.7147826 0.258461 0.4930482
0.7978843 0.632331 0.6138242 0.7159775 0.5412969
0.5332389 0.8115115 0.8357969 0.3130758 0.270105
0.03653535 0.4008582 0.1871455 0.2750033 0.1953763
0.6830256 0.8713579 0.03479377 0.1361813 0.7032557
0.7693731 0.09205741 0.6255125 0.4204978 0.4171871
0.1193956 0.6852816 0.6736208 0.3759243 0.8703986
0.4359999 0.3295475 0.1320307 0.3707804 0.9839483
0.9602889 0.5174187 0.4030219 0.6575908 0.09012654
0.7560629 0.7131856 0.9300616 0.7389219 0.2507295
0.149461 0.6613346 0.5289596 0.8814746 0.8927276
0.5538824 0.7850273 0.2951495 0.2107867 0.6105912
0.3114012 0.5239884 0.3528442 0.447481 0.9990803
0.02659264 0.5459115 0.6253726 0.8056916 0.5734928
0.2768376 0.1110426 0.7627253 0.09885225 0.3401631
0.9499724 0.3789057 0.9435573 0.7318458 0.0410013
0.04871595 0.2380602 0.7825463 0.6380557 0.8647683
0.7444181 0.5021936 0.2287408 0.2950905 0.4874266
0.1002148 0.16464 0.3445367 0.9033055 0.05691244
0.7603216 0.1454966 0.1021043 0.5594404 0.3869709
0.9402027 0.316138 0.6469197 0.6793591 0.5331724
0.103367 0.2092683 0.8098363 0.0004229457 0.7009849
0.8943845 0.8716895 0 0.8647644 0.02206519
0.09190143 0.3331144 0.2634889 0.6718672 0.6199018
0.5827121 0.4139578 0.6175715 0.4497587 0.04645938
0.127026 0.0683568 0.1642594 0.9440293 0.8119628
0.6816723 0.8235488 0.1254213 0.6159684 0.8037629
0.2044829 0.6920915 0.7043099 0.2513375 0.6694919
0.2768451 0.1076965 0.9746617 0.6385514 0.6839168
0.5344218 0.3365244 0.8220172 0.7881038 0.9661218
0.3615899 0.4181633 0.4192338 0.1511516 0.7043052
0.7839238 0.06740967 0.391668 0.8208925 0.8568099
0.5821567 0.1123474 0.1246123 0.2808166 0.5911288
0.6714106 0.3597871 0.6251114 0.809285 0.3056279
0.7588311 0.3925182 0.5777625 0.9419767 0.5952082
0.08765697 0.8583231 0.670722 0.8077604 0.7750052
0.471933 0.001589001 0.9035798 0.5146621 0.2600892
0.1812417 0.890341 0.1109064 0.5794244 0.9951902
0.4929399 0.5631513 0.3433769 0.3196808 0.4719572
0.5455042 0.9664466 0.3417028 0.4570642 0.1833708
0.7981684 0.8875207 0.811745 0.8587546 0.3202506
0.1272975 0.9669526 0.001971548 0.6811216 0.06605372
0.3099712 0.9117312 0.6881103 0.1754909 0.684477
0.9204592 0.8919948 0.41791 0.427834 0.8465881
0.6261844 0.30703 0.5303731 0.405265 0.5286837
0.6028347 0.8384141 0.8567153 0.7160585 0.8033649
0.3604794 0.2746185 0.5266145 0.5915719 0.236992
0.06320502 0.6193677 0.3212488 0.0481382 0.2801493
0.09919493 0.004447556 0.3569115 0.6101761 0.1668692
0.6091892 0.01248121 0.1849988 0.8418512 0.8431163
0.5098701 0.1181032 0.289424 0.6946878 0.4652792
0.3358457 0.9967709 0.6567077 0.6920542 0.13799
0.05115194 0.994514 0.6923563 0.1701596 0.3088987
0.1619055 0.9724689 0.154239 0.7884202 0.6329484
0.7117147 0.1553044 0.9104843 0.06187746 0.9712765
0.7681647 0.1829132 0.1466118 0.5062908 0.8340018
0.7251041 0.3401984 0.7485366 0.8858982 0.1450849
0.2150655 0.005933962 0.8456291 0.6586718 0.8400133
0.05378021 0.7621254 0.9566406 0.3937909 0.08013992
0.1715185 0.8305931 0.3114569 0.6845066 0.9770123
0.3017615 0.2319001 0.7196486 0.8452236 0.2107014
0.2725189 0.8372311 0.1089791 0.1287288 0.4781384
0.2784789 0.3615804 0.4927908 0.874148 0.4203701
0.2874139 0.1646497 0.1461994 0.02638228 0.2457114
0.006979393 0.5379497 0.4881727 0.4093756 0.06540084
0.5557892 0.09243722 0.8281724 0.3786739 0.4911005
0.1774658 0.3390504 0.3619099 0.9559689 0.5544987
0.6293373 0.3126393 0.2478307 0.91987 0.7162025
0.648469 0.8497312 0.9189509 0.1625873 0.5340897
0.04651116 0.2173452 0.9277316 0.2240968 0.3776897
0.7249475 0.3790634 0.7656327 0.6072422 0.9186105
0.6700055 0.9411557 0.2557345 0.1274297 0.3806698
0.9817927 0.4444322 0.08940842 0.7367172 0.2645336
0.9286256 0.04813577 0.7378514 0.1717212 0.06763825
0.310663 0.9544992 0.7039519 0.2924537 0.4645467
0.3834626 0.8178993 0.4513992 0.8498967 0.1601839
0.005383052 0.1996623 0.8855766 0.7723146 0.7477362
0.2596712 0.002371098 0.3277768 0.5815367 0.6990529
0.3843107 0.4956596 0.9369883 0.3964068 0.2787291
0.7784785 0.2633467 0.3040834 0.2648735 0.4992819
0.234496 0.3422751 0.02835058 0.8331739 0.2191435
0.2415993 0.7248435 0.4074158 0.6282758 0.3349565
0.7357519 1 0.2127848 0.5134399 0.9524945
0.1567192 0.3366803 0.05720171 0.08634252 0.6820402
0.6548107 0.9575959 0.6067569 0.7211585 0.497903
0.8823344 0.8729164 0.05517709 0.675892 0.4068773
0.7372309 0.8105161 0.1792516 0.9900034 0.6602857
0.3520992 0.7927672 0.424628 0.4459573 0.2229512
0.8354872 0.6558534 0.7184161 0.9480288 0.8169796
0.5614666 0.5062504 0.8523377 0.8466003 0.0938645
0.4091763 0.3943036 0.193494 0.2631172 0.7463273
0.9383339 0.008895632 0.223695 0.1570961 0.06150106
0.3069701 0.5230576 0.3097955 0.1049709 0.5258188
0.5028425 0.4465567 0.8570164 0.6835897 0.9897
0.9803033 0.003651716 0.2735146 0.3067208 0.2419015
0.3149335 0.5258194 0.3904668 0.9086697 0.5089016
0.05641157 0.2131682 0.4576265 0.3460962 0.4688766
0.4873279 0.1481182 0.9691965 0.712087 0.402102
0.113624 0.4027684 0.4233615 0.9578912 0.1311938
0.918238 0.4504067 0.3525227 0.4599609 0.006259413
0.7550996 0.5556768 0.8380104 0.2370647 0.2418132
0.8895863 0.1049181 0.3432545 0.3119387 0.0001414267
0.7634461 0.7951366 0.1450324 0.8256767 0.2826207
0.2496352 0.9297047 0.212659 0.5289978 0.7273512
0.3325148 0.2738781 0.5000092 0.8398491 0.2337211
0.5491993 0.7636297 0.6044979 0.5783537 0.7611783
0.8428869 0.2588769 0.4112749 0.6243414 0.9961749
0.8350214 0.901674 0.674495 0.4330882 0.5283409
0.2636195 0.803151 0.5598763 0.9018383 0.9617851
0.5802617 0.5782794 0.3021327 0.4804772 0.4933421
0.1397149 0.4466942 0.8186072 0.6879241 0.03748202
0.07900704 0.7289664 0.03206931 0.6419227 0.787806
0.3355707 0.9026805 0.3062772 0.3677854 0.9998442
0.1896829 0.2876061 0.3249389 0.3815506 0.5058086
0.1360129 0.8492531 0.3853086 0.4524624 0.05581784
0.2277602 0.9146382 0.4649426 0.9957094 0.2825381
0.9626166 0.294492 0.3752026 0.6918286 0.5598031
0.4729942 0.6284657 0.7156093 0.1277425 0.7637273
0.7794572 0.6252671 0.5689889 0.6916108 0.1993706
0.6906007 0.9297292 0.6236406 0.04218204 0.05377543
0.4986101 0.481712 0.7137485 0.4911708 0.2860598
0.5033134 0.01672649 0.8210083 0.817871 0.7313516
0.2108275 0.3851514 0.6092522 0.07118265 0.521217
0.864191 0.1932972 0.4908355 0.836991 0.8783227
0.5708438 0.8875439 0.1529428 0.9455011 0.9454521
0.1360084 0.291342 0.0006078454 0.9456981 0.1008779
0.5231344 0.8323912 0.8732009 0.1068993 0.4778279
0.5628706 0.3194148 0.8881621 0.4959429 0.4031742
0.3836266 0.500974 0.4469411 0.6886086 0.6663873
0.3525308 0.5260249 0.2886462 0.5919904 0.9984323
0.906136 0.7344068 0.9671764 0.3588477 0.02569434
0.3376187 0.571845 0.8101824 0.2179126 0.3201365
0.608044 0.4600003 0.608733 0.01903588 0.02806437
0.4819047 0.6774435 0.03925381 0.1530495 0.1193665
0.4389859 0.1114812 0.9439343 0.4475756 0.11397
0.7619135 0.4969515 0.03918661 0.07877171 0.9893452
0.353615 0.9510963 0.2424797 0.3353439 0.2248102
0.2507345 0.9802 0.5549068 0.9788546 0.08031381
0.4565267 0.9171023 0.5671702 0.4472675 0.9184102
0.1746981 0.1941973 0.4359317 0.8389884 0.0548556
0.4365321 0.4252044 0.9121445 0.3031262 0.979445
0.4054222 0.8837507 0.5423163 0.5476398 0.06317773
0.5731056 0.6578613 0.2806818 0.7457567 0.5996539
0.2529434 0.6883261 0.989254 0.6155479 0.08779398
0.009260027 0.1870416 0.8794438 0.6975119 0.8441464
0.3885539 0.2202391 0.2939886 0.6199164 0.6502569
0.3857906 0.9518993 0.9512069 0.1823771 0.1388085
0.07916362 0.1071489 0.8606119 0.4968569 0.5386276
0.7005146 0.0451482 0.3099907 0.9269168 0.5383735
0.06978676 0.1453534 0.2626659 0.261295 0.6517553
0.7132944 0.2693055 0.4336994 0.3204484 0.6391916
0.8375131 0.7156132 0.7433807 0.4451752 0.6206099
0.411239 0.5970506 0.2451933 0.1706878 0.995583
0.6975206 0.4507038 0.5775638 0.6694346 0.6571754
0.4919466 0.5408245 0.8393927 0.2188143 0.5716932
0.04867829 0.904266 0.4731913 0.1030483 0.5506735
0.1737554 0.6418284 0.207918 0.08049725 0.4620585
0.2023682 0.8969919 0.3021136 0.6607334 0.4709893
0.7954396 0.9252659 0.9427126 0.003906273 0.07140609
0.671769 0.8158261 0.2838566 0.368238 0.437906
0.2149566 0.3775398 0.6564741 0.7636632 0.06433562
0.9503638 0.8890477 0.889515 0.1850312 0.9802786
0.5686029 0.8252149 0.5299419 0.3770394 0.04771626
0.697613 0.2040237 0.4218714 0.008517966 0.9603585
0.7095148 0.1970307 0.1342677 0.5591783 0.4381779
0.0963593 0.3367665 0.7645178 0.8458517 0.5575793
0.0288963 0.3597174 0.1635577 0.2186892 0.9727089
0.7288922 0.4412651 0.2805365 0.3560211 0.3162004
0.8341357 0.9716939 0.9374641 0.9617887 0.4447894
0.03228385 0.4189604 0.7996779 0.2799619 0.4271747
0.1514601 0.04661443 0.2793738 0.58013 0.05275254
0.3372248 0.05483082 0.3283635 0.2952961 0.2525976
0.06271369 0.2724052 0.1572766 0.609916 0.02015471
0.2210089 0.4922748 0.3688786 0.9619288 0.9833045
0.4555178 0.4604827 0.5292913 0.2020461 0.7711718
0.8215065 0.8359906 0.4009018 0.8818221 0.3519374
0.01580144 0.5100559 0.6985929 0.1821081 0.09546214
0.2781186 0.1589871 0.3128818 0.7150068 0.6848783
0.538206 0.651986 0.5878047 0.1790747 0.2812727
0.3909901 0.3365393 0.8771914 0.4656352 0.375287
0.4256318 0.9319713 0.08321799 0.98569 0.131228
0.5798994 0.6120328 0.9004281 0.9079151 0.7765112
0.258506 0.1083529 0.05864273 0.8725866 0.8378339
0.9845224 0.9270127 0.03346204 0.4871125 0.6177621
0.8809799 0.2755794 0.1984922 0.6636851 0.320065
0.3613351 0.09937265 0.06573747 0.5145533 0.1098895
0.7774072 0.5361683 0.8041351 0.3612342 0.9363598
0.8225922 0.1701698 0.3094905 0.04737414 0.1238514
0.9494961 0.1342318 0.2013169 0.4591712 0.5928252
0.6814896 0.4403142 0.9979978 0.7683898 0.5385824
0.04284455 0.1935969 0.01702251 0.7613562 0.7147469
0.9602721 0.3773207 0.7083848 0.7897322 0.2492542
0.5750434 0.3783374 0.5311347 0.6614262 0.8736714
0.3946041 0.3371633 0.509706 0.4926081 0.0521146
0.2231544 0.1886893 0.9063544 0.3297555 0.5979209
